sim,start,team,opp,player,role,pass_att,pass_comp,pass_yds,pass_td,INT,sacks,rush_att,rush_yds,rush_td,rec,tgt,rec_yds,rec_td
0,A,LSU,Texas A&M,Garrett Nussmeier,QB,26,18,177.6,0,0,4,0,0.0,0,0,0,0.0,0
0,A,LSU,Texas A&M,Caden Durham,Rusher,0,0,0.0,0,0,0,12,35.6,0,0,0,0.0,0
0,A,LSU,Texas A&M,Ju'Juan Johnson,Rusher,0,0,0.0,0,0,0,4,29.8,1,0,0,0.0,0
0,A,LSU,Texas A&M,Harlem Berry,Rusher,0,0,0.0,0,0,0,6,3.1,0,0,0,0.0,0
0,A,LSU,Texas A&M,Kaleb Jackson,Rusher,0,0,0.0,0,0,0,1,3.1,0,0,0,0.0,0
0,A,LSU,Texas A&M,Other RB,Rusher,0,0,0.0,0,0,0,3,13.2,0,0,0,0.0,0
0,A,LSU,Texas A&M,Barion Brown,Receiver,0,0,0.0,0,0,0,0,0.0,0,5,6,58.4,0
0,A,LSU,Texas A&M,Nic Anderson,Receiver,0,0,0.0,0,0,0,0,0.0,0,1,1,17.9,0
0,A,LSU,Texas A&M,Aaron Anderson,Receiver,0,0,0.0,0,0,0,0,0.0,0,5,9,59.7,0
0,A,LSU,Texas A&M,Trey'Dez Green,Receiver,0,0,0.0,0,0,0,0,0.0,0,0,1,0.0,0
0,A,LSU,Texas A&M,Bauer Sharp,Receiver,0,0,0.0,0,0,0,0,0.0,0,3,3,22.9,0
0,A,LSU,Texas A&M,Chris Hilton Jr.,Receiver,0,0,0.0,0,0,0,0,0.0,0,1,1,0.6,0
0,A,LSU,Texas A&M,Other WR,Receiver,0,0,0.0,0,0,0,0,0.0,0,2,2,18.1,0
0,A,LSU,Texas A&M,Zavion Thomas,Receiver,0,0,0.0,0,0,0,0,0.0,0,0,2,0.0,0
0,A,LSU,Texas A&M,Kyle Parker,Receiver,0,0,0.0,0,0,0,0,0.0,0,1,1,0.0,0
0,A,Texas A&M,LSU,Marcel Reed,QB,23,16,234.7,1,0,4,0,0.0,0,0,0,0.0,0
0,A,Texas A&M,LSU,Le'Veon Moss,Rusher,0,0,0.0,0,0,0,15,55.7,0,0,0,0.0,0
0,A,Texas A&M,LSU,Marcel Reed,Rusher,0,0,0.0,0,0,0,6,12.5,0,0,0,0.0,0
0,A,Texas A&M,LSU,Amari Daniels,Rusher,0,0,0.0,0,0,0,4,14.3,0,0,0,0.0,0
0,A,Texas A&M,LSU,E.J. Smith,Rusher,0,0,0.0,0,0,0,2,11.5,1,0,0,0.0,0
0,A,Texas A&M,LSU,Rueben Owens,Rusher,0,0,0.0,0,0,0,5,17.3,1,0,0,0.0,0
0,A,Texas A&M,LSU,Miles O'Neill,Rusher,0,0,0.0,0,0,0,1,8.4,0,0,0,0.0,0
0,A,Texas A&M,LSU,Other WR,Receiver,0,0,0.0,0,0,0,0,0.0,0,2,3,12.0,0
0,A,Texas A&M,LSU,Mario Craver,Receiver,0,0,0.0,0,0,0,0,0.0,0,6,8,84.4,0
0,A,Texas A&M,LSU,Terry Bussey,Receiver,0,0,0.0,0,0,0,0,0.0,0,2,2,38.9,0
0,A,Texas A&M,LSU,Kevin Concepcion,Receiver,0,0,0.0,0,0,0,0,0.0,0,4,8,59.7,0
0,A,Texas A&M,LSU,Theo Melin Ohrstrom,Receiver,0,0,0.0,0,0,0,0,0.0,0,1,1,18.3,0
0,A,Texas A&M,LSU,Amari Niblack,Receiver,0,0,0.0,0,0,0,0,0.0,0,1,1,21.3,1
1,B,Texas A&M,LSU,Marcel Reed,QB,18,15,197.5,1,0,3,0,0.0,0,0,0,0.0,0
1,B,Texas A&M,LSU,Le'Veon Moss,Rusher,0,0,0.0,0,0,0,14,42.3,0,0,0,0.0,0
1,B,Texas A&M,LSU,Jamarion Morrow,Rusher,0,0,0.0,0,0,0,3,17.8,0,0,0,0.0,0
1,B,Texas A&M,LSU,Marcel Reed,Rusher,0,0,0.0,0,0,0,6,18.5,1,0,0,0.0,0
1,B,Texas A&M,LSU,Rueben Owens,Rusher,0,0,0.0,0,0,0,2,2.8,0,0,0,0.0,0
1,B,Texas A&M,LSU,Miles O'Neill,Rusher,0,0,0.0,0,0,0,4,-2.8,0,0,0,0.0,0
1,B,Texas A&M,LSU,Amari Daniels,Rusher,0,0,0.0,0,0,0,4,7.6,0,0,0,0.0,0
1,B,Texas A&M,LSU,E.J. Smith,Rusher,0,0,0.0,0,0,0,1,12.3,0,0,0,0.0,0
1,B,Texas A&M,LSU,Mario Craver,Receiver,0,0,0.0,0,0,0,0,0.0,0,4,4,56.3,0
1,B,Texas A&M,LSU,Kevin Concepcion,Receiver,0,0,0.0,0,0,0,0,0.0,0,4,4,37.7,1
1,B,Texas A&M,LSU,Ashton Bethel-Roman,Receiver,0,0,0.0,0,0,0,0,0.0,0,3,5,50.3,0
1,B,Texas A&M,LSU,Other WR,Receiver,0,0,0.0,0,0,0,0,0.0,0,1,1,0.0,0
1,B,Texas A&M,LSU,Theo Melin Ohrstrom,Receiver,0,0,0.0,0,0,0,0,0.0,0,1,2,18.1,0
1,B,Texas A&M,LSU,Terry Bussey,Receiver,0,0,0.0,0,0,0,0,0.0,0,2,2,35.1,0
1,B,LSU,Texas A&M,Garrett Nussmeier,QB,26,16,150.7,1,0,0,0,0.0,0,0,0,0.0,0
1,B,LSU,Texas A&M,Garrett Nussmeier,Rusher,0,0,0.0,0,0,0,2,10.6,0,0,0,0.0,0
1,B,LSU,Texas A&M,Caden Durham,Rusher,0,0,0.0,0,0,0,15,84.0,0,0,0,0.0,0
1,B,LSU,Texas A&M,Harlem Berry,Rusher,0,0,0.0,0,0,0,3,11.6,0,0,0,0.0,0
1,B,LSU,Texas A&M,Ju'Juan Johnson,Rusher,0,0,0.0,0,0,0,6,24.7,1,0,0,0.0,0
1,B,LSU,Texas A&M,Other RB,Rusher,0,0,0.0,0,0,0,7,33.1,0,0,0,0.0,0
1,B,LSU,Texas A&M,Kaleb Jackson,Rusher,0,0,0.0,0,0,0,1,2.6,0,0,0,0.0,0
1,B,LSU,Texas A&M,Chris Hilton Jr.,Receiver,0,0,0.0,0,0,0,0,0.0,0,3,4,28.4,0
1,B,LSU,Texas A&M,Barion Brown,Receiver,0,0,0.0,0,0,0,0,0.0,0,5,6,51.3,1
1,B,LSU,Texas A&M,Other WR,Receiver,0,0,0.0,0,0,0,0,0.0,0,0,1,0.0,0
1,B,LSU,Texas A&M,Aaron Anderson,Receiver,0,0,0.0,0,0,0,0,0.0,0,3,3,18.3,0
1,B,LSU,Texas A&M,Bauer Sharp,Receiver,0,0,0.0,0,0,0,0,0.0,0,4,6,40.2,0
1,B,LSU,Texas A&M,Zavion Thomas,Receiver,0,0,0.0,0,0,0,0,0.0,0,0,2,0.0,0
1,B,LSU,Texas A&M,Trey'Dez Green,Receiver,0,0,0.0,0,0,0,0,0.0,0,1,2,12.5,0
1,B,LSU,Texas A&M,Kyle Parker,Receiver,0,0,0.0,0,0,0,0,0.0,0,0,2,0.0,0
2,A,LSU,Texas A&M,Garrett Nussmeier,QB,20,12,119.5,1,0,0,0,0.0,0,0,0,0.0,0
2,A,LSU,Texas A&M,Caden Durham,Rusher,0,0,0.0,0,0,0,19,100.1,0,0,0,0.0,0
2,A,LSU,Texas A&M,Other RB,Rusher,0,0,0.0,0,0,0,4,10.8,0,0,0,0.0,0
2,A,LSU,Texas A&M,Harlem Berry,Rusher,0,0,0.0,0,0,0,10,82.9,1,0,0,0.0,0
2,A,LSU,Texas A&M,Garrett Nussmeier,Rusher,0,0,0.0,0,0,0,1,1.0,0,0,0,0.0,0
2,A,LSU,Texas A&M,Ju'Juan Johnson,Rusher,0,0,0.0,0,0,0,9,44.6,2,0,0,0.0,0
2,A,LSU,Texas A&M,Kaleb Jackson,Rusher,0,0,0.0,0,0,0,2,-0.5,0,0,0,0.0,0
2,A,LSU,Texas A&M,Aaron Anderson,Receiver,0,0,0.0,0,0,0,0,0.0,0,4,7,16.4,0
2,A,LSU,Texas A&M,Nic Anderson,Receiver,0,0,0.0,0,0,0,0,0.0,0,1,2,26.7,0
2,A,LSU,Texas A&M,Barion Brown,Receiver,0,0,0.0,0,0,0,0,0.0,0,3,4,16.4,0
2,A,LSU,Texas A&M,Bauer Sharp,Receiver,0,0,0.0,0,0,0,0,0.0,0,1,1,18.0,0
2,A,LSU,Texas A&M,Chris Hilton Jr.,Receiver,0,0,0.0,0,0,0,0,0.0,0,0,1,0.0,0
2,A,LSU,Texas A&M,Kyle Parker,Receiver,0,0,0.0,0,0,0,0,0.0,0,2,2,42.0,1
2,A,LSU,Texas A&M,Zavion Thomas,Receiver,0,0,0.0,0,0,0,0,0.0,0,0,1,0.0,0
2,A,LSU,Texas A&M,Trey'Dez Green,Receiver,0,0,0.0,0,0,0,0,0.0,0,0,1,0.0,0
2,A,LSU,Texas A&M,Other WR,Receiver,0,0,0.0,0,0,0,0,0.0,0,1,1,0.0,0
2,A,Texas A&M,LSU,Marcel Reed,QB,26,16,230.9,1,0,3,0,0.0,0,0,0,0.0,0
2,A,Texas A&M,LSU,Le'Veon Moss,Rusher,0,0,0.0,0,0,0,8,4.4,0,0,0,0.0,0
2,A,Texas A&M,LSU,Marcel Reed,Rusher,0,0,0.0,0,0,0,2,27.1,1,0,0,0.0,0
2,A,Texas A&M,LSU,Miles O'Neill,Rusher,0,0,0.0,0,0,0,2,7.2,0,0,0,0.0,0
2,A,Texas A&M,LSU,Other RB,Rusher,0,0,0.0,0,0,0,1,4.3,0,0,0,0.0,0
2,A,Texas A&M,LSU,Rueben Owens,Rusher,0,0,0.0,0,0,0,8,18.4,0,0,0,0.0,0
2,A,Texas A&M,LSU,E.J. Smith,Rusher,0,0,0.0,0,0,0,1,-4.0,0,0,0,0.0,0
2,A,Texas A&M,LSU,Amari Daniels,Rusher,0,0,0.0,0,0,0,4,-0.2,0,0,0,0.0,0
2,A,Texas A&M,LSU,Other WR,Receiver,0,0,0.0,0,0,0,0,0.0,0,3,5,32.0,0
2,A,Texas A&M,LSU,Mario Craver,Receiver,0,0,0.0,0,0,0,0,0.0,0,4,8,55.5,1
2,A,Texas A&M,LSU,Terry Bussey,Receiver,0,0,0.0,0,0,0,0,0.0,0,2,3,45.3,0
2,A,Texas A&M,LSU,Kevin Concepcion,Receiver,0,0,0.0,0,0,0,0,0.0,0,4,7,50.1,0
2,A,Texas A&M,LSU,Amari Niblack,Receiver,0,0,0.0,0,0,0,0,0.0,0,1,1,6.3,0
2,A,Texas A&M,LSU,Ashton Bethel-Roman,Receiver,0,0,0.0,0,0,0,0,0.0,0,2,2,41.9,0
3,B,Texas A&M,LSU,Marcel Reed,QB,23,14,135.5,0,0,2,0,0.0,0,0,0,0.0,0
3,B,Texas A&M,LSU,Le'Veon Moss,Rusher,0,0,0.0,0,0,0,17,84.1,0,0,0,0.0,0
3,B,Texas A&M,LSU,Amari Daniels,Rusher,0,0,0.0,0,0,0,8,17.2,0,0,0,0.0,0
3,B,Texas A&M,LSU,Marcel Reed,Rusher,0,0,0.0,0,0,0,6,6.8,0,0,0,0.0,0
3,B,Texas A&M,LSU,E.J. Smith,Rusher,0,0,0.0,0,0,0,1,4.6,0,0,0,0.0,0
3,B,Texas A&M,LSU,Rueben Owens,Rusher,0,0,0.0,0,0,0,3,43.3,2,0,0,0.0,0
3,B,Texas A&M,LSU,Kevin Concepcion,Receiver,0,0,0.0,0,0,0,0,0.0,0,3,6,8.2,0
3,B,Texas A&M,LSU,Terry Bussey,Receiver,0,0,0.0,0,0,0,0,0.0,0,2,3,17.6,0
3,B,Texas A&M,LSU,Other WR,Receiver,0,0,0.0,0,0,0,0,0.0,0,3,4,40.9,0
3,B,Texas A&M,LSU,Nate Boerkircher,Receiver,0,0,0.0,0,0,0,0,0.0,0,0,1,0.0,0
3,B,Texas A&M,LSU,Mario Craver,Receiver,0,0,0.0,0,0,0,0,0.0,0,3,5,7.1,0
3,B,Texas A&M,LSU,Ashton Bethel-Roman,Receiver,0,0,0.0,0,0,0,0,0.0,0,1,2,35.0,0
3,B,Texas A&M,LSU,Theo Melin Ohrstrom,Receiver,0,0,0.0,0,0,0,0,0.0,0,2,2,26.7,0
3,B,LSU,Texas A&M,Garrett Nussmeier,QB,25,15,143.4,0,0,3,0,0.0,0,0,0,0.0,0
3,B,LSU,Texas A&M,Caden Durham,Rusher,0,0,0.0,0,0,0,14,21.4,1,0,0,0.0,0
3,B,LSU,Texas A&M,Harlem Berry,Rusher,0,0,0.0,0,0,0,4,8.2,0,0,0,0.0,0
3,B,LSU,Texas A&M,Other RB,Rusher,0,0,0.0,0,0,0,4,20.4,0,0,0,0.0,0
3,B,LSU,Texas A&M,Ju'Juan Johnson,Rusher,0,0,0.0,0,0,0,3,21.9,0,0,0,0.0,0
3,B,LSU,Texas A&M,Kaleb Jackson,Rusher,0,0,0.0,0,0,0,3,15.1,0,0,0,0.0,0
3,B,LSU,Texas A&M,Garrett Nussmeier,Rusher,0,0,0.0,0,0,0,2,6.9,0,0,0,0.0,0
3,B,LSU,Texas A&M,Aaron Anderson,Receiver,0,0,0.0,0,0,0,0,0.0,0,3,5,32.6,0
3,B,LSU,Texas A&M,Other WR,Receiver,0,0,0.0,0,0,0,0,0.0,0,1,1,7.8,0
3,B,LSU,Texas A&M,Zavion Thomas,Receiver,0,0,0.0,0,0,0,0,0.0,0,2,3,11.0,0
3,B,LSU,Texas A&M,Chris Hilton Jr.,Receiver,0,0,0.0,0,0,0,0,0.0,0,1,3,3.7,0
3,B,LSU,Texas A&M,Barion Brown,Receiver,0,0,0.0,0,0,0,0,0.0,0,2,3,37.0,0
3,B,LSU,Texas A&M,Kyle Parker,Receiver,0,0,0.0,0,0,0,0,0.0,0,1,3,14.2,0
3,B,LSU,Texas A&M,Bauer Sharp,Receiver,0,0,0.0,0,0,0,0,0.0,0,1,2,17.1,0
3,B,LSU,Texas A&M,Nic Anderson,Receiver,0,0,0.0,0,0,0,0,0.0,0,3,3,20.1,0
3,B,LSU,Texas A&M,Trey'Dez Green,Receiver,0,0,0.0,0,0,0,0,0.0,0,1,2,0.0,0
4,A,LSU,Texas A&M,Garrett Nussmeier,QB,35,22,228.8,1,1,2,0,0.0,0,0,0,0.0,0
4,A,LSU,Texas A&M,Kaleb Jackson,Rusher,0,0,0.0,0,0,0,2,13.7,0,0,0,0.0,0
4,A,LSU,Texas A&M,Caden Durham,Rusher,0,0,0.0,0,0,0,12,33.9,0,0,0,0.0,0
4,A,LSU,Texas A&M,Harlem Berry,Rusher,0,0,0.0,0,0,0,2,16.8,0,0,0,0.0,0
4,A,LSU,Texas A&M,Garrett Nussmeier,Rusher,0,0,0.0,0,0,0,2,4.6,0,0,0,0.0,0
4,A,LSU,Texas A&M,Barion Brown,Receiver,0,0,0.0,0,0,0,0,0.0,0,3,6,46.4,0
4,A,LSU,Texas A&M,Chris Hilton Jr.,Receiver,0,0,0.0,0,0,0,0,0.0,0,1,1,21.8,0
4,A,LSU,Texas A&M,Bauer Sharp,Receiver,0,0,0.0,0,0,0,0,0.0,0,5,7,34.5,1
4,A,LSU,Texas A&M,Aaron Anderson,Receiver,0,0,0.0,0,0,0,0,0.0,0,7,8,60.8,0
4,A,LSU,Texas A&M,Nic Anderson,Receiver,0,0,0.0,0,0,0,0,0.0,0,0,1,0.0,0
4,A,LSU,Texas A&M,Zavion Thomas,Receiver,0,0,0.0,0,0,0,0,0.0,0,0,2,0.0,0
4,A,LSU,Texas A&M,Other WR,Receiver,0,0,0.0,0,0,0,0,0.0,0,3,4,15.7,0
4,A,LSU,Texas A&M,Kyle Parker,Receiver,0,0,0.0,0,0,0,0,0.0,0,1,4,24.8,0
4,A,LSU,Texas A&M,Trey'Dez Green,Receiver,0,0,0.0,0,0,0,0,0.0,0,2,2,24.7,0
4,A,Texas A&M,LSU,Marcel Reed,QB,18,14,164.6,1,0,6,0,0.0,0,0,0,0.0,0
4,A,Texas A&M,LSU,Amari Daniels,Rusher,0,0,0.0,0,0,0,7,36.7,0,0,0,0.0,0
4,A,Texas A&M,LSU,Rueben Owens,Rusher,0,0,0.0,0,0,0,3,15.2,0,0,0,0.0,0
4,A,Texas A&M,LSU,Le'Veon Moss,Rusher,0,0,0.0,0,0,0,16,59.9,1,0,0,0.0,0
4,A,Texas A&M,LSU,Marcel Reed,Rusher,0,0,0.0,0,0,0,8,51.3,1,0,0,0.0,0
4,A,Texas A&M,LSU,E.J. Smith,Rusher,0,0,0.0,0,0,0,4,30.2,0,0,0,0.0,0
4,A,Texas A&M,LSU,Jamarion Morrow,Rusher,0,0,0.0,0,0,0,1,4.2,0,0,0,0.0,0
4,A,Texas A&M,LSU,Theo Melin Ohrstrom,Receiver,0,0,0.0,0,0,0,0,0.0,0,3,3,39.5,0
4,A,Texas A&M,LSU,Kevin Concepcion,Receiver,0,0,0.0,0,0,0,0,0.0,0,3,4,14.3,0
4,A,Texas A&M,LSU,Mario Craver,Receiver,0,0,0.0,0,0,0,0,0.0,0,2,3,11.2,0
4,A,Texas A&M,LSU,Terry Bussey,Receiver,0,0,0.0,0,0,0,0,0.0,0,1,2,14.7,0
4,A,Texas A&M,LSU,Other WR,Receiver,0,0,0.0,0,0,0,0,0.0,0,4,4,81.0,1
4,A,Texas A&M,LSU,Ashton Bethel-Roman,Receiver,0,0,0.0,0,0,0,0,0.0,0,1,1,3.8,0
4,A,Texas A&M,LSU,Nate Boerkircher,Receiver,0,0,0.0,0,0,0,0,0.0,0,0,1,0.0,0
5,B,Texas A&M,LSU,Marcel Reed,QB,28,19,242.7,1,0,8,0,0.0,0,0,0,0.0,0
5,B,Texas A&M,LSU,Rueben Owens,Rusher,0,0,0.0,0,0,0,5,19.0,0,0,0,0.0,0
5,B,Texas A&M,LSU,Amari Daniels,Rusher,0,0,0.0,0,0,0,5,19.8,0,0,0,0.0,0
5,B,Texas A&M,LSU,Le'Veon Moss,Rusher,0,0,0.0,0,0,0,8,43.0,0,0,0,0.0,0
5,B,Texas A&M,LSU,Marcel Reed,Rusher,0,0,0.0,0,0,0,6,29.5,0,0,0,0.0,0
5,B,Texas A&M,LSU,Other RB,Rusher,0,0,0.0,0,0,0,1,-4.0,0,0,0,0.0,0
5,B,Texas A&M,LSU,E.J. Smith,Rusher,0,0,0.0,0,0,0,2,3.2,0,0,0,0.0,0
5,B,Texas A&M,LSU,Mario Craver,Receiver,0,0,0.0,0,0,0,0,0.0,0,3,6,36.6,1
5,B,Texas A&M,LSU,Ashton Bethel-Roman,Receiver,0,0,0.0,0,0,0,0,0.0,0,1,1,20.6,0
5,B,Texas A&M,LSU,Other WR,Receiver,0,0,0.0,0,0,0,0,0.0,0,5,8,76.0,0
5,B,Texas A&M,LSU,Kevin Concepcion,Receiver,0,0,0.0,0,0,0,0,0.0,0,5,6,36.1,0
5,B,Texas A&M,LSU,Theo Melin Ohrstrom,Receiver,0,0,0.0,0,0,0,0,0.0,0,2,4,42.0,0
5,B,Texas A&M,LSU,Amari Niblack,Receiver,0,0,0.0,0,0,0,0,0.0,0,1,1,10.7,0
5,B,Texas A&M,LSU,Terry Bussey,Receiver,0,0,0.0,0,0,0,0,0.0,0,2,2,20.7,0
5,B,Texas A&M,LSU,Nate Boerkircher,Receiver,0,0,0.0,0,0,0,0,0.0,0,0,0,0.0,0
5,B,LSU,Texas A&M,Garrett Nussmeier,QB,16,10,114.7,2,0,1,0,0.0,0,0,0,0.0,0
5,B,LSU,Texas A&M,Harlem Berry,Rusher,0,0,0.0,0,0,0,5,22.9,0,0,0,0.0,0
5,B,LSU,Texas A&M,Other RB,Rusher,0,0,0.0,0,0,0,3,6.4,0,0,0,0.0,0
5,B,LSU,Texas A&M,Ju'Juan Johnson,Rusher,0,0,0.0,0,0,0,8,57.7,0,0,0,0.0,0
5,B,LSU,Texas A&M,Caden Durham,Rusher,0,0,0.0,0,0,0,19,86.8,1,0,0,0.0,0
5,B,LSU,Texas A&M,Garrett Nussmeier,Rusher,0,0,0.0,0,0,0,3,11.2,0,0,0,0.0,0
5,B,LSU,Texas A&M,Kaleb Jackson,Rusher,0,0,0.0,0,0,0,1,-0.9,0,0,0,0.0,0
5,B,LSU,Texas A&M,Other WR,Receiver,0,0,0.0,0,0,0,0,0.0,0,1,2,21.0,0
5,B,LSU,Texas A&M,Kyle Parker,Receiver,0,0,0.0,0,0,0,0,0.0,0,2,2,41.9,1
5,B,LSU,Texas A&M,Barion Brown,Receiver,0,0,0.0,0,0,0,0,0.0,0,3,5,21.1,0
5,B,LSU,Texas A&M,Aaron Anderson,Receiver,0,0,0.0,0,0,0,0,0.0,0,3,5,30.6,1
5,B,LSU,Texas A&M,Zavion Thomas,Receiver,0,0,0.0,0,0,0,0,0.0,0,0,1,0.0,0
5,B,LSU,Texas A&M,Bauer Sharp,Receiver,0,0,0.0,0,0,0,0,0.0,0,1,1,0.0,0
6,A,LSU,Texas A&M,Garrett Nussmeier,QB,31,18,228.1,1,0,0,0,0.0,0,0,0,0.0,0
6,A,LSU,Texas A&M,Ju'Juan Johnson,Rusher,0,0,0.0,0,0,0,8,31.5,0,0,0,0.0,0
6,A,LSU,Texas A&M,Caden Durham,Rusher,0,0,0.0,0,0,0,18,55.1,1,0,0,0.0,0
6,A,LSU,Texas A&M,Garrett Nussmeier,Rusher,0,0,0.0,0,0,0,3,12.5,0,0,0,0.0,0
6,A,LSU,Texas A&M,Harlem Berry,Rusher,0,0,0.0,0,0,0,2,15.7,1,0,0,0.0,0
6,A,LSU,Texas A&M,Other RB,Rusher,0,0,0.0,0,0,0,4,29.3,0,0,0,0.0,0
6,A,LSU,Texas A&M,Kaleb Jackson,Rusher,0,0,0.0,0,0,0,1,7.8,0,0,0,0.0,0
6,A,LSU,Texas A&M,Trey'Dez Green,Receiver,0,0,0.0,0,0,0,0,0.0,0,2,6,21.0,0
6,A,LSU,Texas A&M,Aaron Anderson,Receiver,0,0,0.0,0,0,0,0,0.0,0,5,7,48.1,0
6,A,LSU,Texas A&M,Barion Brown,Receiver,0,0,0.0,0,0,0,0,0.0,0,3,7,55.5,1
6,A,LSU,Texas A&M,Other WR,Receiver,0,0,0.0,0,0,0,0,0.0,0,1,2,20.3,0
6,A,LSU,Texas A&M,Bauer Sharp,Receiver,0,0,0.0,0,0,0,0,0.0,0,5,5,47.4,0
6,A,LSU,Texas A&M,Kyle Parker,Receiver,0,0,0.0,0,0,0,0,0.0,0,1,2,22.1,0
6,A,LSU,Texas A&M,Zavion Thomas,Receiver,0,0,0.0,0,0,0,0,0.0,0,1,2,13.7,0
6,A,Texas A&M,LSU,Marcel Reed,QB,19,13,124.2,0,0,11,0,0.0,0,0,0,0.0,0
6,A,Texas A&M,LSU,Le'Veon Moss,Rusher,0,0,0.0,0,0,0,12,30.7,0,0,0,0.0,0
6,A,Texas A&M,LSU,Marcel Reed,Rusher,0,0,0.0,0,0,0,6,28.9,0,0,0,0.0,0
6,A,Texas A&M,LSU,Rueben Owens,Rusher,0,0,0.0,0,0,0,4,26.3,1,0,0,0.0,0
6,A,Texas A&M,LSU,Amari Daniels,Rusher,0,0,0.0,0,0,0,1,4.2,0,0,0,0.0,0
6,A,Texas A&M,LSU,Miles O'Neill,Rusher,0,0,0.0,0,0,0,1,8.9,0,0,0,0.0,0
6,A,Texas A&M,LSU,Jamarion Morrow,Rusher,0,0,0.0,0,0,0,2,-5.0,0,0,0,0.0,0
6,A,Texas A&M,LSU,Theo Melin Ohrstrom,Receiver,0,0,0.0,0,0,0,0,0.0,0,1,1,0.0,0
6,A,Texas A&M,LSU,Mario Craver,Receiver,0,0,0.0,0,0,0,0,0.0,0,2,5,20.1,0
6,A,Texas A&M,LSU,Ashton Bethel-Roman,Receiver,0,0,0.0,0,0,0,0,0.0,0,1,1,16.2,0
6,A,Texas A&M,LSU,Kevin Concepcion,Receiver,0,0,0.0,0,0,0,0,0.0,0,2,2,17.7,0
6,A,Texas A&M,LSU,Other WR,Receiver,0,0,0.0,0,0,0,0,0.0,0,3,4,34.4,0
6,A,Texas A&M,LSU,Terry Bussey,Receiver,0,0,0.0,0,0,0,0,0.0,0,2,3,19.6,0
6,A,Texas A&M,LSU,Amari Niblack,Receiver,0,0,0.0,0,0,0,0,0.0,0,1,1,0.0,0
6,A,Texas A&M,LSU,Nate Boerkircher,Receiver,0,0,0.0,0,0,0,0,0.0,0,1,2,16.1,0
7,B,Texas A&M,LSU,Marcel Reed,QB,27,18,176.3,1,1,9,0,0.0,0,0,0,0.0,0
7,B,Texas A&M,LSU,Rueben Owens,Rusher,0,0,0.0,0,0,0,5,6.9,0,0,0,0.0,0
7,B,Texas A&M,LSU,Le'Veon Moss,Rusher,0,0,0.0,0,0,0,10,34.5,0,0,0,0.0,0
7,B,Texas A&M,LSU,Amari Daniels,Rusher,0,0,0.0,0,0,0,3,7.0,0,0,0,0.0,0
7,B,Texas A&M,LSU,Marcel Reed,Rusher,0,0,0.0,0,0,0,6,5.4,0,0,0,0.0,0
7,B,Texas A&M,LSU,Miles O'Neill,Rusher,0,0,0.0,0,0,0,1,-0.1,0,0,0,0.0,0
7,B,Texas A&M,LSU,E.J. Smith,Rusher,0,0,0.0,0,0,0,1,8.1,0,0,0,0.0,0
7,B,Texas A&M,LSU,Kevin Concepcion,Receiver,0,0,0.0,0,0,0,0,0.0,0,4,9,37.4,0
7,B,Texas A&M,LSU,Terry Bussey,Receiver,0,0,0.0,0,0,0,0,0.0,0,4,4,31.5,0
7,B,Texas A&M,LSU,Other WR,Receiver,0,0,0.0,0,0,0,0,0.0,0,5,5,78.0,1
7,B,Texas A&M,LSU,Ashton Bethel-Roman,Receiver,0,0,0.0,0,0,0,0,0.0,0,0,2,0.0,0
7,B,Texas A&M,LSU,Mario Craver,Receiver,0,0,0.0,0,0,0,0,0.0,0,3,5,29.5,0
7,B,Texas A&M,LSU,Amari Niblack,Receiver,0,0,0.0,0,0,0,0,0.0,0,2,2,0.0,0
7,B,LSU,Texas A&M,Garrett Nussmeier,QB,14,7,59.1,1,0,2,0,0.0,0,0,0,0.0,0
7,B,LSU,Texas A&M,Other RB,Rusher,0,0,0.0,0,0,0,5,5.6,0,0,0,0.0,0
7,B,LSU,Texas A&M,Caden Durham,Rusher,0,0,0.0,0,0,0,17,71.2,0,0,0,0.0,0
7,B,LSU,Texas A&M,Ju'Juan Johnson,Rusher,0,0,0.0,0,0,0,7,25.2,0,0,0,0.0,0
7,B,LSU,Texas A&M,Garrett Nussmeier,Rusher,0,0,0.0,0,0,0,2,9.8,0,0,0,0.0,0
7,B,LSU,Texas A&M,Kaleb Jackson,Rusher,0,0,0.0,0,0,0,1,5.9,0,0,0,0.0,0
7,B,LSU,Texas A&M,Harlem Berry,Rusher,0,0,0.0,0,0,0,3,5.6,0,0,0,0.0,0
7,B,LSU,Texas A&M,Aaron Anderson,Receiver,0,0,0.0,0,0,0,0,0.0,0,1,2,18.4,0
7,B,LSU,Texas A&M,Bauer Sharp,Receiver,0,0,0.0,0,0,0,0,0.0,0,2,3,2.3,0
7,B,LSU,Texas A&M,Trey'Dez Green,Receiver,0,0,0.0,0,0,0,0,0.0,0,1,1,10.9,0
7,B,LSU,Texas A&M,Barion Brown,Receiver,0,0,0.0,0,0,0,0,0.0,0,0,1,0.0,0
7,B,LSU,Texas A&M,Nic Anderson,Receiver,0,0,0.0,0,0,0,0,0.0,0,2,3,27.6,1
7,B,LSU,Texas A&M,Zavion Thomas,Receiver,0,0,0.0,0,0,0,0,0.0,0,1,1,0.0,0
7,B,LSU,Texas A&M,Chris Hilton Jr.,Receiver,0,0,0.0,0,0,0,0,0.0,0,0,1,0.0,0
7,B,LSU,Texas A&M,Other WR,Receiver,0,0,0.0,0,0,0,0,0.0,0,0,1,0.0,0
7,B,LSU,Texas A&M,Kyle Parker,Receiver,0,0,0.0,0,0,0,0,0.0,0,0,1,0.0,0
8,A,LSU,Texas A&M,Garrett Nussmeier,QB,26,17,197.1,0,0,2,0,0.0,0,0,0,0.0,0
8,A,LSU,Texas A&M,Other RB,Rusher,0,0,0.0,0,0,0,4,1.5,0,0,0,0.0,0
8,A,LSU,Texas A&M,Caden Durham,Rusher,0,0,0.0,0,0,0,15,37.3,1,0,0,0.0,0
8,A,LSU,Texas A&M,Harlem Berry,Rusher,0,0,0.0,0,0,0,6,20.3,0,0,0,0.0,0
8,A,LSU,Texas A&M,Ju'Juan Johnson,Rusher,0,0,0.0,0,0,0,4,19.3,1,0,0,0.0,0
8,A,LSU,Texas A&M,Kaleb Jackson,Rusher,0,0,0.0,0,0,0,2,-0.2,0,0,0,0.0,0
8,A,LSU,Texas A&M,Garrett Nussmeier,Rusher,0,0,0.0,0,0,0,2,9.4,0,0,0,0.0,0
8,A,LSU,Texas A&M,Trey'Dez Green,Receiver,0,0,0.0,0,0,0,0,0.0,0,2,2,22.8,0
8,A,LSU,Texas A&M,Bauer Sharp,Receiver,0,0,0.0,0,0,0,0,0.0,0,4,5,45.7,0
8,A,LSU,Texas A&M,Aaron Anderson,Receiver,0,0,0.0,0,0,0,0,0.0,0,2,5,24.1,0
8,A,LSU,Texas A&M,Nic Anderson,Receiver,0,0,0.0,0,0,0,0,0.0,0,1,3,12.3,0
8,A,LSU,Texas A&M,Zavion Thomas,Receiver,0,0,0.0,0,0,0,0,0.0,0,3,4,25.6,0
8,A,LSU,Texas A&M,Barion Brown,Receiver,0,0,0.0,0,0,0,0,0.0,0,2,4,19.2,0
8,A,LSU,Texas A&M,Other WR,Receiver,0,0,0.0,0,0,0,0,0.0,0,0,0,0.0,0
8,A,LSU,Texas A&M,Kyle Parker,Receiver,0,0,0.0,0,0,0,0,0.0,0,3,3,47.5,0
8,A,Texas A&M,LSU,Marcel Reed,QB,18,11,84.2,1,0,4,0,0.0,0,0,0,0.0,0
8,A,Texas A&M,LSU,Le'Veon Moss,Rusher,0,0,0.0,0,0,0,17,74.8,0,0,0,0.0,0
8,A,Texas A&M,LSU,Miles O'Neill,Rusher,0,0,0.0,0,0,0,3,8.2,0,0,0,0.0,0
8,A,Texas A&M,LSU,Amari Daniels,Rusher,0,0,0.0,0,0,0,3,6.4,0,0,0,0.0,0
8,A,Texas A&M,LSU,Rueben Owens,Rusher,0,0,0.0,0,0,0,2,4.6,0,0,0,0.0,0
8,A,Texas A&M,LSU,Marcel Reed,Rusher,0,0,0.0,0,0,0,6,40.4,0,0,0,0.0,0
8,A,Texas A&M,LSU,Jamarion Morrow,Rusher,0,0,0.0,0,0,0,3,9.8,0,0,0,0.0,0
8,A,Texas A&M,LSU,Other RB,Rusher,0,0,0.0,0,0,0,1,-3.4,0,0,0,0.0,0
8,A,Texas A&M,LSU,Theo Melin Ohrstrom,Receiver,0,0,0.0,0,0,0,0,0.0,0,2,2,3.2,0
8,A,Texas A&M,LSU,Kevin Concepcion,Receiver,0,0,0.0,0,0,0,0,0.0,0,2,4,23.8,0
8,A,Texas A&M,LSU,Nate Boerkircher,Receiver,0,0,0.0,0,0,0,0,0.0,0,3,3,14.1,0
8,A,Texas A&M,LSU,Other WR,Receiver,0,0,0.0,0,0,0,0,0.0,0,1,2,3.0,0
8,A,Texas A&M,LSU,Mario Craver,Receiver,0,0,0.0,0,0,0,0,0.0,0,2,5,20.3,1
8,A,Texas A&M,LSU,Amari Niblack,Receiver,0,0,0.0,0,0,0,0,0.0,0,1,2,19.9,0
8,A,Texas A&M,LSU,Ashton Bethel-Roman,Receiver,0,0,0.0,0,0,0,0,0.0,0,0,0,0.0,0
9,B,Texas A&M,LSU,Marcel Reed,QB,19,14,153.1,0,0,5,0,0.0,0,0,0,0.0,0
9,B,Texas A&M,LSU,Jamarion Morrow,Rusher,0,0,0.0,0,0,0,2,4.0,0,0,0,0.0,0
9,B,Texas A&M,LSU,Le'Veon Moss,Rusher,0,0,0.0,0,0,0,14,79.5,0,0,0,0.0,0
9,B,Texas A&M,LSU,Amari Daniels,Rusher,0,0,0.0,0,0,0,2,1.4,0,0,0,0.0,0
9,B,Texas A&M,LSU,Marcel Reed,Rusher,0,0,0.0,0,0,0,8,20.1,0,0,0,0.0,0
9,B,Texas A&M,LSU,Miles O'Neill,Rusher,0,0,0.0,0,0,0,2,4.9,0,0,0,0.0,0
9,B,Texas A&M,LSU,Rueben Owens,Rusher,0,0,0.0,0,0,0,4,27.3,1,0,0,0.0,0
9,B,Texas A&M,LSU,E.J. Smith,Rusher,0,0,0.0,0,0,0,1,8.6,0,0,0,0.0,0
9,B,Texas A&M,LSU,Ashton Bethel-Roman,Receiver,0,0,0.0,0,0,0,0,0.0,0,2,2,7.8,0
9,B,Texas A&M,LSU,Other WR,Receiver,0,0,0.0,0,0,0,0,0.0,0,5,6,68.9,0
9,B,Texas A&M,LSU,Mario Craver,Receiver,0,0,0.0,0,0,0,0,0.0,0,0,3,0.0,0
9,B,Texas A&M,LSU,Kevin Concepcion,Receiver,0,0,0.0,0,0,0,0,0.0,0,5,5,56.3,0
9,B,Texas A&M,LSU,Theo Melin Ohrstrom,Receiver,0,0,0.0,0,0,0,0,0.0,0,0,1,0.0,0
9,B,Texas A&M,LSU,Terry Bussey,Receiver,0,0,0.0,0,0,0,0,0.0,0,2,2,20.0,0
9,B,LSU,Texas A&M,Garrett Nussmeier,QB,24,13,78.0,0,0,0,0,0.0,0,0,0,0.0,0
9,B,LSU,Texas A&M,Caden Durham,Rusher,0,0,0.0,0,0,0,15,73.1,0,0,0,0.0,0
9,B,LSU,Texas A&M,Ju'Juan Johnson,Rusher,0,0,0.0,0,0,0,8,22.9,0,0,0,0.0,0
9,B,LSU,Texas A&M,Kaleb Jackson,Rusher,0,0,0.0,0,0,0,2,2.1,0,0,0,0.0,0
9,B,LSU,Texas A&M,Harlem Berry,Rusher,0,0,0.0,0,0,0,3,17.6,1,0,0,0.0,0
9,B,LSU,Texas A&M,Garrett Nussmeier,Rusher,0,0,0.0,0,0,0,2,-6.4,0,0,0,0.0,0
9,B,LSU,Texas A&M,Other RB,Rusher,0,0,0.0,0,0,0,2,10.6,0,0,0,0.0,0
9,B,LSU,Texas A&M,Bauer Sharp,Receiver,0,0,0.0,0,0,0,0,0.0,0,1,1,6.6,0
9,B,LSU,Texas A&M,Chris Hilton Jr.,Receiver,0,0,0.0,0,0,0,0,0.0,0,1,3,2.2,0
9,B,LSU,Texas A&M,Aaron Anderson,Receiver,0,0,0.0,0,0,0,0,0.0,0,3,8,0.5,0
9,B,LSU,Texas A&M,Barion Brown,Receiver,0,0,0.0,0,0,0,0,0.0,0,3,3,8.8,0
9,B,LSU,Texas A&M,Zavion Thomas,Receiver,0,0,0.0,0,0,0,0,0.0,0,1,3,6.9,0
9,B,LSU,Texas A&M,Other WR,Receiver,0,0,0.0,0,0,0,0,0.0,0,1,2,10.0,0
9,B,LSU,Texas A&M,Nic Anderson,Receiver,0,0,0.0,0,0,0,0,0.0,0,1,1,22.0,0
9,B,LSU,Texas A&M,Kyle Parker,Receiver,0,0,0.0,0,0,0,0,0.0,0,1,1,12.3,0
9,B,LSU,Texas A&M,Trey'Dez Green,Receiver,0,0,0.0,0,0,0,0,0.0,0,1,2,8.8,0
10,A,LSU,Texas A&M,Garrett Nussmeier,QB,35,17,149.9,1,0,1,0,0.0,0,0,0,0.0,0
10,A,LSU,Texas A&M,Garrett Nussmeier,Rusher,0,0,0.0,0,0,0,2,7.9,0,0,0,0.0,0
10,A,LSU,Texas A&M,Ju'Juan Johnson,Rusher,0,0,0.0,0,0,0,3,12.9,0,0,0,0.0,0
10,A,LSU,Texas A&M,Other RB,Rusher,0,0,0.0,0,0,0,1,-2.8,0,0,0,0.0,0
10,A,LSU,Texas A&M,Caden Durham,Rusher,0,0,0.0,0,0,0,10,37.5,0,0,0,0.0,0
10,A,LSU,Texas A&M,Harlem Berry,Rusher,0,0,0.0,0,0,0,2,4.8,0,0,0,0.0,0
10,A,LSU,Texas A&M,Aaron Anderson,Receiver,0,0,0.0,0,0,0,0,0.0,0,4,6,14.7,0
10,A,LSU,Texas A&M,Trey'Dez Green,Receiver,0,0,0.0,0,0,0,0,0.0,0,2,6,27.8,0
10,A,LSU,Texas A&M,Zavion Thomas,Receiver,0,0,0.0,0,0,0,0,0.0,0,1,2,21.4,0
10,A,LSU,Texas A&M,Kyle Parker,Receiver,0,0,0.0,0,0,0,0,0.0,0,1,5,0.0,0
10,A,LSU,Texas A&M,Chris Hilton Jr.,Receiver,0,0,0.0,0,0,0,0,0.0,0,3,4,24.0,0
10,A,LSU,Texas A&M,Barion Brown,Receiver,0,0,0.0,0,0,0,0,0.0,0,2,5,3.0,0
10,A,LSU,Texas A&M,Other WR,Receiver,0,0,0.0,0,0,0,0,0.0,0,2,3,37.5,0
10,A,LSU,Texas A&M,Bauer Sharp,Receiver,0,0,0.0,0,0,0,0,0.0,0,2,3,21.5,1
10,A,LSU,Texas A&M,Nic Anderson,Receiver,0,0,0.0,0,0,0,0,0.0,0,0,1,0.0,0
10,A,Texas A&M,LSU,Marcel Reed,QB,25,17,192.0,1,0,3,0,0.0,0,0,0,0.0,0
10,A,Texas A&M,LSU,Le'Veon Moss,Rusher,0,0,0.0,0,0,0,23,85.7,1,0,0,0.0,0
10,A,Texas A&M,LSU,Amari Daniels,Rusher,0,0,0.0,0,0,0,7,40.9,1,0,0,0.0,0
10,A,Texas A&M,LSU,Rueben Owens,Rusher,0,0,0.0,0,0,0,5,29.3,0,0,0,0.0,0
10,A,Texas A&M,LSU,E.J. Smith,Rusher,0,0,0.0,0,0,0,3,8.1,0,0,0,0.0,0
10,A,Texas A&M,LSU,Marcel Reed,Rusher,0,0,0.0,0,0,0,5,16.9,0,0,0,0.0,0
10,A,Texas A&M,LSU,Other WR,Receiver,0,0,0.0,0,0,0,0,0.0,0,2,3,34.8,0
10,A,Texas A&M,LSU,Nate Boerkircher,Receiver,0,0,0.0,0,0,0,0,0.0,0,1,1,17.7,0
10,A,Texas A&M,LSU,Kevin Concepcion,Receiver,0,0,0.0,0,0,0,0,0.0,0,4,7,14.9,0
10,A,Texas A&M,LSU,Mario Craver,Receiver,0,0,0.0,0,0,0,0,0.0,0,7,9,96.8,1
10,A,Texas A&M,LSU,Ashton Bethel-Roman,Receiver,0,0,0.0,0,0,0,0,0.0,0,1,2,11.8,0
10,A,Texas A&M,LSU,Theo Melin Ohrstrom,Receiver,0,0,0.0,0,0,0,0,0.0,0,1,1,9.1,0
10,A,Texas A&M,LSU,Terry Bussey,Receiver,0,0,0.0,0,0,0,0,0.0,0,1,2,7.0,0
11,B,Texas A&M,LSU,Marcel Reed,QB,33,22,169.2,1,0,3,0,0.0,0,0,0,0.0,0
11,B,Texas A&M,LSU,Rueben Owens,Rusher,0,0,0.0,0,0,0,5,16.8,0,0,0,0.0,0
11,B,Texas A&M,LSU,Le'Veon Moss,Rusher,0,0,0.0,0,0,0,14,79.2,2,0,0,0.0,0
11,B,Texas A&M,LSU,Amari Daniels,Rusher,0,0,0.0,0,0,0,3,-1.6,0,0,0,0.0,0
11,B,Texas A&M,LSU,E.J. Smith,Rusher,0,0,0.0,0,0,0,4,19.1,0,0,0,0.0,0
11,B,Texas A&M,LSU,Marcel Reed,Rusher,0,0,0.0,0,0,0,6,12.6,0,0,0,0.0,0
11,B,Texas A&M,LSU,Miles O'Neill,Rusher,0,0,0.0,0,0,0,1,5.8,0,0,0,0.0,0
11,B,Texas A&M,LSU,Ashton Bethel-Roman,Receiver,0,0,0.0,0,0,0,0,0.0,0,1,1,14.8,0
11,B,Texas A&M,LSU,Kevin Concepcion,Receiver,0,0,0.0,0,0,0,0,0.0,0,12,15,127.6,1
11,B,Texas A&M,LSU,Terry Bussey,Receiver,0,0,0.0,0,0,0,0,0.0,0,1,3,0.0,0
11,B,Texas A&M,LSU,Mario Craver,Receiver,0,0,0.0,0,0,0,0,0.0,0,6,11,26.8,0
11,B,Texas A&M,LSU,Other WR,Receiver,0,0,0.0,0,0,0,0,0.0,0,1,1,0.0,0
11,B,Texas A&M,LSU,Theo Melin Ohrstrom,Receiver,0,0,0.0,0,0,0,0,0.0,0,1,2,0.0,0
11,B,LSU,Texas A&M,Garrett Nussmeier,QB,30,19,199.6,1,0,2,0,0.0,0,0,0,0.0,0
11,B,LSU,Texas A&M,Garrett Nussmeier,Rusher,0,0,0.0,0,0,0,3,6.9,0,0,0,0.0,0
11,B,LSU,Texas A&M,Caden Durham,Rusher,0,0,0.0,0,0,0,12,46.4,0,0,0,0.0,0
11,B,LSU,Texas A&M,Other RB,Rusher,0,0,0.0,0,0,0,2,0.1,0,0,0,0.0,0
11,B,LSU,Texas A&M,Harlem Berry,Rusher,0,0,0.0,0,0,0,2,8.6,0,0,0,0.0,0
11,B,LSU,Texas A&M,Ju'Juan Johnson,Rusher,0,0,0.0,0,0,0,4,23.8,1,0,0,0.0,0
11,B,LSU,Texas A&M,Kaleb Jackson,Rusher,0,0,0.0,0,0,0,1,0.3,0,0,0,0.0,0
11,B,LSU,Texas A&M,Zavion Thomas,Receiver,0,0,0.0,0,0,0,0,0.0,0,3,5,32.2,0
11,B,LSU,Texas A&M,Kyle Parker,Receiver,0,0,0.0,0,0,0,0,0.0,0,2,5,30.9,0
11,B,LSU,Texas A&M,Other WR,Receiver,0,0,0.0,0,0,0,0,0.0,0,1,3,3.2,0
11,B,LSU,Texas A&M,Barion Brown,Receiver,0,0,0.0,0,0,0,0,0.0,0,5,8,51.8,1
11,B,LSU,Texas A&M,Aaron Anderson,Receiver,0,0,0.0,0,0,0,0,0.0,0,6,6,43.0,0
11,B,LSU,Texas A&M,Bauer Sharp,Receiver,0,0,0.0,0,0,0,0,0.0,0,1,2,13.6,0
11,B,LSU,Texas A&M,Trey'Dez Green,Receiver,0,0,0.0,0,0,0,0,0.0,0,1,1,25.0,0
12,A,LSU,Texas A&M,Garrett Nussmeier,QB,34,21,220.1,1,1,4,0,0.0,0,0,0,0.0,0
12,A,LSU,Texas A&M,Ju'Juan Johnson,Rusher,0,0,0.0,0,0,0,8,34.3,1,0,0,0.0,0
12,A,LSU,Texas A&M,Garrett Nussmeier,Rusher,0,0,0.0,0,0,0,3,7.3,0,0,0,0.0,0
12,A,LSU,Texas A&M,Caden Durham,Rusher,0,0,0.0,0,0,0,10,25.4,0,0,0,0.0,0
12,A,LSU,Texas A&M,Kaleb Jackson,Rusher,0,0,0.0,0,0,0,3,0.0,0,0,0,0.0,0
12,A,LSU,Texas A&M,Other RB,Rusher,0,0,0.0,0,0,0,3,3.2,0,0,0,0.0,0
12,A,LSU,Texas A&M,Barion Brown,Receiver,0,0,0.0,0,0,0,0,0.0,0,7,8,58.4,0
12,A,LSU,Texas A&M,Bauer Sharp,Receiver,0,0,0.0,0,0,0,0,0.0,0,1,2,6.3,0
12,A,LSU,Texas A&M,Zavion Thomas,Receiver,0,0,0.0,0,0,0,0,0.0,0,2,5,23.7,0
12,A,LSU,Texas A&M,Aaron Anderson,Receiver,0,0,0.0,0,0,0,0,0.0,0,5,8,49.2,0
12,A,LSU,Texas A&M,Trey'Dez Green,Receiver,0,0,0.0,0,0,0,0,0.0,0,3,3,28.8,0
12,A,LSU,Texas A&M,Chris Hilton Jr.,Receiver,0,0,0.0,0,0,0,0,0.0,0,0,1,0.0,0
12,A,LSU,Texas A&M,Nic Anderson,Receiver,0,0,0.0,0,0,0,0,0.0,0,1,2,21.4,1
12,A,LSU,Texas A&M,Kyle Parker,Receiver,0,0,0.0,0,0,0,0,0.0,0,2,4,32.1,0
12,A,LSU,Texas A&M,Other WR,Receiver,0,0,0.0,0,0,0,0,0.0,0,0,1,0.0,0
12,A,Texas A&M,LSU,Marcel Reed,QB,29,21,210.5,1,0,1,0,0.0,0,0,0,0.0,0
12,A,Texas A&M,LSU,Amari Daniels,Rusher,0,0,0.0,0,0,0,3,9.0,0,0,0,0.0,0
12,A,Texas A&M,LSU,Marcel Reed,Rusher,0,0,0.0,0,0,0,7,30.6,0,0,0,0.0,0
12,A,Texas A&M,LSU,Le'Veon Moss,Rusher,0,0,0.0,0,0,0,11,69.3,2,0,0,0.0,0
12,A,Texas A&M,LSU,Rueben Owens,Rusher,0,0,0.0,0,0,0,6,2.0,0,0,0,0.0,0
12,A,Texas A&M,LSU,E.J. Smith,Rusher,0,0,0.0,0,0,0,2,4.3,0,0,0,0.0,0
12,A,Texas A&M,LSU,Jamarion Morrow,Rusher,0,0,0.0,0,0,0,1,19.0,1,0,0,0.0,0
12,A,Texas A&M,LSU,Nate Boerkircher,Receiver,0,0,0.0,0,0,0,0,0.0,0,1,1,2.3,0
12,A,Texas A&M,LSU,Other WR,Receiver,0,0,0.0,0,0,0,0,0.0,0,6,7,45.2,0
12,A,Texas A&M,LSU,Ashton Bethel-Roman,Receiver,0,0,0.0,0,0,0,0,0.0,0,2,3,13.4,0
12,A,Texas A&M,LSU,Kevin Concepcion,Receiver,0,0,0.0,0,0,0,0,0.0,0,1,3,11.8,0
12,A,Texas A&M,LSU,Terry Bussey,Receiver,0,0,0.0,0,0,0,0,0.0,0,1,1,9.9,0
12,A,Texas A&M,LSU,Mario Craver,Receiver,0,0,0.0,0,0,0,0,0.0,0,8,11,101.2,1
12,A,Texas A&M,LSU,Theo Melin Ohrstrom,Receiver,0,0,0.0,0,0,0,0,0.0,0,2,3,26.7,0
13,B,Texas A&M,LSU,Marcel Reed,QB,13,10,120.7,1,0,6,0,0.0,0,0,0,0.0,0
13,B,Texas A&M,LSU,Marcel Reed,Rusher,0,0,0.0,0,0,0,6,25.5,0,0,0,0.0,0
13,B,Texas A&M,LSU,Amari Daniels,Rusher,0,0,0.0,0,0,0,5,27.4,0,0,0,0.0,0
13,B,Texas A&M,LSU,Rueben Owens,Rusher,0,0,0.0,0,0,0,7,19.1,0,0,0,0.0,0
13,B,Texas A&M,LSU,Le'Veon Moss,Rusher,0,0,0.0,0,0,0,13,85.4,2,0,0,0.0,0
13,B,Texas A&M,LSU,Miles O'Neill,Rusher,0,0,0.0,0,0,0,2,4.6,0,0,0,0.0,0
13,B,Texas A&M,LSU,E.J. Smith,Rusher,0,0,0.0,0,0,0,2,11.9,0,0,0,0.0,0
13,B,Texas A&M,LSU,Jamarion Morrow,Rusher,0,0,0.0,0,0,0,1,0.6,0,0,0,0.0,0
13,B,Texas A&M,LSU,Other WR,Receiver,0,0,0.0,0,0,0,0,0.0,0,2,3,33.9,1
13,B,Texas A&M,LSU,Kevin Concepcion,Receiver,0,0,0.0,0,0,0,0,0.0,0,1,2,14.8,0
13,B,Texas A&M,LSU,Ashton Bethel-Roman,Receiver,0,0,0.0,0,0,0,0,0.0,0,0,1,0.0,0
13,B,Texas A&M,LSU,Theo Melin Ohrstrom,Receiver,0,0,0.0,0,0,0,0,0.0,0,2,2,8.0,0
13,B,Texas A&M,LSU,Nate Boerkircher,Receiver,0,0,0.0,0,0,0,0,0.0,0,0,0,0.0,0
13,B,Texas A&M,LSU,Mario Craver,Receiver,0,0,0.0,0,0,0,0,0.0,0,4,4,58.2,0
13,B,Texas A&M,LSU,Amari Niblack,Receiver,0,0,0.0,0,0,0,0,0.0,0,1,1,5.7,0
13,B,LSU,Texas A&M,Garrett Nussmeier,QB,35,20,185.6,1,0,1,0,0.0,0,0,0,0.0,0
13,B,LSU,Texas A&M,Garrett Nussmeier,Rusher,0,0,0.0,0,0,0,2,6.8,0,0,0,0.0,0
13,B,LSU,Texas A&M,Harlem Berry,Rusher,0,0,0.0,0,0,0,6,42.2,0,0,0,0.0,0
13,B,LSU,Texas A&M,Other RB,Rusher,0,0,0.0,0,0,0,3,8.5,0,0,0,0.0,0
13,B,LSU,Texas A&M,Caden Durham,Rusher,0,0,0.0,0,0,0,16,64.4,2,0,0,0.0,0
13,B,LSU,Texas A&M,Ju'Juan Johnson,Rusher,0,0,0.0,0,0,0,4,10.3,0,0,0,0.0,0
13,B,LSU,Texas A&M,Chris Hilton Jr.,Receiver,0,0,0.0,0,0,0,0,0.0,0,2,4,25.2,0
13,B,LSU,Texas A&M,Zavion Thomas,Receiver,0,0,0.0,0,0,0,0,0.0,0,0,1,0.0,0
13,B,LSU,Texas A&M,Bauer Sharp,Receiver,0,0,0.0,0,0,0,0,0.0,0,3,7,49.6,1
13,B,LSU,Texas A&M,Barion Brown,Receiver,0,0,0.0,0,0,0,0,0.0,0,1,3,3.0,0
13,B,LSU,Texas A&M,Trey'Dez Green,Receiver,0,0,0.0,0,0,0,0,0.0,0,3,4,24.3,0
13,B,LSU,Texas A&M,Nic Anderson,Receiver,0,0,0.0,0,0,0,0,0.0,0,1,3,0.0,0
13,B,LSU,Texas A&M,Aaron Anderson,Receiver,0,0,0.0,0,0,0,0,0.0,0,6,9,51.1,0
13,B,LSU,Texas A&M,Other WR,Receiver,0,0,0.0,0,0,0,0,0.0,0,2,2,2.9,0
13,B,LSU,Texas A&M,Kyle Parker,Receiver,0,0,0.0,0,0,0,0,0.0,0,2,2,29.4,0
14,A,LSU,Texas A&M,Garrett Nussmeier,QB,24,15,120.8,0,0,0,0,0.0,0,0,0,0.0,0
14,A,LSU,Texas A&M,Harlem Berry,Rusher,0,0,0.0,0,0,0,9,10.3,0,0,0,0.0,0
14,A,LSU,Texas A&M,Garrett Nussmeier,Rusher,0,0,0.0,0,0,0,2,-7.9,0,0,0,0.0,0
14,A,LSU,Texas A&M,Caden Durham,Rusher,0,0,0.0,0,0,0,17,102.9,1,0,0,0.0,0
14,A,LSU,Texas A&M,Other RB,Rusher,0,0,0.0,0,0,0,3,4.5,0,0,0,0.0,0
14,A,LSU,Texas A&M,Ju'Juan Johnson,Rusher,0,0,0.0,0,0,0,4,16.2,0,0,0,0.0,0
14,A,LSU,Texas A&M,Nic Anderson,Receiver,0,0,0.0,0,0,0,0,0.0,0,3,3,27.8,0
14,A,LSU,Texas A&M,Zavion Thomas,Receiver,0,0,0.0,0,0,0,0,0.0,0,2,3,24.5,0
14,A,LSU,Texas A&M,Bauer Sharp,Receiver,0,0,0.0,0,0,0,0,0.0,0,1,4,0.2,0
14,A,LSU,Texas A&M,Barion Brown,Receiver,0,0,0.0,0,0,0,0,0.0,0,4,6,12.3,0
14,A,LSU,Texas A&M,Trey'Dez Green,Receiver,0,0,0.0,0,0,0,0,0.0,0,2,3,15.3,0
14,A,LSU,Texas A&M,Aaron Anderson,Receiver,0,0,0.0,0,0,0,0,0.0,0,1,2,0.0,0
14,A,LSU,Texas A&M,Kyle Parker,Receiver,0,0,0.0,0,0,0,0,0.0,0,2,3,40.7,0
14,A,Texas A&M,LSU,Marcel Reed,QB,21,13,131.2,1,0,5,0,0.0,0,0,0,0.0,0
14,A,Texas A&M,LSU,Marcel Reed,Rusher,0,0,0.0,0,0,0,8,23.1,2,0,0,0.0,0
14,A,Texas A&M,LSU,Le'Veon Moss,Rusher,0,0,0.0,0,0,0,9,34.2,0,0,0,0.0,0
14,A,Texas A&M,LSU,E.J. Smith,Rusher,0,0,0.0,0,0,0,4,-0.7,0,0,0,0.0,0
14,A,Texas A&M,LSU,Amari Daniels,Rusher,0,0,0.0,0,0,0,5,33.8,0,0,0,0.0,0
14,A,Texas A&M,LSU,Rueben Owens,Rusher,0,0,0.0,0,0,0,5,42.0,0,0,0,0.0,0
14,A,Texas A&M,LSU,Miles O'Neill,Rusher,0,0,0.0,0,0,0,1,1.6,0,0,0,0.0,0
14,A,Texas A&M,LSU,Ashton Bethel-Roman,Receiver,0,0,0.0,0,0,0,0,0.0,0,3,5,33.4,0
14,A,Texas A&M,LSU,Kevin Concepcion,Receiver,0,0,0.0,0,0,0,0,0.0,0,2,4,9.6,0
14,A,Texas A&M,LSU,Mario Craver,Receiver,0,0,0.0,0,0,0,0,0.0,0,3,5,22.5,0
14,A,Texas A&M,LSU,Other WR,Receiver,0,0,0.0,0,0,0,0,0.0,0,1,1,11.9,0
14,A,Texas A&M,LSU,Terry Bussey,Receiver,0,0,0.0,0,0,0,0,0.0,0,3,3,39.8,0
14,A,Texas A&M,LSU,Theo Melin Ohrstrom,Receiver,0,0,0.0,0,0,0,0,0.0,0,0,1,0.0,0
14,A,Texas A&M,LSU,Amari Niblack,Receiver,0,0,0.0,0,0,0,0,0.0,0,0,1,0.0,0
14,A,Texas A&M,LSU,Nate Boerkircher,Receiver,0,0,0.0,0,0,0,0,0.0,0,1,1,14.0,1
15,B,Texas A&M,LSU,Marcel Reed,QB,28,20,184.9,0,1,2,0,0.0,0,0,0,0.0,0
15,B,Texas A&M,LSU,Rueben Owens,Rusher,0,0,0.0,0,0,0,5,15.6,0,0,0,0.0,0
15,B,Texas A&M,LSU,Amari Daniels,Rusher,0,0,0.0,0,0,0,2,-4.2,0,0,0,0.0,0
15,B,Texas A&M,LSU,Le'Veon Moss,Rusher,0,0,0.0,0,0,0,8,4.8,0,0,0,0.0,0
15,B,Texas A&M,LSU,E.J. Smith,Rusher,0,0,0.0,0,0,0,2,-0.5,0,0,0,0.0,0
15,B,Texas A&M,LSU,Marcel Reed,Rusher,0,0,0.0,0,0,0,10,38.0,1,0,0,0.0,0
15,B,Texas A&M,LSU,Jamarion Morrow,Rusher,0,0,0.0,0,0,0,2,18.7,0,0,0,0.0,0
15,B,Texas A&M,LSU,Ashton Bethel-Roman,Receiver,0,0,0.0,0,0,0,0,0.0,0,2,3,32.5,0
15,B,Texas A&M,LSU,Kevin Concepcion,Receiver,0,0,0.0,0,0,0,0,0.0,0,2,4,2.2,0
15,B,Texas A&M,LSU,Other WR,Receiver,0,0,0.0,0,0,0,0,0.0,0,5,6,70.9,0
15,B,Texas A&M,LSU,Amari Niblack,Receiver,0,0,0.0,0,0,0,0,0.0,0,3,3,25.9,0
15,B,Texas A&M,LSU,Mario Craver,Receiver,0,0,0.0,0,0,0,0,0.0,0,3,6,35.6,0
15,B,Texas A&M,LSU,Theo Melin Ohrstrom,Receiver,0,0,0.0,0,0,0,0,0.0,0,3,3,16.3,0
15,B,Texas A&M,LSU,Nate Boerkircher,Receiver,0,0,0.0,0,0,0,0,0.0,0,1,1,0.0,0
15,B,Texas A&M,LSU,Terry Bussey,Receiver,0,0,0.0,0,0,0,0,0.0,0,1,2,1.5,0
15,B,LSU,Texas A&M,Garrett Nussmeier,QB,30,18,156.1,0,0,0,0,0.0,0,0,0,0.0,0
15,B,LSU,Texas A&M,Caden Durham,Rusher,0,0,0.0,0,0,0,13,17.2,0,0,0,0.0,0
15,B,LSU,Texas A&M,Ju'Juan Johnson,Rusher,0,0,0.0,0,0,0,9,37.8,0,0,0,0.0,0
15,B,LSU,Texas A&M,Other RB,Rusher,0,0,0.0,0,0,0,4,24.5,1,0,0,0.0,0
15,B,LSU,Texas A&M,Harlem Berry,Rusher,0,0,0.0,0,0,0,3,15.8,0,0,0,0.0,0
15,B,LSU,Texas A&M,Garrett Nussmeier,Rusher,0,0,0.0,0,0,0,1,7.0,0,0,0,0.0,0
15,B,LSU,Texas A&M,Kaleb Jackson,Rusher,0,0,0.0,0,0,0,2,7.3,0,0,0,0.0,0
15,B,LSU,Texas A&M,Chris Hilton Jr.,Receiver,0,0,0.0,0,0,0,0,0.0,0,2,2,13.1,0
15,B,LSU,Texas A&M,Nic Anderson,Receiver,0,0,0.0,0,0,0,0,0.0,0,1,1,7.9,0
15,B,LSU,Texas A&M,Aaron Anderson,Receiver,0,0,0.0,0,0,0,0,0.0,0,5,7,34.8,0
15,B,LSU,Texas A&M,Kyle Parker,Receiver,0,0,0.0,0,0,0,0,0.0,0,1,2,19.3,0
15,B,LSU,Texas A&M,Barion Brown,Receiver,0,0,0.0,0,0,0,0,0.0,0,3,4,27.4,0
15,B,LSU,Texas A&M,Zavion Thomas,Receiver,0,0,0.0,0,0,0,0,0.0,0,2,3,11.4,0
15,B,LSU,Texas A&M,Bauer Sharp,Receiver,0,0,0.0,0,0,0,0,0.0,0,2,7,7.9,0
15,B,LSU,Texas A&M,Other WR,Receiver,0,0,0.0,0,0,0,0,0.0,0,1,1,17.5,0
15,B,LSU,Texas A&M,Trey'Dez Green,Receiver,0,0,0.0,0,0,0,0,0.0,0,1,3,17.0,0
16,A,LSU,Texas A&M,Garrett Nussmeier,QB,22,14,174.6,1,0,3,0,0.0,0,0,0,0.0,0
16,A,LSU,Texas A&M,Caden Durham,Rusher,0,0,0.0,0,0,0,21,86.9,1,0,0,0.0,0
16,A,LSU,Texas A&M,Ju'Juan Johnson,Rusher,0,0,0.0,0,0,0,3,0.0,0,0,0,0.0,0
16,A,LSU,Texas A&M,Harlem Berry,Rusher,0,0,0.0,0,0,0,3,14.6,0,0,0,0.0,0
16,A,LSU,Texas A&M,Other RB,Rusher,0,0,0.0,0,0,0,3,7.1,0,0,0,0.0,0
16,A,LSU,Texas A&M,Garrett Nussmeier,Rusher,0,0,0.0,0,0,0,1,-3.9,0,0,0,0.0,0
16,A,LSU,Texas A&M,Kaleb Jackson,Rusher,0,0,0.0,0,0,0,1,9.4,0,0,0,0.0,0
16,A,LSU,Texas A&M,Other WR,Receiver,0,0,0.0,0,0,0,0,0.0,0,0,1,0.0,0
16,A,LSU,Texas A&M,Aaron Anderson,Receiver,0,0,0.0,0,0,0,0,0.0,0,4,6,52.0,0
16,A,LSU,Texas A&M,Bauer Sharp,Receiver,0,0,0.0,0,0,0,0,0.0,0,3,4,27.3,0
16,A,LSU,Texas A&M,Chris Hilton Jr.,Receiver,0,0,0.0,0,0,0,0,0.0,0,3,3,44.5,0
16,A,LSU,Texas A&M,Zavion Thomas,Receiver,0,0,0.0,0,0,0,0,0.0,0,2,3,25.9,0
16,A,LSU,Texas A&M,Barion Brown,Receiver,0,0,0.0,0,0,0,0,0.0,0,2,3,25.0,1
16,A,LSU,Texas A&M,Nic Anderson,Receiver,0,0,0.0,0,0,0,0,0.0,0,0,2,0.0,0
16,A,Texas A&M,LSU,Marcel Reed,QB,31,20,227.8,1,0,3,0,0.0,0,0,0,0.0,0
16,A,Texas A&M,LSU,Le'Veon Moss,Rusher,0,0,0.0,0,0,0,9,51.3,1,0,0,0.0,0
16,A,Texas A&M,LSU,Miles O'Neill,Rusher,0,0,0.0,0,0,0,1,-4.0,0,0,0,0.0,0
16,A,Texas A&M,LSU,Rueben Owens,Rusher,0,0,0.0,0,0,0,4,30.9,1,0,0,0.0,0
16,A,Texas A&M,LSU,Marcel Reed,Rusher,0,0,0.0,0,0,0,5,21.0,0,0,0,0.0,0
16,A,Texas A&M,LSU,Amari Daniels,Rusher,0,0,0.0,0,0,0,7,38.7,0,0,0,0.0,0
16,A,Texas A&M,LSU,E.J. Smith,Rusher,0,0,0.0,0,0,0,3,-3.5,0,0,0,0.0,0
16,A,Texas A&M,LSU,Kevin Concepcion,Receiver,0,0,0.0,0,0,0,0,0.0,0,4,5,30.6,0
16,A,Texas A&M,LSU,Amari Niblack,Receiver,0,0,0.0,0,0,0,0,0.0,0,1,2,11.4,0
16,A,Texas A&M,LSU,Other WR,Receiver,0,0,0.0,0,0,0,0,0.0,0,7,9,109.8,1
16,A,Texas A&M,LSU,Mario Craver,Receiver,0,0,0.0,0,0,0,0,0.0,0,5,8,53.3,0
16,A,Texas A&M,LSU,Terry Bussey,Receiver,0,0,0.0,0,0,0,0,0.0,0,1,3,10.9,0
16,A,Texas A&M,LSU,Theo Melin Ohrstrom,Receiver,0,0,0.0,0,0,0,0,0.0,0,1,2,0.0,0
16,A,Texas A&M,LSU,Nate Boerkircher,Receiver,0,0,0.0,0,0,0,0,0.0,0,0,1,0.0,0
16,A,Texas A&M,LSU,Ashton Bethel-Roman,Receiver,0,0,0.0,0,0,0,0,0.0,0,1,1,11.7,0
17,B,Texas A&M,LSU,Marcel Reed,QB,15,9,64.9,0,0,4,0,0.0,0,0,0,0.0,0
17,B,Texas A&M,LSU,Le'Veon Moss,Rusher,0,0,0.0,0,0,0,17,99.9,1,0,0,0.0,0
17,B,Texas A&M,LSU,Amari Daniels,Rusher,0,0,0.0,0,0,0,8,26.5,0,0,0,0.0,0
17,B,Texas A&M,LSU,Marcel Reed,Rusher,0,0,0.0,0,0,0,7,38.9,1,0,0,0.0,0
17,B,Texas A&M,LSU,Rueben Owens,Rusher,0,0,0.0,0,0,0,3,14.8,0,0,0,0.0,0
17,B,Texas A&M,LSU,Jamarion Morrow,Rusher,0,0,0.0,0,0,0,1,-0.7,0,0,0,0.0,0
17,B,Texas A&M,LSU,Terry Bussey,Receiver,0,0,0.0,0,0,0,0,0.0,0,0,2,0.0,0
17,B,Texas A&M,LSU,Ashton Bethel-Roman,Receiver,0,0,0.0,0,0,0,0,0.0,0,1,2,1.1,0
17,B,Texas A&M,LSU,Theo Melin Ohrstrom,Receiver,0,0,0.0,0,0,0,0,0.0,0,2,2,16.4,0
17,B,Texas A&M,LSU,Other WR,Receiver,0,0,0.0,0,0,0,0,0.0,0,3,3,9.0,0
17,B,Texas A&M,LSU,Kevin Concepcion,Receiver,0,0,0.0,0,0,0,0,0.0,0,1,4,21.5,0
17,B,Texas A&M,LSU,Amari Niblack,Receiver,0,0,0.0,0,0,0,0,0.0,0,1,1,8.5,0
17,B,Texas A&M,LSU,Mario Craver,Receiver,0,0,0.0,0,0,0,0,0.0,0,1,1,8.3,0
17,B,LSU,Texas A&M,Garrett Nussmeier,QB,35,23,147.9,0,0,6,0,0.0,0,0,0,0.0,0
17,B,LSU,Texas A&M,Ju'Juan Johnson,Rusher,0,0,0.0,0,0,0,2,13.6,0,0,0,0.0,0
17,B,LSU,Texas A&M,Harlem Berry,Rusher,0,0,0.0,0,0,0,2,2.3,0,0,0,0.0,0
17,B,LSU,Texas A&M,Garrett Nussmeier,Rusher,0,0,0.0,0,0,0,2,3.7,0,0,0,0.0,0
17,B,LSU,Texas A&M,Caden Durham,Rusher,0,0,0.0,0,0,0,13,50.1,0,0,0,0.0,0
17,B,LSU,Texas A&M,Kaleb Jackson,Rusher,0,0,0.0,0,0,0,2,-2.6,0,0,0,0.0,0
17,B,LSU,Texas A&M,Other RB,Rusher,0,0,0.0,0,0,0,2,10.1,0,0,0,0.0,0
17,B,LSU,Texas A&M,Bauer Sharp,Receiver,0,0,0.0,0,0,0,0,0.0,0,1,4,15.7,0
17,B,LSU,Texas A&M,Aaron Anderson,Receiver,0,0,0.0,0,0,0,0,0.0,0,6,10,30.7,0
17,B,LSU,Texas A&M,Barion Brown,Receiver,0,0,0.0,0,0,0,0,0.0,0,6,8,32.1,0
17,B,LSU,Texas A&M,Zavion Thomas,Receiver,0,0,0.0,0,0,0,0,0.0,0,3,4,17.4,0
17,B,LSU,Texas A&M,Trey'Dez Green,Receiver,0,0,0.0,0,0,0,0,0.0,0,3,3,16.6,0
17,B,LSU,Texas A&M,Nic Anderson,Receiver,0,0,0.0,0,0,0,0,0.0,0,2,4,18.9,0
17,B,LSU,Texas A&M,Chris Hilton Jr.,Receiver,0,0,0.0,0,0,0,0,0.0,0,2,2,16.6,0
17,B,LSU,Texas A&M,Kyle Parker,Receiver,0,0,0.0,0,0,0,0,0.0,0,0,0,0.0,0
18,A,LSU,Texas A&M,Garrett Nussmeier,QB,30,16,171.7,0,0,3,0,0.0,0,0,0,0.0,0
18,A,LSU,Texas A&M,Kaleb Jackson,Rusher,0,0,0.0,0,0,0,2,6.3,0,0,0,0.0,0
18,A,LSU,Texas A&M,Caden Durham,Rusher,0,0,0.0,0,0,0,10,42.9,1,0,0,0.0,0
18,A,LSU,Texas A&M,Ju'Juan Johnson,Rusher,0,0,0.0,0,0,0,3,5.2,0,0,0,0.0,0
18,A,LSU,Texas A&M,Harlem Berry,Rusher,0,0,0.0,0,0,0,2,-1.3,0,0,0,0.0,0
18,A,LSU,Texas A&M,Other RB,Rusher,0,0,0.0,0,0,0,2,10.0,0,0,0,0.0,0
18,A,LSU,Texas A&M,Garrett Nussmeier,Rusher,0,0,0.0,0,0,0,1,2.7,0,0,0,0.0,0
18,A,LSU,Texas A&M,Barion Brown,Receiver,0,0,0.0,0,0,0,0,0.0,0,3,8,68.3,0
18,A,LSU,Texas A&M,Other WR,Receiver,0,0,0.0,0,0,0,0,0.0,0,1,3,0.0,0
18,A,LSU,Texas A&M,Bauer Sharp,Receiver,0,0,0.0,0,0,0,0,0.0,0,2,4,28.7,0
18,A,LSU,Texas A&M,Zavion Thomas,Receiver,0,0,0.0,0,0,0,0,0.0,0,4,4,4.3,0
18,A,LSU,Texas A&M,Nic Anderson,Receiver,0,0,0.0,0,0,0,0,0.0,0,1,3,21.2,0
18,A,LSU,Texas A&M,Aaron Anderson,Receiver,0,0,0.0,0,0,0,0,0.0,0,2,3,20.3,0
18,A,LSU,Texas A&M,Trey'Dez Green,Receiver,0,0,0.0,0,0,0,0,0.0,0,1,3,3.3,0
18,A,LSU,Texas A&M,Chris Hilton Jr.,Receiver,0,0,0.0,0,0,0,0,0.0,0,1,1,14.1,0
18,A,LSU,Texas A&M,Kyle Parker,Receiver,0,0,0.0,0,0,0,0,0.0,0,1,1,11.6,0
18,A,Texas A&M,LSU,Marcel Reed,QB,23,16,144.6,1,0,3,0,0.0,0,0,0,0.0,0
18,A,Texas A&M,LSU,Amari Daniels,Rusher,0,0,0.0,0,0,0,10,29.5,0,0,0,0.0,0
18,A,Texas A&M,LSU,Le'Veon Moss,Rusher,0,0,0.0,0,0,0,17,74.1,1,0,0,0.0,0
18,A,Texas A&M,LSU,Marcel Reed,Rusher,0,0,0.0,0,0,0,8,66.5,0,0,0,0.0,0
18,A,Texas A&M,LSU,Rueben Owens,Rusher,0,0,0.0,0,0,0,2,14.4,0,0,0,0.0,0
18,A,Texas A&M,LSU,Miles O'Neill,Rusher,0,0,0.0,0,0,0,1,19.5,1,0,0,0.0,0
18,A,Texas A&M,LSU,E.J. Smith,Rusher,0,0,0.0,0,0,0,2,5.9,0,0,0,0.0,0
18,A,Texas A&M,LSU,Theo Melin Ohrstrom,Receiver,0,0,0.0,0,0,0,0,0.0,0,1,2,0.0,0
18,A,Texas A&M,LSU,Mario Craver,Receiver,0,0,0.0,0,0,0,0,0.0,0,1,5,9.9,0
18,A,Texas A&M,LSU,Kevin Concepcion,Receiver,0,0,0.0,0,0,0,0,0.0,0,3,3,24.2,0
18,A,Texas A&M,LSU,Other WR,Receiver,0,0,0.0,0,0,0,0,0.0,0,3,4,2.8,0
18,A,Texas A&M,LSU,Terry Bussey,Receiver,0,0,0.0,0,0,0,0,0.0,0,2,2,27.7,0
18,A,Texas A&M,LSU,Nate Boerkircher,Receiver,0,0,0.0,0,0,0,0,0.0,0,2,2,42.0,1
18,A,Texas A&M,LSU,Amari Niblack,Receiver,0,0,0.0,0,0,0,0,0.0,0,1,1,3.2,0
18,A,Texas A&M,LSU,Ashton Bethel-Roman,Receiver,0,0,0.0,0,0,0,0,0.0,0,3,4,34.9,0
19,B,Texas A&M,LSU,Marcel Reed,QB,29,14,143.3,0,0,3,0,0.0,0,0,0,0.0,0
19,B,Texas A&M,LSU,E.J. Smith,Rusher,0,0,0.0,0,0,0,1,13.0,0,0,0,0.0,0
19,B,Texas A&M,LSU,Rueben Owens,Rusher,0,0,0.0,0,0,0,7,44.6,1,0,0,0.0,0
19,B,Texas A&M,LSU,Le'Veon Moss,Rusher,0,0,0.0,0,0,0,12,36.8,0,0,0,0.0,0
19,B,Texas A&M,LSU,Amari Daniels,Rusher,0,0,0.0,0,0,0,7,13.3,0,0,0,0.0,0
19,B,Texas A&M,LSU,Marcel Reed,Rusher,0,0,0.0,0,0,0,7,14.1,1,0,0,0.0,0
19,B,Texas A&M,LSU,Miles O'Neill,Rusher,0,0,0.0,0,0,0,2,12.2,0,0,0,0.0,0
19,B,Texas A&M,LSU,Jamarion Morrow,Rusher,0,0,0.0,0,0,0,3,11.8,0,0,0,0.0,0
19,B,Texas A&M,LSU,Mario Craver,Receiver,0,0,0.0,0,0,0,0,0.0,0,3,10,41.6,0
19,B,Texas A&M,LSU,Kevin Concepcion,Receiver,0,0,0.0,0,0,0,0,0.0,0,5,7,23.3,0
19,B,Texas A&M,LSU,Nate Boerkircher,Receiver,0,0,0.0,0,0,0,0,0.0,0,1,1,8.7,0
19,B,Texas A&M,LSU,Other WR,Receiver,0,0,0.0,0,0,0,0,0.0,0,1,5,16.9,0
19,B,Texas A&M,LSU,Amari Niblack,Receiver,0,0,0.0,0,0,0,0,0.0,0,1,2,17.2,0
19,B,Texas A&M,LSU,Ashton Bethel-Roman,Receiver,0,0,0.0,0,0,0,0,0.0,0,2,3,33.5,0
19,B,Texas A&M,LSU,Theo Melin Ohrstrom,Receiver,0,0,0.0,0,0,0,0,0.0,0,0,0,0.0,0
19,B,Texas A&M,LSU,Terry Bussey,Receiver,0,0,0.0,0,0,0,0,0.0,0,1,1,2.2,0
19,B,LSU,Texas A&M,Garrett Nussmeier,QB,36,21,228.2,0,0,4,0,0.0,0,0,0,0.0,0
19,B,LSU,Texas A&M,Ju'Juan Johnson,Rusher,0,0,0.0,0,0,0,3,21.8,0,0,0,0.0,0
19,B,LSU,Texas A&M,Caden Durham,Rusher,0,0,0.0,0,0,0,14,77.6,2,0,0,0.0,0
19,B,LSU,Texas A&M,Garrett Nussmeier,Rusher,0,0,0.0,0,0,0,1,9.6,0,0,0,0.0,0
19,B,LSU,Texas A&M,Kaleb Jackson,Rusher,0,0,0.0,0,0,0,2,3.4,0,0,0,0.0,0
19,B,LSU,Texas A&M,Harlem Berry,Rusher,0,0,0.0,0,0,0,2,11.6,1,0,0,0.0,0
19,B,LSU,Texas A&M,Aaron Anderson,Receiver,0,0,0.0,0,0,0,0,0.0,0,9,12,106.4,0
19,B,LSU,Texas A&M,Trey'Dez Green,Receiver,0,0,0.0,0,0,0,0,0.0,0,3,5,28.0,0
19,B,LSU,Texas A&M,Other WR,Receiver,0,0,0.0,0,0,0,0,0.0,0,2,2,34.0,0
19,B,LSU,Texas A&M,Chris Hilton Jr.,Receiver,0,0,0.0,0,0,0,0,0.0,0,2,4,4.9,0
19,B,LSU,Texas A&M,Barion Brown,Receiver,0,0,0.0,0,0,0,0,0.0,0,2,6,11.4,0
19,B,LSU,Texas A&M,Kyle Parker,Receiver,0,0,0.0,0,0,0,0,0.0,0,1,2,5.0,0
19,B,LSU,Texas A&M,Bauer Sharp,Receiver,0,0,0.0,0,0,0,0,0.0,0,2,2,38.6,0
19,B,LSU,Texas A&M,Zavion Thomas,Receiver,0,0,0.0,0,0,0,0,0.0,0,0,1,0.0,0
19,B,LSU,Texas A&M,Nic Anderson,Receiver,0,0,0.0,0,0,0,0,0.0,0,0,2,0.0,0
20,A,LSU,Texas A&M,Garrett Nussmeier,QB,31,23,232.2,3,0,1,0,0.0,0,0,0,0.0,0
20,A,LSU,Texas A&M,Caden Durham,Rusher,0,0,0.0,0,0,0,16,38.2,0,0,0,0.0,0
20,A,LSU,Texas A&M,Other RB,Rusher,0,0,0.0,0,0,0,5,22.1,1,0,0,0.0,0
20,A,LSU,Texas A&M,Ju'Juan Johnson,Rusher,0,0,0.0,0,0,0,5,33.4,0,0,0,0.0,0
20,A,LSU,Texas A&M,Garrett Nussmeier,Rusher,0,0,0.0,0,0,0,2,0.9,0,0,0,0.0,0
20,A,LSU,Texas A&M,Harlem Berry,Rusher,0,0,0.0,0,0,0,3,13.7,0,0,0,0.0,0
20,A,LSU,Texas A&M,Kaleb Jackson,Rusher,0,0,0.0,0,0,0,1,-3.9,0,0,0,0.0,0
20,A,LSU,Texas A&M,Aaron Anderson,Receiver,0,0,0.0,0,0,0,0,0.0,0,5,6,56.5,1
20,A,LSU,Texas A&M,Bauer Sharp,Receiver,0,0,0.0,0,0,0,0,0.0,0,3,4,32.2,1
20,A,LSU,Texas A&M,Nic Anderson,Receiver,0,0,0.0,0,0,0,0,0.0,0,4,6,41.1,0
20,A,LSU,Texas A&M,Kyle Parker,Receiver,0,0,0.0,0,0,0,0,0.0,0,3,3,31.0,0
20,A,LSU,Texas A&M,Barion Brown,Receiver,0,0,0.0,0,0,0,0,0.0,0,2,5,34.5,0
20,A,LSU,Texas A&M,Zavion Thomas,Receiver,0,0,0.0,0,0,0,0,0.0,0,2,2,8.5,0
20,A,LSU,Texas A&M,Chris Hilton Jr.,Receiver,0,0,0.0,0,0,0,0,0.0,0,2,2,23.5,1
20,A,LSU,Texas A&M,Other WR,Receiver,0,0,0.0,0,0,0,0,0.0,0,1,2,4.0,0
20,A,LSU,Texas A&M,Trey'Dez Green,Receiver,0,0,0.0,0,0,0,0,0.0,0,1,1,0.8,0
20,A,Texas A&M,LSU,Marcel Reed,QB,36,22,129.2,2,0,3,0,0.0,0,0,0,0.0,0
20,A,Texas A&M,LSU,Amari Daniels,Rusher,0,0,0.0,0,0,0,4,8.6,0,0,0,0.0,0
20,A,Texas A&M,LSU,Le'Veon Moss,Rusher,0,0,0.0,0,0,0,9,21.6,0,0,0,0.0,0
20,A,Texas A&M,LSU,Marcel Reed,Rusher,0,0,0.0,0,0,0,6,9.2,0,0,0,0.0,0
20,A,Texas A&M,LSU,Rueben Owens,Rusher,0,0,0.0,0,0,0,1,12.4,0,0,0,0.0,0
20,A,Texas A&M,LSU,Other WR,Receiver,0,0,0.0,0,0,0,0,0.0,0,4,7,26.6,0
20,A,Texas A&M,LSU,Mario Craver,Receiver,0,0,0.0,0,0,0,0,0.0,0,6,10,16.0,0
20,A,Texas A&M,LSU,Amari Niblack,Receiver,0,0,0.0,0,0,0,0,0.0,0,2,2,1.9,0
20,A,Texas A&M,LSU,Ashton Bethel-Roman,Receiver,0,0,0.0,0,0,0,0,0.0,0,2,3,0.8,0
20,A,Texas A&M,LSU,Nate Boerkircher,Receiver,0,0,0.0,0,0,0,0,0.0,0,3,4,28.5,0
20,A,Texas A&M,LSU,Kevin Concepcion,Receiver,0,0,0.0,0,0,0,0,0.0,0,2,5,30.7,1
20,A,Texas A&M,LSU,Terry Bussey,Receiver,0,0,0.0,0,0,0,0,0.0,0,3,4,24.8,1
20,A,Texas A&M,LSU,Theo Melin Ohrstrom,Receiver,0,0,0.0,0,0,0,0,0.0,0,0,1,0.0,0
21,B,Texas A&M,LSU,Marcel Reed,QB,28,18,172.4,1,1,2,0,0.0,0,0,0,0.0,0
21,B,Texas A&M,LSU,Le'Veon Moss,Rusher,0,0,0.0,0,0,0,15,50.5,0,0,0,0.0,0
21,B,Texas A&M,LSU,Amari Daniels,Rusher,0,0,0.0,0,0,0,6,22.2,0,0,0,0.0,0
21,B,Texas A&M,LSU,Marcel Reed,Rusher,0,0,0.0,0,0,0,9,16.3,0,0,0,0.0,0
21,B,Texas A&M,LSU,Rueben Owens,Rusher,0,0,0.0,0,0,0,3,9.6,0,0,0,0.0,0
21,B,Texas A&M,LSU,E.J. Smith,Rusher,0,0,0.0,0,0,0,1,6.8,0,0,0,0.0,0
21,B,Texas A&M,LSU,Jamarion Morrow,Rusher,0,0,0.0,0,0,0,1,5.4,0,0,0,0.0,0
21,B,Texas A&M,LSU,Mario Craver,Receiver,0,0,0.0,0,0,0,0,0.0,0,5,5,29.6,0
21,B,Texas A&M,LSU,Other WR,Receiver,0,0,0.0,0,0,0,0,0.0,0,6,8,73.7,0
21,B,Texas A&M,LSU,Nate Boerkircher,Receiver,0,0,0.0,0,0,0,0,0.0,0,1,2,23.0,1
21,B,Texas A&M,LSU,Kevin Concepcion,Receiver,0,0,0.0,0,0,0,0,0.0,0,3,7,27.8,0
21,B,Texas A&M,LSU,Terry Bussey,Receiver,0,0,0.0,0,0,0,0,0.0,0,1,1,0.0,0
21,B,Texas A&M,LSU,Theo Melin Ohrstrom,Receiver,0,0,0.0,0,0,0,0,0.0,0,1,2,2.2,0
21,B,Texas A&M,LSU,Ashton Bethel-Roman,Receiver,0,0,0.0,0,0,0,0,0.0,0,1,3,16.1,0
21,B,LSU,Texas A&M,Garrett Nussmeier,QB,19,11,69.7,0,0,3,0,0.0,0,0,0,0.0,0
21,B,LSU,Texas A&M,Caden Durham,Rusher,0,0,0.0,0,0,0,16,38.9,0,0,0,0.0,0
21,B,LSU,Texas A&M,Harlem Berry,Rusher,0,0,0.0,0,0,0,2,9.2,0,0,0,0.0,0
21,B,LSU,Texas A&M,Garrett Nussmeier,Rusher,0,0,0.0,0,0,0,2,15.1,0,0,0,0.0,0
21,B,LSU,Texas A&M,Other RB,Rusher,0,0,0.0,0,0,0,1,-3.9,0,0,0,0.0,0
21,B,LSU,Texas A&M,Kaleb Jackson,Rusher,0,0,0.0,0,0,0,2,11.1,0,0,0,0.0,0
21,B,LSU,Texas A&M,Ju'Juan Johnson,Rusher,0,0,0.0,0,0,0,5,15.4,1,0,0,0.0,0
21,B,LSU,Texas A&M,Zavion Thomas,Receiver,0,0,0.0,0,0,0,0,0.0,0,1,1,3.9,0
21,B,LSU,Texas A&M,Barion Brown,Receiver,0,0,0.0,0,0,0,0,0.0,0,3,5,6.0,0
21,B,LSU,Texas A&M,Other WR,Receiver,0,0,0.0,0,0,0,0,0.0,0,2,2,10.9,0
21,B,LSU,Texas A&M,Bauer Sharp,Receiver,0,0,0.0,0,0,0,0,0.0,0,1,2,6.4,0
21,B,LSU,Texas A&M,Chris Hilton Jr.,Receiver,0,0,0.0,0,0,0,0,0.0,0,0,1,0.0,0
21,B,LSU,Texas A&M,Trey'Dez Green,Receiver,0,0,0.0,0,0,0,0,0.0,0,2,2,15.6,0
21,B,LSU,Texas A&M,Aaron Anderson,Receiver,0,0,0.0,0,0,0,0,0.0,0,2,4,26.9,0
21,B,LSU,Texas A&M,Nic Anderson,Receiver,0,0,0.0,0,0,0,0,0.0,0,0,1,0.0,0
21,B,LSU,Texas A&M,Kyle Parker,Receiver,0,0,0.0,0,0,0,0,0.0,0,0,1,0.0,0
22,A,LSU,Texas A&M,Garrett Nussmeier,QB,45,29,242.5,2,0,3,0,0.0,0,0,0,0.0,0
22,A,LSU,Texas A&M,Caden Durham,Rusher,0,0,0.0,0,0,0,11,51.6,1,0,0,0.0,0
22,A,LSU,Texas A&M,Ju'Juan Johnson,Rusher,0,0,0.0,0,0,0,2,9.9,0,0,0,0.0,0
22,A,LSU,Texas A&M,Harlem Berry,Rusher,0,0,0.0,0,0,0,6,16.0,0,0,0,0.0,0
22,A,LSU,Texas A&M,Garrett Nussmeier,Rusher,0,0,0.0,0,0,0,3,6.4,0,0,0,0.0,0
22,A,LSU,Texas A&M,Trey'Dez Green,Receiver,0,0,0.0,0,0,0,0,0.0,0,4,4,64.9,0
22,A,LSU,Texas A&M,Kyle Parker,Receiver,0,0,0.0,0,0,0,0,0.0,0,3,6,32.7,0
22,A,LSU,Texas A&M,Aaron Anderson,Receiver,0,0,0.0,0,0,0,0,0.0,0,5,9,14.0,0
22,A,LSU,Texas A&M,Nic Anderson,Receiver,0,0,0.0,0,0,0,0,0.0,0,1,4,10.8,0
22,A,LSU,Texas A&M,Zavion Thomas,Receiver,0,0,0.0,0,0,0,0,0.0,0,7,9,42.0,1
22,A,LSU,Texas A&M,Bauer Sharp,Receiver,0,0,0.0,0,0,0,0,0.0,0,4,5,27.0,0
22,A,LSU,Texas A&M,Barion Brown,Receiver,0,0,0.0,0,0,0,0,0.0,0,3,5,29.0,0
22,A,LSU,Texas A&M,Other WR,Receiver,0,0,0.0,0,0,0,0,0.0,0,0,1,0.0,0
22,A,LSU,Texas A&M,Chris Hilton Jr.,Receiver,0,0,0.0,0,0,0,0,0.0,0,2,2,22.0,1
22,A,Texas A&M,LSU,Marcel Reed,QB,16,11,158.1,1,0,2,0,0.0,0,0,0,0.0,0
22,A,Texas A&M,LSU,Marcel Reed,Rusher,0,0,0.0,0,0,0,13,62.1,0,0,0,0.0,0
22,A,Texas A&M,LSU,Le'Veon Moss,Rusher,0,0,0.0,0,0,0,12,53.5,1,0,0,0.0,0
22,A,Texas A&M,LSU,E.J. Smith,Rusher,0,0,0.0,0,0,0,1,7.9,0,0,0,0.0,0
22,A,Texas A&M,LSU,Rueben Owens,Rusher,0,0,0.0,0,0,0,5,33.2,0,0,0,0.0,0
22,A,Texas A&M,LSU,Amari Daniels,Rusher,0,0,0.0,0,0,0,2,1.0,1,0,0,0.0,0
22,A,Texas A&M,LSU,Miles O'Neill,Rusher,0,0,0.0,0,0,0,1,-1.3,0,0,0,0.0,0
22,A,Texas A&M,LSU,Terry Bussey,Receiver,0,0,0.0,0,0,0,0,0.0,0,0,1,0.0,0
22,A,Texas A&M,LSU,Kevin Concepcion,Receiver,0,0,0.0,0,0,0,0,0.0,0,2,2,8.2,0
22,A,Texas A&M,LSU,Other WR,Receiver,0,0,0.0,0,0,0,0,0.0,0,5,8,87.2,1
22,A,Texas A&M,LSU,Mario Craver,Receiver,0,0,0.0,0,0,0,0,0.0,0,2,3,47.0,0
22,A,Texas A&M,LSU,Theo Melin Ohrstrom,Receiver,0,0,0.0,0,0,0,0,0.0,0,0,0,0.0,0
22,A,Texas A&M,LSU,Ashton Bethel-Roman,Receiver,0,0,0.0,0,0,0,0,0.0,0,2,2,15.6,0
23,B,Texas A&M,LSU,Marcel Reed,QB,24,16,160.4,0,0,4,0,0.0,0,0,0,0.0,0
23,B,Texas A&M,LSU,Miles O'Neill,Rusher,0,0,0.0,0,0,0,3,12.3,0,0,0,0.0,0
23,B,Texas A&M,LSU,Rueben Owens,Rusher,0,0,0.0,0,0,0,5,7.0,0,0,0,0.0,0
23,B,Texas A&M,LSU,Le'Veon Moss,Rusher,0,0,0.0,0,0,0,10,46.5,1,0,0,0.0,0
23,B,Texas A&M,LSU,Marcel Reed,Rusher,0,0,0.0,0,0,0,8,36.1,1,0,0,0.0,0
23,B,Texas A&M,LSU,E.J. Smith,Rusher,0,0,0.0,0,0,0,2,7.1,0,0,0,0.0,0
23,B,Texas A&M,LSU,Amari Daniels,Rusher,0,0,0.0,0,0,0,1,13.2,0,0,0,0.0,0
23,B,Texas A&M,LSU,Kevin Concepcion,Receiver,0,0,0.0,0,0,0,0,0.0,0,6,7,25.4,0
23,B,Texas A&M,LSU,Ashton Bethel-Roman,Receiver,0,0,0.0,0,0,0,0,0.0,0,2,2,34.9,0
23,B,Texas A&M,LSU,Mario Craver,Receiver,0,0,0.0,0,0,0,0,0.0,0,3,6,22.3,0
23,B,Texas A&M,LSU,Other WR,Receiver,0,0,0.0,0,0,0,0,0.0,0,1,3,5.8,0
23,B,Texas A&M,LSU,Theo Melin Ohrstrom,Receiver,0,0,0.0,0,0,0,0,0.0,0,1,2,18.4,0
23,B,Texas A&M,LSU,Terry Bussey,Receiver,0,0,0.0,0,0,0,0,0.0,0,2,3,47.8,0
23,B,Texas A&M,LSU,Amari Niblack,Receiver,0,0,0.0,0,0,0,0,0.0,0,1,1,6.0,0
23,B,LSU,Texas A&M,Garrett Nussmeier,QB,21,13,186.3,1,0,2,0,0.0,0,0,0,0.0,0
23,B,LSU,Texas A&M,Caden Durham,Rusher,0,0,0.0,0,0,0,17,75.7,1,0,0,0.0,0
23,B,LSU,Texas A&M,Garrett Nussmeier,Rusher,0,0,0.0,0,0,0,2,9.9,0,0,0,0.0,0
23,B,LSU,Texas A&M,Ju'Juan Johnson,Rusher,0,0,0.0,0,0,0,6,34.6,0,0,0,0.0,0
23,B,LSU,Texas A&M,Harlem Berry,Rusher,0,0,0.0,0,0,0,5,13.5,0,0,0,0.0,0
23,B,LSU,Texas A&M,Kaleb Jackson,Rusher,0,0,0.0,0,0,0,1,3.4,0,0,0,0.0,0
23,B,LSU,Texas A&M,Other RB,Rusher,0,0,0.0,0,0,0,4,8.1,0,0,0,0.0,0
23,B,LSU,Texas A&M,Barion Brown,Receiver,0,0,0.0,0,0,0,0,0.0,0,2,5,31.7,0
23,B,LSU,Texas A&M,Zavion Thomas,Receiver,0,0,0.0,0,0,0,0,0.0,0,1,4,12.8,0
23,B,LSU,Texas A&M,Bauer Sharp,Receiver,0,0,0.0,0,0,0,0,0.0,0,4,4,27.9,0
23,B,LSU,Texas A&M,Trey'Dez Green,Receiver,0,0,0.0,0,0,0,0,0.0,0,1,2,5.3,0
23,B,LSU,Texas A&M,Nic Anderson,Receiver,0,0,0.0,0,0,0,0,0.0,0,1,1,12.5,0
23,B,LSU,Texas A&M,Chris Hilton Jr.,Receiver,0,0,0.0,0,0,0,0,0.0,0,0,1,0.0,0
23,B,LSU,Texas A&M,Other WR,Receiver,0,0,0.0,0,0,0,0,0.0,0,4,4,96.1,1
23,B,LSU,Texas A&M,Kyle Parker,Receiver,0,0,0.0,0,0,0,0,0.0,0,0,0,0.0,0
24,A,LSU,Texas A&M,Garrett Nussmeier,QB,27,18,154.7,0,0,2,0,0.0,0,0,0,0.0,0
24,A,LSU,Texas A&M,Other RB,Rusher,0,0,0.0,0,0,0,4,22.2,0,0,0,0.0,0
24,A,LSU,Texas A&M,Caden Durham,Rusher,0,0,0.0,0,0,0,12,46.1,0,0,0,0.0,0
24,A,LSU,Texas A&M,Harlem Berry,Rusher,0,0,0.0,0,0,0,6,13.3,0,0,0,0.0,0
24,A,LSU,Texas A&M,Garrett Nussmeier,Rusher,0,0,0.0,0,0,0,2,10.9,0,0,0,0.0,0
24,A,LSU,Texas A&M,Ju'Juan Johnson,Rusher,0,0,0.0,0,0,0,5,17.6,0,0,0,0.0,0
24,A,LSU,Texas A&M,Kaleb Jackson,Rusher,0,0,0.0,0,0,0,1,21.1,1,0,0,0.0,0
24,A,LSU,Texas A&M,Aaron Anderson,Receiver,0,0,0.0,0,0,0,0,0.0,0,6,8,31.2,0
24,A,LSU,Texas A&M,Nic Anderson,Receiver,0,0,0.0,0,0,0,0,0.0,0,3,5,22.8,0
24,A,LSU,Texas A&M,Barion Brown,Receiver,0,0,0.0,0,0,0,0,0.0,0,4,5,73.7,0
24,A,LSU,Texas A&M,Kyle Parker,Receiver,0,0,0.0,0,0,0,0,0.0,0,1,1,0.0,0
24,A,LSU,Texas A&M,Bauer Sharp,Receiver,0,0,0.0,0,0,0,0,0.0,0,2,3,18.8,0
24,A,LSU,Texas A&M,Trey'Dez Green,Receiver,0,0,0.0,0,0,0,0,0.0,0,1,2,2.0,0
24,A,LSU,Texas A&M,Chris Hilton Jr.,Receiver,0,0,0.0,0,0,0,0,0.0,0,1,2,6.3,0
24,A,LSU,Texas A&M,Zavion Thomas,Receiver,0,0,0.0,0,0,0,0,0.0,0,0,1,0.0,0
24,A,Texas A&M,LSU,Marcel Reed,QB,31,19,190.5,0,0,3,0,0.0,0,0,0,0.0,0
24,A,Texas A&M,LSU,Le'Veon Moss,Rusher,0,0,0.0,0,0,0,15,55.4,0,0,0,0.0,0
24,A,Texas A&M,LSU,E.J. Smith,Rusher,0,0,0.0,0,0,0,3,2.2,0,0,0,0.0,0
24,A,Texas A&M,LSU,Amari Daniels,Rusher,0,0,0.0,0,0,0,7,16.8,0,0,0,0.0,0
24,A,Texas A&M,LSU,Marcel Reed,Rusher,0,0,0.0,0,0,0,2,-8.0,0,0,0,0.0,0
24,A,Texas A&M,LSU,Miles O'Neill,Rusher,0,0,0.0,0,0,0,1,6.5,0,0,0,0.0,0
24,A,Texas A&M,LSU,Rueben Owens,Rusher,0,0,0.0,0,0,0,1,3.6,0,0,0,0.0,0
24,A,Texas A&M,LSU,Ashton Bethel-Roman,Receiver,0,0,0.0,0,0,0,0,0.0,0,1,2,13.7,0
24,A,Texas A&M,LSU,Terry Bussey,Receiver,0,0,0.0,0,0,0,0,0.0,0,1,3,0.0,0
24,A,Texas A&M,LSU,Mario Craver,Receiver,0,0,0.0,0,0,0,0,0.0,0,4,9,13.2,0
24,A,Texas A&M,LSU,Amari Niblack,Receiver,0,0,0.0,0,0,0,0,0.0,0,2,2,42.2,0
24,A,Texas A&M,LSU,Other WR,Receiver,0,0,0.0,0,0,0,0,0.0,0,4,5,36.4,0
24,A,Texas A&M,LSU,Kevin Concepcion,Receiver,0,0,0.0,0,0,0,0,0.0,0,3,5,38.0,0
24,A,Texas A&M,LSU,Theo Melin Ohrstrom,Receiver,0,0,0.0,0,0,0,0,0.0,0,4,4,47.0,0
24,A,Texas A&M,LSU,Nate Boerkircher,Receiver,0,0,0.0,0,0,0,0,0.0,0,0,1,0.0,0
25,B,Texas A&M,LSU,Marcel Reed,QB,27,19,242.5,1,0,3,0,0.0,0,0,0,0.0,0
25,B,Texas A&M,LSU,Marcel Reed,Rusher,0,0,0.0,0,0,0,7,73.5,2,0,0,0.0,0
25,B,Texas A&M,LSU,Le'Veon Moss,Rusher,0,0,0.0,0,0,0,16,79.8,2,0,0,0.0,0
25,B,Texas A&M,LSU,Amari Daniels,Rusher,0,0,0.0,0,0,0,5,24.4,0,0,0,0.0,0
25,B,Texas A&M,LSU,Miles O'Neill,Rusher,0,0,0.0,0,0,0,1,0.3,0,0,0,0.0,0
25,B,Texas A&M,LSU,Rueben Owens,Rusher,0,0,0.0,0,0,0,2,6.9,0,0,0,0.0,0
25,B,Texas A&M,LSU,E.J. Smith,Rusher,0,0,0.0,0,0,0,1,13.2,0,0,0,0.0,0
25,B,Texas A&M,LSU,Other WR,Receiver,0,0,0.0,0,0,0,0,0.0,0,3,6,55.8,0
25,B,Texas A&M,LSU,Kevin Concepcion,Receiver,0,0,0.0,0,0,0,0,0.0,0,6,7,87.4,0
25,B,Texas A&M,LSU,Mario Craver,Receiver,0,0,0.0,0,0,0,0,0.0,0,5,8,36.1,0
25,B,Texas A&M,LSU,Terry Bussey,Receiver,0,0,0.0,0,0,0,0,0.0,0,0,1,0.0,0
25,B,Texas A&M,LSU,Ashton Bethel-Roman,Receiver,0,0,0.0,0,0,0,0,0.0,0,3,3,52.2,1
25,B,Texas A&M,LSU,Theo Melin Ohrstrom,Receiver,0,0,0.0,0,0,0,0,0.0,0,1,1,0.0,0
25,B,Texas A&M,LSU,Amari Niblack,Receiver,0,0,0.0,0,0,0,0,0.0,0,1,1,10.9,0
25,B,LSU,Texas A&M,Garrett Nussmeier,QB,40,24,213.6,1,0,1,0,0.0,0,0,0,0.0,0
25,B,LSU,Texas A&M,Ju'Juan Johnson,Rusher,0,0,0.0,0,0,0,7,27.8,0,0,0,0.0,0
25,B,LSU,Texas A&M,Caden Durham,Rusher,0,0,0.0,0,0,0,17,58.8,0,0,0,0.0,0
25,B,LSU,Texas A&M,Kaleb Jackson,Rusher,0,0,0.0,0,0,0,1,9.2,1,0,0,0.0,0
25,B,LSU,Texas A&M,Harlem Berry,Rusher,0,0,0.0,0,0,0,2,4.5,0,0,0,0.0,0
25,B,LSU,Texas A&M,Other RB,Rusher,0,0,0.0,0,0,0,1,19.6,1,0,0,0.0,0
25,B,LSU,Texas A&M,Aaron Anderson,Receiver,0,0,0.0,0,0,0,0,0.0,0,6,7,57.1,0
25,B,LSU,Texas A&M,Nic Anderson,Receiver,0,0,0.0,0,0,0,0,0.0,0,1,3,9.3,0
25,B,LSU,Texas A&M,Bauer Sharp,Receiver,0,0,0.0,0,0,0,0,0.0,0,3,6,35.9,0
25,B,LSU,Texas A&M,Trey'Dez Green,Receiver,0,0,0.0,0,0,0,0,0.0,0,4,6,28.5,0
25,B,LSU,Texas A&M,Chris Hilton Jr.,Receiver,0,0,0.0,0,0,0,0,0.0,0,2,4,10.2,1
25,B,LSU,Texas A&M,Kyle Parker,Receiver,0,0,0.0,0,0,0,0,0.0,0,2,3,35.2,0
25,B,LSU,Texas A&M,Barion Brown,Receiver,0,0,0.0,0,0,0,0,0.0,0,2,4,25.5,0
25,B,LSU,Texas A&M,Zavion Thomas,Receiver,0,0,0.0,0,0,0,0,0.0,0,4,6,11.9,0
25,B,LSU,Texas A&M,Other WR,Receiver,0,0,0.0,0,0,0,0,0.0,0,0,1,0.0,0
26,A,LSU,Texas A&M,Garrett Nussmeier,QB,25,16,87.7,0,0,2,0,0.0,0,0,0,0.0,0
26,A,LSU,Texas A&M,Harlem Berry,Rusher,0,0,0.0,0,0,0,7,48.7,0,0,0,0.0,0
26,A,LSU,Texas A&M,Garrett Nussmeier,Rusher,0,0,0.0,0,0,0,1,2.4,0,0,0,0.0,0
26,A,LSU,Texas A&M,Caden Durham,Rusher,0,0,0.0,0,0,0,11,34.8,0,0,0,0.0,0
26,A,LSU,Texas A&M,Other RB,Rusher,0,0,0.0,0,0,0,6,12.3,0,0,0,0.0,0
26,A,LSU,Texas A&M,Ju'Juan Johnson,Rusher,0,0,0.0,0,0,0,6,32.0,1,0,0,0.0,0
26,A,LSU,Texas A&M,Zavion Thomas,Receiver,0,0,0.0,0,0,0,0,0.0,0,3,5,8.5,0
26,A,LSU,Texas A&M,Aaron Anderson,Receiver,0,0,0.0,0,0,0,0,0.0,0,5,5,40.8,0
26,A,LSU,Texas A&M,Bauer Sharp,Receiver,0,0,0.0,0,0,0,0,0.0,0,4,6,18.4,0
26,A,LSU,Texas A&M,Nic Anderson,Receiver,0,0,0.0,0,0,0,0,0.0,0,0,2,0.0,0
26,A,LSU,Texas A&M,Other WR,Receiver,0,0,0.0,0,0,0,0,0.0,0,2,4,5.7,0
26,A,LSU,Texas A&M,Kyle Parker,Receiver,0,0,0.0,0,0,0,0,0.0,0,1,1,0.0,0
26,A,LSU,Texas A&M,Barion Brown,Receiver,0,0,0.0,0,0,0,0,0.0,0,0,1,0.0,0
26,A,LSU,Texas A&M,Chris Hilton Jr.,Receiver,0,0,0.0,0,0,0,0,0.0,0,1,1,14.3,0
26,A,Texas A&M,LSU,Marcel Reed,QB,25,20,299.6,2,0,2,0,0.0,0,0,0,0.0,0
26,A,Texas A&M,LSU,Marcel Reed,Rusher,0,0,0.0,0,0,0,7,17.3,1,0,0,0.0,0
26,A,Texas A&M,LSU,Le'Veon Moss,Rusher,0,0,0.0,0,0,0,13,70.1,1,0,0,0.0,0
26,A,Texas A&M,LSU,Rueben Owens,Rusher,0,0,0.0,0,0,0,4,9.0,0,0,0,0.0,0
26,A,Texas A&M,LSU,Jamarion Morrow,Rusher,0,0,0.0,0,0,0,1,-4.0,0,0,0,0.0,0
26,A,Texas A&M,LSU,Amari Daniels,Rusher,0,0,0.0,0,0,0,3,19.8,0,0,0,0.0,0
26,A,Texas A&M,LSU,Miles O'Neill,Rusher,0,0,0.0,0,0,0,3,2.7,0,0,0,0.0,0
26,A,Texas A&M,LSU,E.J. Smith,Rusher,0,0,0.0,0,0,0,2,22.8,0,0,0,0.0,0
26,A,Texas A&M,LSU,Theo Melin Ohrstrom,Receiver,0,0,0.0,0,0,0,0,0.0,0,5,5,68.9,0
26,A,Texas A&M,LSU,Ashton Bethel-Roman,Receiver,0,0,0.0,0,0,0,0,0.0,0,2,4,24.2,0
26,A,Texas A&M,LSU,Mario Craver,Receiver,0,0,0.0,0,0,0,0,0.0,0,3,4,45.5,1
26,A,Texas A&M,LSU,Amari Niblack,Receiver,0,0,0.0,0,0,0,0,0.0,0,1,1,3.2,0
26,A,Texas A&M,LSU,Other WR,Receiver,0,0,0.0,0,0,0,0,0.0,0,4,5,71.9,0
26,A,Texas A&M,LSU,Kevin Concepcion,Receiver,0,0,0.0,0,0,0,0,0.0,0,4,5,66.1,0
26,A,Texas A&M,LSU,Nate Boerkircher,Receiver,0,0,0.0,0,0,0,0,0.0,0,1,1,19.8,1
27,B,Texas A&M,LSU,Marcel Reed,QB,37,24,207.1,0,0,4,0,0.0,0,0,0,0.0,0
27,B,Texas A&M,LSU,Le'Veon Moss,Rusher,0,0,0.0,0,0,0,19,88.6,0,0,0,0.0,0
27,B,Texas A&M,LSU,Jamarion Morrow,Rusher,0,0,0.0,0,0,0,1,5.7,0,0,0,0.0,0
27,B,Texas A&M,LSU,Marcel Reed,Rusher,0,0,0.0,0,0,0,14,40.7,1,0,0,0.0,0
27,B,Texas A&M,LSU,Amari Daniels,Rusher,0,0,0.0,0,0,0,1,-4.0,0,0,0,0.0,0
27,B,Texas A&M,LSU,Miles O'Neill,Rusher,0,0,0.0,0,0,0,3,35.1,1,0,0,0.0,0
27,B,Texas A&M,LSU,Rueben Owens,Rusher,0,0,0.0,0,0,0,1,0.0,0,0,0,0.0,0
27,B,Texas A&M,LSU,E.J. Smith,Rusher,0,0,0.0,0,0,0,2,9.5,0,0,0,0.0,0
27,B,Texas A&M,LSU,Mario Craver,Receiver,0,0,0.0,0,0,0,0,0.0,0,7,12,58.5,0
27,B,Texas A&M,LSU,Ashton Bethel-Roman,Receiver,0,0,0.0,0,0,0,0,0.0,0,2,3,16.6,0
27,B,Texas A&M,LSU,Kevin Concepcion,Receiver,0,0,0.0,0,0,0,0,0.0,0,3,4,17.4,0
27,B,Texas A&M,LSU,Other WR,Receiver,0,0,0.0,0,0,0,0,0.0,0,5,7,56.3,0
27,B,Texas A&M,LSU,Nate Boerkircher,Receiver,0,0,0.0,0,0,0,0,0.0,0,2,4,3.2,0
27,B,Texas A&M,LSU,Terry Bussey,Receiver,0,0,0.0,0,0,0,0,0.0,0,1,3,9.3,0
27,B,Texas A&M,LSU,Amari Niblack,Receiver,0,0,0.0,0,0,0,0,0.0,0,0,0,0.0,0
27,B,Texas A&M,LSU,Theo Melin Ohrstrom,Receiver,0,0,0.0,0,0,0,0,0.0,0,4,4,45.7,0
27,B,LSU,Texas A&M,Garrett Nussmeier,QB,21,10,79.1,1,0,5,0,0.0,0,0,0,0.0,0
27,B,LSU,Texas A&M,Ju'Juan Johnson,Rusher,0,0,0.0,0,0,0,2,7.1,0,0,0,0.0,0
27,B,LSU,Texas A&M,Caden Durham,Rusher,0,0,0.0,0,0,0,5,14.9,0,0,0,0.0,0
27,B,LSU,Texas A&M,Other RB,Rusher,0,0,0.0,0,0,0,2,14.9,0,0,0,0.0,0
27,B,LSU,Texas A&M,Kaleb Jackson,Rusher,0,0,0.0,0,0,0,3,-1.3,0,0,0,0.0,0
27,B,LSU,Texas A&M,Harlem Berry,Rusher,0,0,0.0,0,0,0,4,18.5,0,0,0,0.0,0
27,B,LSU,Texas A&M,Trey'Dez Green,Receiver,0,0,0.0,0,0,0,0,0.0,0,2,3,11.0,0
27,B,LSU,Texas A&M,Nic Anderson,Receiver,0,0,0.0,0,0,0,0,0.0,0,1,1,21.7,1
27,B,LSU,Texas A&M,Zavion Thomas,Receiver,0,0,0.0,0,0,0,0,0.0,0,1,3,0.7,0
27,B,LSU,Texas A&M,Other WR,Receiver,0,0,0.0,0,0,0,0,0.0,0,1,3,19.0,0
27,B,LSU,Texas A&M,Aaron Anderson,Receiver,0,0,0.0,0,0,0,0,0.0,0,0,1,0.0,0
27,B,LSU,Texas A&M,Barion Brown,Receiver,0,0,0.0,0,0,0,0,0.0,0,4,6,24.1,0
27,B,LSU,Texas A&M,Kyle Parker,Receiver,0,0,0.0,0,0,0,0,0.0,0,1,3,2.7,0
27,B,LSU,Texas A&M,Bauer Sharp,Receiver,0,0,0.0,0,0,0,0,0.0,0,0,1,0.0,0
28,A,LSU,Texas A&M,Garrett Nussmeier,QB,24,12,115.1,0,0,1,0,0.0,0,0,0,0.0,0
28,A,LSU,Texas A&M,Caden Durham,Rusher,0,0,0.0,0,0,0,19,82.2,1,0,0,0.0,0
28,A,LSU,Texas A&M,Other RB,Rusher,0,0,0.0,0,0,0,4,13.6,0,0,0,0.0,0
28,A,LSU,Texas A&M,Harlem Berry,Rusher,0,0,0.0,0,0,0,4,32.6,1,0,0,0.0,0
28,A,LSU,Texas A&M,Garrett Nussmeier,Rusher,0,0,0.0,0,0,0,4,1.5,0,0,0,0.0,0
28,A,LSU,Texas A&M,Kaleb Jackson,Rusher,0,0,0.0,0,0,0,1,6.7,0,0,0,0.0,0
28,A,LSU,Texas A&M,Ju'Juan Johnson,Rusher,0,0,0.0,0,0,0,2,11.9,1,0,0,0.0,0
28,A,LSU,Texas A&M,Kyle Parker,Receiver,0,0,0.0,0,0,0,0,0.0,0,1,3,5.6,0
28,A,LSU,Texas A&M,Bauer Sharp,Receiver,0,0,0.0,0,0,0,0,0.0,0,1,3,0.0,0
28,A,LSU,Texas A&M,Aaron Anderson,Receiver,0,0,0.0,0,0,0,0,0.0,0,5,9,52.3,0
28,A,LSU,Texas A&M,Chris Hilton Jr.,Receiver,0,0,0.0,0,0,0,0,0.0,0,0,1,0.0,0
28,A,LSU,Texas A&M,Nic Anderson,Receiver,0,0,0.0,0,0,0,0,0.0,0,0,1,0.0,0
28,A,LSU,Texas A&M,Other WR,Receiver,0,0,0.0,0,0,0,0,0.0,0,1,2,28.6,0
28,A,LSU,Texas A&M,Trey'Dez Green,Receiver,0,0,0.0,0,0,0,0,0.0,0,1,2,4.9,0
28,A,LSU,Texas A&M,Barion Brown,Receiver,0,0,0.0,0,0,0,0,0.0,0,2,2,23.7,0
28,A,LSU,Texas A&M,Zavion Thomas,Receiver,0,0,0.0,0,0,0,0,0.0,0,1,1,0.0,0
28,A,Texas A&M,LSU,Marcel Reed,QB,20,13,150.0,0,0,3,0,0.0,0,0,0,0.0,0
28,A,Texas A&M,LSU,Le'Veon Moss,Rusher,0,0,0.0,0,0,0,15,32.5,2,0,0,0.0,0
28,A,Texas A&M,LSU,Marcel Reed,Rusher,0,0,0.0,0,0,0,5,43.9,0,0,0,0.0,0
28,A,Texas A&M,LSU,Amari Daniels,Rusher,0,0,0.0,0,0,0,4,13.4,0,0,0,0.0,0
28,A,Texas A&M,LSU,Rueben Owens,Rusher,0,0,0.0,0,0,0,3,7.3,0,0,0,0.0,0
28,A,Texas A&M,LSU,Miles O'Neill,Rusher,0,0,0.0,0,0,0,1,-2.4,0,0,0,0.0,0
28,A,Texas A&M,LSU,E.J. Smith,Rusher,0,0,0.0,0,0,0,1,1.6,0,0,0,0.0,0
28,A,Texas A&M,LSU,Jamarion Morrow,Rusher,0,0,0.0,0,0,0,3,16.3,0,0,0,0.0,0
28,A,Texas A&M,LSU,Kevin Concepcion,Receiver,0,0,0.0,0,0,0,0,0.0,0,4,5,53.1,0
28,A,Texas A&M,LSU,Other WR,Receiver,0,0,0.0,0,0,0,0,0.0,0,0,3,0.0,0
28,A,Texas A&M,LSU,Mario Craver,Receiver,0,0,0.0,0,0,0,0,0.0,0,4,7,43.9,0
28,A,Texas A&M,LSU,Theo Melin Ohrstrom,Receiver,0,0,0.0,0,0,0,0,0.0,0,1,1,4.6,0
28,A,Texas A&M,LSU,Terry Bussey,Receiver,0,0,0.0,0,0,0,0,0.0,0,2,2,18.6,0
28,A,Texas A&M,LSU,Ashton Bethel-Roman,Receiver,0,0,0.0,0,0,0,0,0.0,0,2,2,29.8,0
29,B,Texas A&M,LSU,Marcel Reed,QB,30,22,228.7,1,0,12,0,0.0,0,0,0,0.0,0
29,B,Texas A&M,LSU,Jamarion Morrow,Rusher,0,0,0.0,0,0,0,1,-4.0,0,0,0,0.0,0
29,B,Texas A&M,LSU,Marcel Reed,Rusher,0,0,0.0,0,0,0,6,14.1,0,0,0,0.0,0
29,B,Texas A&M,LSU,Le'Veon Moss,Rusher,0,0,0.0,0,0,0,9,41.4,0,0,0,0.0,0
29,B,Texas A&M,LSU,Amari Daniels,Rusher,0,0,0.0,0,0,0,3,21.7,0,0,0,0.0,0
29,B,Texas A&M,LSU,Rueben Owens,Rusher,0,0,0.0,0,0,0,1,3.6,0,0,0,0.0,0
29,B,Texas A&M,LSU,Nate Boerkircher,Receiver,0,0,0.0,0,0,0,0,0.0,0,2,2,22.0,0
29,B,Texas A&M,LSU,Kevin Concepcion,Receiver,0,0,0.0,0,0,0,0,0.0,0,9,10,62.1,1
29,B,Texas A&M,LSU,Mario Craver,Receiver,0,0,0.0,0,0,0,0,0.0,0,3,7,19.7,0
29,B,Texas A&M,LSU,Ashton Bethel-Roman,Receiver,0,0,0.0,0,0,0,0,0.0,0,2,3,32.3,0
29,B,Texas A&M,LSU,Other WR,Receiver,0,0,0.0,0,0,0,0,0.0,0,3,4,58.1,0
29,B,Texas A&M,LSU,Theo Melin Ohrstrom,Receiver,0,0,0.0,0,0,0,0,0.0,0,1,1,10.2,0
29,B,Texas A&M,LSU,Amari Niblack,Receiver,0,0,0.0,0,0,0,0,0.0,0,1,1,23.3,0
29,B,Texas A&M,LSU,Terry Bussey,Receiver,0,0,0.0,0,0,0,0,0.0,0,1,2,0.9,0
29,B,LSU,Texas A&M,Garrett Nussmeier,QB,26,18,187.3,1,1,1,0,0.0,0,0,0,0.0,0
29,B,LSU,Texas A&M,Caden Durham,Rusher,0,0,0.0,0,0,0,17,56.0,2,0,0,0.0,0
29,B,LSU,Texas A&M,Harlem Berry,Rusher,0,0,0.0,0,0,0,6,17.7,0,0,0,0.0,0
29,B,LSU,Texas A&M,Ju'Juan Johnson,Rusher,0,0,0.0,0,0,0,3,7.3,0,0,0,0.0,0
29,B,LSU,Texas A&M,Other RB,Rusher,0,0,0.0,0,0,0,1,1.0,0,0,0,0.0,0
29,B,LSU,Texas A&M,Kaleb Jackson,Rusher,0,0,0.0,0,0,0,1,16.1,0,0,0,0.0,0
29,B,LSU,Texas A&M,Aaron Anderson,Receiver,0,0,0.0,0,0,0,0,0.0,0,7,10,56.3,0
29,B,LSU,Texas A&M,Zavion Thomas,Receiver,0,0,0.0,0,0,0,0,0.0,0,1,2,9.5,0
29,B,LSU,Texas A&M,Barion Brown,Receiver,0,0,0.0,0,0,0,0,0.0,0,2,4,31.2,0
29,B,LSU,Texas A&M,Nic Anderson,Receiver,0,0,0.0,0,0,0,0,0.0,0,2,2,14.2,0
29,B,LSU,Texas A&M,Bauer Sharp,Receiver,0,0,0.0,0,0,0,0,0.0,0,4,5,42.3,0
29,B,LSU,Texas A&M,Other WR,Receiver,0,0,0.0,0,0,0,0,0.0,0,1,2,13.4,0
29,B,LSU,Texas A&M,Trey'Dez Green,Receiver,0,0,0.0,0,0,0,0,0.0,0,1,1,20.4,1
30,A,LSU,Texas A&M,Garrett Nussmeier,QB,41,26,222.8,2,0,3,0,0.0,0,0,0,0.0,0
30,A,LSU,Texas A&M,Caden Durham,Rusher,0,0,0.0,0,0,0,7,31.2,0,0,0,0.0,0
30,A,LSU,Texas A&M,Kaleb Jackson,Rusher,0,0,0.0,0,0,0,2,20.9,0,0,0,0.0,0
30,A,LSU,Texas A&M,Harlem Berry,Rusher,0,0,0.0,0,0,0,6,23.2,1,0,0,0.0,0
30,A,LSU,Texas A&M,Other RB,Rusher,0,0,0.0,0,0,0,1,0.9,0,0,0,0.0,0
30,A,LSU,Texas A&M,Ju'Juan Johnson,Rusher,0,0,0.0,0,0,0,3,25.8,0,0,0,0.0,0
30,A,LSU,Texas A&M,Kyle Parker,Receiver,0,0,0.0,0,0,0,0,0.0,0,2,4,34.4,1
30,A,LSU,Texas A&M,Bauer Sharp,Receiver,0,0,0.0,0,0,0,0,0.0,0,4,5,16.1,0
30,A,LSU,Texas A&M,Chris Hilton Jr.,Receiver,0,0,0.0,0,0,0,0,0.0,0,1,2,0.8,0
30,A,LSU,Texas A&M,Other WR,Receiver,0,0,0.0,0,0,0,0,0.0,0,3,5,45.5,0
30,A,LSU,Texas A&M,Zavion Thomas,Receiver,0,0,0.0,0,0,0,0,0.0,0,4,6,23.6,0
30,A,LSU,Texas A&M,Nic Anderson,Receiver,0,0,0.0,0,0,0,0,0.0,0,4,9,22.7,0
30,A,LSU,Texas A&M,Aaron Anderson,Receiver,0,0,0.0,0,0,0,0,0.0,0,2,3,19.7,0
30,A,LSU,Texas A&M,Trey'Dez Green,Receiver,0,0,0.0,0,0,0,0,0.0,0,5,5,57.9,1
30,A,LSU,Texas A&M,Barion Brown,Receiver,0,0,0.0,0,0,0,0,0.0,0,1,2,2.0,0
30,A,Texas A&M,LSU,Marcel Reed,QB,23,16,163.3,2,0,1,0,0.0,0,0,0,0.0,0
30,A,Texas A&M,LSU,Amari Daniels,Rusher,0,0,0.0,0,0,0,6,19.2,0,0,0,0.0,0
30,A,Texas A&M,LSU,Rueben Owens,Rusher,0,0,0.0,0,0,0,9,71.8,1,0,0,0.0,0
30,A,Texas A&M,LSU,Marcel Reed,Rusher,0,0,0.0,0,0,0,8,11.6,1,0,0,0.0,0
30,A,Texas A&M,LSU,Le'Veon Moss,Rusher,0,0,0.0,0,0,0,11,66.9,0,0,0,0.0,0
30,A,Texas A&M,LSU,E.J. Smith,Rusher,0,0,0.0,0,0,0,1,4.5,0,0,0,0.0,0
30,A,Texas A&M,LSU,Kevin Concepcion,Receiver,0,0,0.0,0,0,0,0,0.0,0,4,5,26.6,0
30,A,Texas A&M,LSU,Mario Craver,Receiver,0,0,0.0,0,0,0,0,0.0,0,3,4,18.5,1
30,A,Texas A&M,LSU,Theo Melin Ohrstrom,Receiver,0,0,0.0,0,0,0,0,0.0,0,4,4,50.7,1
30,A,Texas A&M,LSU,Other WR,Receiver,0,0,0.0,0,0,0,0,0.0,0,3,5,46.6,0
30,A,Texas A&M,LSU,Ashton Bethel-Roman,Receiver,0,0,0.0,0,0,0,0,0.0,0,2,4,20.9,0
30,A,Texas A&M,LSU,Nate Boerkircher,Receiver,0,0,0.0,0,0,0,0,0.0,0,0,1,0.0,0
31,B,Texas A&M,LSU,Marcel Reed,QB,25,14,173.6,2,0,1,0,0.0,0,0,0,0.0,0
31,B,Texas A&M,LSU,Marcel Reed,Rusher,0,0,0.0,0,0,0,8,1.0,0,0,0,0.0,0
31,B,Texas A&M,LSU,Miles O'Neill,Rusher,0,0,0.0,0,0,0,2,11.2,0,0,0,0.0,0
31,B,Texas A&M,LSU,Amari Daniels,Rusher,0,0,0.0,0,0,0,3,18.9,0,0,0,0.0,0
31,B,Texas A&M,LSU,Rueben Owens,Rusher,0,0,0.0,0,0,0,8,24.5,0,0,0,0.0,0
31,B,Texas A&M,LSU,Le'Veon Moss,Rusher,0,0,0.0,0,0,0,18,61.4,0,0,0,0.0,0
31,B,Texas A&M,LSU,Other RB,Rusher,0,0,0.0,0,0,0,1,-3.5,0,0,0,0.0,0
31,B,Texas A&M,LSU,E.J. Smith,Rusher,0,0,0.0,0,0,0,1,-4.0,0,0,0,0.0,0
31,B,Texas A&M,LSU,Other WR,Receiver,0,0,0.0,0,0,0,0,0.0,0,2,5,13.1,0
31,B,Texas A&M,LSU,Mario Craver,Receiver,0,0,0.0,0,0,0,0,0.0,0,4,8,78.9,2
31,B,Texas A&M,LSU,Amari Niblack,Receiver,0,0,0.0,0,0,0,0,0.0,0,1,1,9.4,0
31,B,Texas A&M,LSU,Nate Boerkircher,Receiver,0,0,0.0,0,0,0,0,0.0,0,1,2,4.0,0
31,B,Texas A&M,LSU,Ashton Bethel-Roman,Receiver,0,0,0.0,0,0,0,0,0.0,0,3,3,35.0,0
31,B,Texas A&M,LSU,Terry Bussey,Receiver,0,0,0.0,0,0,0,0,0.0,0,2,2,29.5,0
31,B,Texas A&M,LSU,Kevin Concepcion,Receiver,0,0,0.0,0,0,0,0,0.0,0,1,4,3.7,0
31,B,LSU,Texas A&M,Garrett Nussmeier,QB,29,21,161.9,0,0,1,0,0.0,0,0,0,0.0,0
31,B,LSU,Texas A&M,Harlem Berry,Rusher,0,0,0.0,0,0,0,4,12.2,0,0,0,0.0,0
31,B,LSU,Texas A&M,Caden Durham,Rusher,0,0,0.0,0,0,0,12,32.1,1,0,0,0.0,0
31,B,LSU,Texas A&M,Other RB,Rusher,0,0,0.0,0,0,0,3,0.1,0,0,0,0.0,0
31,B,LSU,Texas A&M,Garrett Nussmeier,Rusher,0,0,0.0,0,0,0,4,17.2,1,0,0,0.0,0
31,B,LSU,Texas A&M,Ju'Juan Johnson,Rusher,0,0,0.0,0,0,0,2,15.9,0,0,0,0.0,0
31,B,LSU,Texas A&M,Kaleb Jackson,Rusher,0,0,0.0,0,0,0,1,8.6,0,0,0,0.0,0
31,B,LSU,Texas A&M,Zavion Thomas,Receiver,0,0,0.0,0,0,0,0,0.0,0,2,3,0.7,0
31,B,LSU,Texas A&M,Kyle Parker,Receiver,0,0,0.0,0,0,0,0,0.0,0,2,3,9.9,0
31,B,LSU,Texas A&M,Aaron Anderson,Receiver,0,0,0.0,0,0,0,0,0.0,0,5,7,37.0,0
31,B,LSU,Texas A&M,Other WR,Receiver,0,0,0.0,0,0,0,0,0.0,0,2,2,22.5,0
31,B,LSU,Texas A&M,Nic Anderson,Receiver,0,0,0.0,0,0,0,0,0.0,0,2,2,5.4,0
31,B,LSU,Texas A&M,Bauer Sharp,Receiver,0,0,0.0,0,0,0,0,0.0,0,2,2,33.2,0
31,B,LSU,Texas A&M,Trey'Dez Green,Receiver,0,0,0.0,0,0,0,0,0.0,0,3,3,26.3,0
31,B,LSU,Texas A&M,Chris Hilton Jr.,Receiver,0,0,0.0,0,0,0,0,0.0,0,2,4,22.7,0
31,B,LSU,Texas A&M,Barion Brown,Receiver,0,0,0.0,0,0,0,0,0.0,0,1,3,4.3,0
32,A,LSU,Texas A&M,Garrett Nussmeier,QB,32,21,272.4,3,0,1,0,0.0,0,0,0,0.0,0
32,A,LSU,Texas A&M,Garrett Nussmeier,Rusher,0,0,0.0,0,0,0,2,2.3,0,0,0,0.0,0
32,A,LSU,Texas A&M,Ju'Juan Johnson,Rusher,0,0,0.0,0,0,0,5,1.2,0,0,0,0.0,0
32,A,LSU,Texas A&M,Other RB,Rusher,0,0,0.0,0,0,0,4,15.9,0,0,0,0.0,0
32,A,LSU,Texas A&M,Caden Durham,Rusher,0,0,0.0,0,0,0,18,68.8,0,0,0,0.0,0
32,A,LSU,Texas A&M,Harlem Berry,Rusher,0,0,0.0,0,0,0,4,1.8,0,0,0,0.0,0
32,A,LSU,Texas A&M,Kaleb Jackson,Rusher,0,0,0.0,0,0,0,1,2.2,0,0,0,0.0,0
32,A,LSU,Texas A&M,Trey'Dez Green,Receiver,0,0,0.0,0,0,0,0,0.0,0,4,5,46.9,0
32,A,LSU,Texas A&M,Barion Brown,Receiver,0,0,0.0,0,0,0,0,0.0,0,3,4,27.2,0
32,A,LSU,Texas A&M,Kyle Parker,Receiver,0,0,0.0,0,0,0,0,0.0,0,6,6,83.9,1
32,A,LSU,Texas A&M,Bauer Sharp,Receiver,0,0,0.0,0,0,0,0,0.0,0,3,6,29.2,1
32,A,LSU,Texas A&M,Aaron Anderson,Receiver,0,0,0.0,0,0,0,0,0.0,0,1,5,3.6,0
32,A,LSU,Texas A&M,Chris Hilton Jr.,Receiver,0,0,0.0,0,0,0,0,0.0,0,1,2,19.9,1
32,A,LSU,Texas A&M,Nic Anderson,Receiver,0,0,0.0,0,0,0,0,0.0,0,1,1,8.0,0
32,A,LSU,Texas A&M,Other WR,Receiver,0,0,0.0,0,0,0,0,0.0,0,2,3,53.8,0
32,A,Texas A&M,LSU,Marcel Reed,QB,25,15,84.5,0,0,6,0,0.0,0,0,0,0.0,0
32,A,Texas A&M,LSU,Marcel Reed,Rusher,0,0,0.0,0,0,0,3,15.2,0,0,0,0.0,0
32,A,Texas A&M,LSU,Rueben Owens,Rusher,0,0,0.0,0,0,0,2,10.5,0,0,0,0.0,0
32,A,Texas A&M,LSU,Le'Veon Moss,Rusher,0,0,0.0,0,0,0,13,50.4,0,0,0,0.0,0
32,A,Texas A&M,LSU,E.J. Smith,Rusher,0,0,0.0,0,0,0,2,8.3,0,0,0,0.0,0
32,A,Texas A&M,LSU,Jamarion Morrow,Rusher,0,0,0.0,0,0,0,1,0.3,0,0,0,0.0,0
32,A,Texas A&M,LSU,Amari Daniels,Rusher,0,0,0.0,0,0,0,1,3.3,0,0,0,0.0,0
32,A,Texas A&M,LSU,Other WR,Receiver,0,0,0.0,0,0,0,0,0.0,0,2,4,17.7,0
32,A,Texas A&M,LSU,Mario Craver,Receiver,0,0,0.0,0,0,0,0,0.0,0,5,7,25.9,0
32,A,Texas A&M,LSU,Terry Bussey,Receiver,0,0,0.0,0,0,0,0,0.0,0,0,1,0.0,0
32,A,Texas A&M,LSU,Theo Melin Ohrstrom,Receiver,0,0,0.0,0,0,0,0,0.0,0,1,2,0.0,0
32,A,Texas A&M,LSU,Kevin Concepcion,Receiver,0,0,0.0,0,0,0,0,0.0,0,3,5,11.9,0
32,A,Texas A&M,LSU,Nate Boerkircher,Receiver,0,0,0.0,0,0,0,0,0.0,0,1,2,8.6,0
32,A,Texas A&M,LSU,Amari Niblack,Receiver,0,0,0.0,0,0,0,0,0.0,0,1,2,0.0,0
32,A,Texas A&M,LSU,Ashton Bethel-Roman,Receiver,0,0,0.0,0,0,0,0,0.0,0,2,2,20.4,0
33,B,Texas A&M,LSU,Marcel Reed,QB,29,19,191.7,1,0,4,0,0.0,0,0,0,0.0,0
33,B,Texas A&M,LSU,Marcel Reed,Rusher,0,0,0.0,0,0,0,7,26.0,1,0,0,0.0,0
33,B,Texas A&M,LSU,Le'Veon Moss,Rusher,0,0,0.0,0,0,0,9,63.0,0,0,0,0.0,0
33,B,Texas A&M,LSU,Jamarion Morrow,Rusher,0,0,0.0,0,0,0,2,13.5,1,0,0,0.0,0
33,B,Texas A&M,LSU,E.J. Smith,Rusher,0,0,0.0,0,0,0,2,3.4,0,0,0,0.0,0
33,B,Texas A&M,LSU,Amari Daniels,Rusher,0,0,0.0,0,0,0,2,5.3,0,0,0,0.0,0
33,B,Texas A&M,LSU,Rueben Owens,Rusher,0,0,0.0,0,0,0,5,14.2,0,0,0,0.0,0
33,B,Texas A&M,LSU,Mario Craver,Receiver,0,0,0.0,0,0,0,0,0.0,0,5,7,37.9,0
33,B,Texas A&M,LSU,Kevin Concepcion,Receiver,0,0,0.0,0,0,0,0,0.0,0,6,9,68.8,0
33,B,Texas A&M,LSU,Other WR,Receiver,0,0,0.0,0,0,0,0,0.0,0,2,3,20.9,0
33,B,Texas A&M,LSU,Ashton Bethel-Roman,Receiver,0,0,0.0,0,0,0,0,0.0,0,4,5,42.2,1
33,B,Texas A&M,LSU,Theo Melin Ohrstrom,Receiver,0,0,0.0,0,0,0,0,0.0,0,1,1,5.9,0
33,B,Texas A&M,LSU,Terry Bussey,Receiver,0,0,0.0,0,0,0,0,0.0,0,1,3,16.0,0
33,B,Texas A&M,LSU,Nate Boerkircher,Receiver,0,0,0.0,0,0,0,0,0.0,0,0,1,0.0,0
33,B,LSU,Texas A&M,Garrett Nussmeier,QB,28,25,339.0,3,0,1,0,0.0,0,0,0,0.0,0
33,B,LSU,Texas A&M,Caden Durham,Rusher,0,0,0.0,0,0,0,14,85.5,1,0,0,0.0,0
33,B,LSU,Texas A&M,Harlem Berry,Rusher,0,0,0.0,0,0,0,4,21.5,1,0,0,0.0,0
33,B,LSU,Texas A&M,Kaleb Jackson,Rusher,0,0,0.0,0,0,0,2,6.3,0,0,0,0.0,0
33,B,LSU,Texas A&M,Garrett Nussmeier,Rusher,0,0,0.0,0,0,0,3,16.9,0,0,0,0.0,0
33,B,LSU,Texas A&M,Ju'Juan Johnson,Rusher,0,0,0.0,0,0,0,4,-0.8,0,0,0,0.0,0
33,B,LSU,Texas A&M,Other RB,Rusher,0,0,0.0,0,0,0,1,-1.8,0,0,0,0.0,0
33,B,LSU,Texas A&M,Nic Anderson,Receiver,0,0,0.0,0,0,0,0,0.0,0,2,2,29.6,0
33,B,LSU,Texas A&M,Other WR,Receiver,0,0,0.0,0,0,0,0,0.0,0,2,2,27.9,0
33,B,LSU,Texas A&M,Zavion Thomas,Receiver,0,0,0.0,0,0,0,0,0.0,0,5,6,88.0,2
33,B,LSU,Texas A&M,Chris Hilton Jr.,Receiver,0,0,0.0,0,0,0,0,0.0,0,4,4,40.5,1
33,B,LSU,Texas A&M,Trey'Dez Green,Receiver,0,0,0.0,0,0,0,0,0.0,0,3,3,40.9,0
33,B,LSU,Texas A&M,Kyle Parker,Receiver,0,0,0.0,0,0,0,0,0.0,0,2,2,26.0,0
33,B,LSU,Texas A&M,Aaron Anderson,Receiver,0,0,0.0,0,0,0,0,0.0,0,3,3,45.7,0
33,B,LSU,Texas A&M,Barion Brown,Receiver,0,0,0.0,0,0,0,0,0.0,0,4,4,40.3,0
33,B,LSU,Texas A&M,Bauer Sharp,Receiver,0,0,0.0,0,0,0,0,0.0,0,0,2,0.0,0
34,A,LSU,Texas A&M,Garrett Nussmeier,QB,22,15,178.8,2,0,1,0,0.0,0,0,0,0.0,0
34,A,LSU,Texas A&M,Other RB,Rusher,0,0,0.0,0,0,0,3,6.3,0,0,0,0.0,0
34,A,LSU,Texas A&M,Caden Durham,Rusher,0,0,0.0,0,0,0,23,96.2,1,0,0,0.0,0
34,A,LSU,Texas A&M,Harlem Berry,Rusher,0,0,0.0,0,0,0,4,23.8,0,0,0,0.0,0
34,A,LSU,Texas A&M,Kaleb Jackson,Rusher,0,0,0.0,0,0,0,3,22.6,1,0,0,0.0,0
34,A,LSU,Texas A&M,Ju'Juan Johnson,Rusher,0,0,0.0,0,0,0,3,9.8,0,0,0,0.0,0
34,A,LSU,Texas A&M,Garrett Nussmeier,Rusher,0,0,0.0,0,0,0,2,10.3,0,0,0,0.0,0
34,A,LSU,Texas A&M,Bauer Sharp,Receiver,0,0,0.0,0,0,0,0,0.0,0,1,2,9.1,0
34,A,LSU,Texas A&M,Zavion Thomas,Receiver,0,0,0.0,0,0,0,0,0.0,0,1,2,3.2,0
34,A,LSU,Texas A&M,Aaron Anderson,Receiver,0,0,0.0,0,0,0,0,0.0,0,3,3,59.7,0
34,A,LSU,Texas A&M,Chris Hilton Jr.,Receiver,0,0,0.0,0,0,0,0,0.0,0,0,1,0.0,0
34,A,LSU,Texas A&M,Nic Anderson,Receiver,0,0,0.0,0,0,0,0,0.0,0,6,7,64.7,1
34,A,LSU,Texas A&M,Kyle Parker,Receiver,0,0,0.0,0,0,0,0,0.0,0,1,2,2.2,0
34,A,LSU,Texas A&M,Barion Brown,Receiver,0,0,0.0,0,0,0,0,0.0,0,1,1,18.7,1
34,A,LSU,Texas A&M,Trey'Dez Green,Receiver,0,0,0.0,0,0,0,0,0.0,0,1,1,0.0,0
34,A,LSU,Texas A&M,Other WR,Receiver,0,0,0.0,0,0,0,0,0.0,0,1,3,21.2,0
34,A,Texas A&M,LSU,Marcel Reed,QB,30,18,219.6,1,0,6,0,0.0,0,0,0,0.0,0
34,A,Texas A&M,LSU,Rueben Owens,Rusher,0,0,0.0,0,0,0,6,31.4,1,0,0,0.0,0
34,A,Texas A&M,LSU,Marcel Reed,Rusher,0,0,0.0,0,0,0,8,2.3,0,0,0,0.0,0
34,A,Texas A&M,LSU,Jamarion Morrow,Rusher,0,0,0.0,0,0,0,3,22.7,0,0,0,0.0,0
34,A,Texas A&M,LSU,Amari Daniels,Rusher,0,0,0.0,0,0,0,3,19.7,0,0,0,0.0,0
34,A,Texas A&M,LSU,Le'Veon Moss,Rusher,0,0,0.0,0,0,0,5,11.0,0,0,0,0.0,0
34,A,Texas A&M,LSU,Miles O'Neill,Rusher,0,0,0.0,0,0,0,2,14.9,0,0,0,0.0,0
34,A,Texas A&M,LSU,E.J. Smith,Rusher,0,0,0.0,0,0,0,1,4.0,0,0,0,0.0,0
34,A,Texas A&M,LSU,Kevin Concepcion,Receiver,0,0,0.0,0,0,0,0,0.0,0,2,5,10.2,0
34,A,Texas A&M,LSU,Ashton Bethel-Roman,Receiver,0,0,0.0,0,0,0,0,0.0,0,3,5,41.5,0
34,A,Texas A&M,LSU,Other WR,Receiver,0,0,0.0,0,0,0,0,0.0,0,7,9,66.8,0
34,A,Texas A&M,LSU,Mario Craver,Receiver,0,0,0.0,0,0,0,0,0.0,0,2,6,36.7,0
34,A,Texas A&M,LSU,Theo Melin Ohrstrom,Receiver,0,0,0.0,0,0,0,0,0.0,0,2,3,40.4,1
34,A,Texas A&M,LSU,Terry Bussey,Receiver,0,0,0.0,0,0,0,0,0.0,0,2,2,24.0,0
34,A,Texas A&M,LSU,Nate Boerkircher,Receiver,0,0,0.0,0,0,0,0,0.0,0,0,0,0.0,0
35,B,Texas A&M,LSU,Marcel Reed,QB,34,22,268.0,1,0,8,0,0.0,0,0,0,0.0,0
35,B,Texas A&M,LSU,Le'Veon Moss,Rusher,0,0,0.0,0,0,0,11,20.3,0,0,0,0.0,0
35,B,Texas A&M,LSU,Rueben Owens,Rusher,0,0,0.0,0,0,0,9,36.6,0,0,0,0.0,0
35,B,Texas A&M,LSU,Marcel Reed,Rusher,0,0,0.0,0,0,0,6,30.0,0,0,0,0.0,0
35,B,Texas A&M,LSU,Jamarion Morrow,Rusher,0,0,0.0,0,0,0,1,8.3,0,0,0,0.0,0
35,B,Texas A&M,LSU,Amari Daniels,Rusher,0,0,0.0,0,0,0,3,-1.0,0,0,0,0.0,0
35,B,Texas A&M,LSU,Terry Bussey,Receiver,0,0,0.0,0,0,0,0,0.0,0,3,3,42.4,0
35,B,Texas A&M,LSU,Nate Boerkircher,Receiver,0,0,0.0,0,0,0,0,0.0,0,0,1,0.0,0
35,B,Texas A&M,LSU,Ashton Bethel-Roman,Receiver,0,0,0.0,0,0,0,0,0.0,0,5,6,39.6,0
35,B,Texas A&M,LSU,Other WR,Receiver,0,0,0.0,0,0,0,0,0.0,0,1,3,0.0,0
35,B,Texas A&M,LSU,Amari Niblack,Receiver,0,0,0.0,0,0,0,0,0.0,0,1,1,9.3,0
35,B,Texas A&M,LSU,Kevin Concepcion,Receiver,0,0,0.0,0,0,0,0,0.0,0,7,11,119.8,1
35,B,Texas A&M,LSU,Mario Craver,Receiver,0,0,0.0,0,0,0,0,0.0,0,5,8,56.9,0
35,B,Texas A&M,LSU,Theo Melin Ohrstrom,Receiver,0,0,0.0,0,0,0,0,0.0,0,0,1,0.0,0
35,B,LSU,Texas A&M,Garrett Nussmeier,QB,19,9,101.7,1,0,1,0,0.0,0,0,0,0.0,0
35,B,LSU,Texas A&M,Caden Durham,Rusher,0,0,0.0,0,0,0,15,87.2,1,0,0,0.0,0
35,B,LSU,Texas A&M,Ju'Juan Johnson,Rusher,0,0,0.0,0,0,0,4,36.2,0,0,0,0.0,0
35,B,LSU,Texas A&M,Kaleb Jackson,Rusher,0,0,0.0,0,0,0,4,15.2,0,0,0,0.0,0
35,B,LSU,Texas A&M,Garrett Nussmeier,Rusher,0,0,0.0,0,0,0,2,-5.0,0,0,0,0.0,0
35,B,LSU,Texas A&M,Harlem Berry,Rusher,0,0,0.0,0,0,0,3,10.5,0,0,0,0.0,0
35,B,LSU,Texas A&M,Other RB,Rusher,0,0,0.0,0,0,0,2,0.1,0,0,0,0.0,0
35,B,LSU,Texas A&M,Trey'Dez Green,Receiver,0,0,0.0,0,0,0,0,0.0,0,1,4,18.8,0
35,B,LSU,Texas A&M,Barion Brown,Receiver,0,0,0.0,0,0,0,0,0.0,0,3,4,44.0,1
35,B,LSU,Texas A&M,Zavion Thomas,Receiver,0,0,0.0,0,0,0,0,0.0,0,2,3,13.4,0
35,B,LSU,Texas A&M,Chris Hilton Jr.,Receiver,0,0,0.0,0,0,0,0,0.0,0,1,3,0.0,0
35,B,LSU,Texas A&M,Other WR,Receiver,0,0,0.0,0,0,0,0,0.0,0,1,2,4.2,0
35,B,LSU,Texas A&M,Aaron Anderson,Receiver,0,0,0.0,0,0,0,0,0.0,0,1,3,21.3,0
35,B,LSU,Texas A&M,Bauer Sharp,Receiver,0,0,0.0,0,0,0,0,0.0,0,0,0,0.0,0
36,A,LSU,Texas A&M,Garrett Nussmeier,QB,32,20,203.4,2,0,3,0,0.0,0,0,0,0.0,0
36,A,LSU,Texas A&M,Harlem Berry,Rusher,0,0,0.0,0,0,0,3,-2.8,0,0,0,0.0,0
36,A,LSU,Texas A&M,Caden Durham,Rusher,0,0,0.0,0,0,0,12,53.5,0,0,0,0.0,0
36,A,LSU,Texas A&M,Ju'Juan Johnson,Rusher,0,0,0.0,0,0,0,3,8.0,0,0,0,0.0,0
36,A,LSU,Texas A&M,Garrett Nussmeier,Rusher,0,0,0.0,0,0,0,1,1.6,0,0,0,0.0,0
36,A,LSU,Texas A&M,Kaleb Jackson,Rusher,0,0,0.0,0,0,0,2,6.5,0,0,0,0.0,0
36,A,LSU,Texas A&M,Bauer Sharp,Receiver,0,0,0.0,0,0,0,0,0.0,0,1,1,1.0,0
36,A,LSU,Texas A&M,Nic Anderson,Receiver,0,0,0.0,0,0,0,0,0.0,0,2,3,23.2,0
36,A,LSU,Texas A&M,Aaron Anderson,Receiver,0,0,0.0,0,0,0,0,0.0,0,4,6,30.3,0
36,A,LSU,Texas A&M,Barion Brown,Receiver,0,0,0.0,0,0,0,0,0.0,0,4,9,39.8,0
36,A,LSU,Texas A&M,Other WR,Receiver,0,0,0.0,0,0,0,0,0.0,0,4,6,47.8,1
36,A,LSU,Texas A&M,Chris Hilton Jr.,Receiver,0,0,0.0,0,0,0,0,0.0,0,1,2,8.0,0
36,A,LSU,Texas A&M,Zavion Thomas,Receiver,0,0,0.0,0,0,0,0,0.0,0,2,2,17.4,0
36,A,LSU,Texas A&M,Trey'Dez Green,Receiver,0,0,0.0,0,0,0,0,0.0,0,0,1,0.0,0
36,A,LSU,Texas A&M,Kyle Parker,Receiver,0,0,0.0,0,0,0,0,0.0,0,2,2,35.9,1
36,A,Texas A&M,LSU,Marcel Reed,QB,16,11,104.8,1,0,4,0,0.0,0,0,0,0.0,0
36,A,Texas A&M,LSU,Rueben Owens,Rusher,0,0,0.0,0,0,0,8,31.9,1,0,0,0.0,0
36,A,Texas A&M,LSU,Amari Daniels,Rusher,0,0,0.0,0,0,0,8,25.4,0,0,0,0.0,0
36,A,Texas A&M,LSU,Le'Veon Moss,Rusher,0,0,0.0,0,0,0,19,58.4,0,0,0,0.0,0
36,A,Texas A&M,LSU,Marcel Reed,Rusher,0,0,0.0,0,0,0,4,33.4,0,0,0,0.0,0
36,A,Texas A&M,LSU,E.J. Smith,Rusher,0,0,0.0,0,0,0,1,3.1,0,0,0,0.0,0
36,A,Texas A&M,LSU,Miles O'Neill,Rusher,0,0,0.0,0,0,0,1,3.7,0,0,0,0.0,0
36,A,Texas A&M,LSU,Other WR,Receiver,0,0,0.0,0,0,0,0,0.0,0,2,3,16.4,0
36,A,Texas A&M,LSU,Theo Melin Ohrstrom,Receiver,0,0,0.0,0,0,0,0,0.0,0,2,3,24.8,1
36,A,Texas A&M,LSU,Kevin Concepcion,Receiver,0,0,0.0,0,0,0,0,0.0,0,2,4,31.1,0
36,A,Texas A&M,LSU,Nate Boerkircher,Receiver,0,0,0.0,0,0,0,0,0.0,0,0,1,0.0,0
36,A,Texas A&M,LSU,Mario Craver,Receiver,0,0,0.0,0,0,0,0,0.0,0,2,2,13.6,0
36,A,Texas A&M,LSU,Ashton Bethel-Roman,Receiver,0,0,0.0,0,0,0,0,0.0,0,0,0,0.0,0
36,A,Texas A&M,LSU,Amari Niblack,Receiver,0,0,0.0,0,0,0,0,0.0,0,2,2,18.2,0
36,A,Texas A&M,LSU,Terry Bussey,Receiver,0,0,0.0,0,0,0,0,0.0,0,1,1,0.6,0
37,B,Texas A&M,LSU,Marcel Reed,QB,27,21,174.5,0,0,10,0,0.0,0,0,0,0.0,0
37,B,Texas A&M,LSU,Le'Veon Moss,Rusher,0,0,0.0,0,0,0,7,19.6,0,0,0,0.0,0
37,B,Texas A&M,LSU,E.J. Smith,Rusher,0,0,0.0,0,0,0,2,8.1,0,0,0,0.0,0
37,B,Texas A&M,LSU,Marcel Reed,Rusher,0,0,0.0,0,0,0,6,10.5,0,0,0,0.0,0
37,B,Texas A&M,LSU,Rueben Owens,Rusher,0,0,0.0,0,0,0,4,18.9,0,0,0,0.0,0
37,B,Texas A&M,LSU,Jamarion Morrow,Rusher,0,0,0.0,0,0,0,1,-0.4,0,0,0,0.0,0
37,B,Texas A&M,LSU,Amari Daniels,Rusher,0,0,0.0,0,0,0,1,-4.0,0,0,0,0.0,0
37,B,Texas A&M,LSU,Mario Craver,Receiver,0,0,0.0,0,0,0,0,0.0,0,3,3,27.4,0
37,B,Texas A&M,LSU,Kevin Concepcion,Receiver,0,0,0.0,0,0,0,0,0.0,0,3,4,35.9,0
37,B,Texas A&M,LSU,Other WR,Receiver,0,0,0.0,0,0,0,0,0.0,0,8,8,58.9,0
37,B,Texas A&M,LSU,Ashton Bethel-Roman,Receiver,0,0,0.0,0,0,0,0,0.0,0,2,3,25.4,0
37,B,Texas A&M,LSU,Terry Bussey,Receiver,0,0,0.0,0,0,0,0,0.0,0,3,5,19.6,0
37,B,Texas A&M,LSU,Theo Melin Ohrstrom,Receiver,0,0,0.0,0,0,0,0,0.0,0,1,2,0.6,0
37,B,Texas A&M,LSU,Amari Niblack,Receiver,0,0,0.0,0,0,0,0,0.0,0,0,0,0.0,0
37,B,Texas A&M,LSU,Nate Boerkircher,Receiver,0,0,0.0,0,0,0,0,0.0,0,1,2,6.7,0
37,B,LSU,Texas A&M,Garrett Nussmeier,QB,29,15,132.8,1,0,1,0,0.0,0,0,0,0.0,0
37,B,LSU,Texas A&M,Other RB,Rusher,0,0,0.0,0,0,0,3,37.3,0,0,0,0.0,0
37,B,LSU,Texas A&M,Caden Durham,Rusher,0,0,0.0,0,0,0,16,63.0,1,0,0,0.0,0
37,B,LSU,Texas A&M,Ju'Juan Johnson,Rusher,0,0,0.0,0,0,0,6,27.2,0,0,0,0.0,0
37,B,LSU,Texas A&M,Garrett Nussmeier,Rusher,0,0,0.0,0,0,0,1,8.0,0,0,0,0.0,0
37,B,LSU,Texas A&M,Harlem Berry,Rusher,0,0,0.0,0,0,0,5,32.7,1,0,0,0.0,0
37,B,LSU,Texas A&M,Kaleb Jackson,Rusher,0,0,0.0,0,0,0,1,-2.1,0,0,0,0.0,0
37,B,LSU,Texas A&M,Kyle Parker,Receiver,0,0,0.0,0,0,0,0,0.0,0,2,4,42.0,0
37,B,LSU,Texas A&M,Barion Brown,Receiver,0,0,0.0,0,0,0,0,0.0,0,3,4,18.2,1
37,B,LSU,Texas A&M,Nic Anderson,Receiver,0,0,0.0,0,0,0,0,0.0,0,1,2,6.5,0
37,B,LSU,Texas A&M,Zavion Thomas,Receiver,0,0,0.0,0,0,0,0,0.0,0,2,5,12.6,0
37,B,LSU,Texas A&M,Bauer Sharp,Receiver,0,0,0.0,0,0,0,0,0.0,0,2,2,13.1,0
37,B,LSU,Texas A&M,Aaron Anderson,Receiver,0,0,0.0,0,0,0,0,0.0,0,3,8,29.8,0
37,B,LSU,Texas A&M,Other WR,Receiver,0,0,0.0,0,0,0,0,0.0,0,0,1,0.0,0
37,B,LSU,Texas A&M,Chris Hilton Jr.,Receiver,0,0,0.0,0,0,0,0,0.0,0,1,2,5.2,0
37,B,LSU,Texas A&M,Trey'Dez Green,Receiver,0,0,0.0,0,0,0,0,0.0,0,1,1,5.4,0
38,A,LSU,Texas A&M,Garrett Nussmeier,QB,26,16,148.4,1,0,0,0,0.0,0,0,0,0.0,0
38,A,LSU,Texas A&M,Kaleb Jackson,Rusher,0,0,0.0,0,0,0,1,7.3,0,0,0,0.0,0
38,A,LSU,Texas A&M,Caden Durham,Rusher,0,0,0.0,0,0,0,26,110.9,1,0,0,0.0,0
38,A,LSU,Texas A&M,Other RB,Rusher,0,0,0.0,0,0,0,3,13.5,0,0,0,0.0,0
38,A,LSU,Texas A&M,Harlem Berry,Rusher,0,0,0.0,0,0,0,5,17.7,0,0,0,0.0,0
38,A,LSU,Texas A&M,Ju'Juan Johnson,Rusher,0,0,0.0,0,0,0,4,17.2,0,0,0,0.0,0
38,A,LSU,Texas A&M,Garrett Nussmeier,Rusher,0,0,0.0,0,0,0,1,-3.9,0,0,0,0.0,0
38,A,LSU,Texas A&M,Barion Brown,Receiver,0,0,0.0,0,0,0,0,0.0,0,3,7,19.7,0
38,A,LSU,Texas A&M,Nic Anderson,Receiver,0,0,0.0,0,0,0,0,0.0,0,1,2,2.1,0
38,A,LSU,Texas A&M,Zavion Thomas,Receiver,0,0,0.0,0,0,0,0,0.0,0,2,2,27.5,0
38,A,LSU,Texas A&M,Kyle Parker,Receiver,0,0,0.0,0,0,0,0,0.0,0,1,1,10.0,0
38,A,LSU,Texas A&M,Bauer Sharp,Receiver,0,0,0.0,0,0,0,0,0.0,0,4,5,39.1,0
38,A,LSU,Texas A&M,Other WR,Receiver,0,0,0.0,0,0,0,0,0.0,0,2,4,37.1,1
38,A,LSU,Texas A&M,Aaron Anderson,Receiver,0,0,0.0,0,0,0,0,0.0,0,3,5,12.9,0
38,A,Texas A&M,LSU,Marcel Reed,QB,22,14,157.5,0,0,7,0,0.0,0,0,0,0.0,0
38,A,Texas A&M,LSU,Le'Veon Moss,Rusher,0,0,0.0,0,0,0,8,17.3,1,0,0,0.0,0
38,A,Texas A&M,LSU,Miles O'Neill,Rusher,0,0,0.0,0,0,0,2,7.0,0,0,0,0.0,0
38,A,Texas A&M,LSU,Marcel Reed,Rusher,0,0,0.0,0,0,0,5,16.5,0,0,0,0.0,0
38,A,Texas A&M,LSU,Amari Daniels,Rusher,0,0,0.0,0,0,0,2,4.3,0,0,0,0.0,0
38,A,Texas A&M,LSU,Rueben Owens,Rusher,0,0,0.0,0,0,0,1,-3.4,0,0,0,0.0,0
38,A,Texas A&M,LSU,Jamarion Morrow,Rusher,0,0,0.0,0,0,0,2,7.3,0,0,0,0.0,0
38,A,Texas A&M,LSU,Mario Craver,Receiver,0,0,0.0,0,0,0,0,0.0,0,3,4,62.6,0
38,A,Texas A&M,LSU,Theo Melin Ohrstrom,Receiver,0,0,0.0,0,0,0,0,0.0,0,2,2,19.3,0
38,A,Texas A&M,LSU,Amari Niblack,Receiver,0,0,0.0,0,0,0,0,0.0,0,1,1,21.1,0
38,A,Texas A&M,LSU,Terry Bussey,Receiver,0,0,0.0,0,0,0,0,0.0,0,1,2,0.0,0
38,A,Texas A&M,LSU,Other WR,Receiver,0,0,0.0,0,0,0,0,0.0,0,1,4,3.4,0
38,A,Texas A&M,LSU,Ashton Bethel-Roman,Receiver,0,0,0.0,0,0,0,0,0.0,0,2,2,40.8,0
38,A,Texas A&M,LSU,Kevin Concepcion,Receiver,0,0,0.0,0,0,0,0,0.0,0,4,5,10.5,0
38,A,Texas A&M,LSU,Nate Boerkircher,Receiver,0,0,0.0,0,0,0,0,0.0,0,0,2,0.0,0
39,B,Texas A&M,LSU,Marcel Reed,QB,18,11,164.0,0,0,1,0,0.0,0,0,0,0.0,0
39,B,Texas A&M,LSU,Le'Veon Moss,Rusher,0,0,0.0,0,0,0,23,120.4,3,0,0,0.0,0
39,B,Texas A&M,LSU,Marcel Reed,Rusher,0,0,0.0,0,0,0,9,42.3,0,0,0,0.0,0
39,B,Texas A&M,LSU,Rueben Owens,Rusher,0,0,0.0,0,0,0,5,21.9,1,0,0,0.0,0
39,B,Texas A&M,LSU,Miles O'Neill,Rusher,0,0,0.0,0,0,0,1,8.9,0,0,0,0.0,0
39,B,Texas A&M,LSU,Amari Daniels,Rusher,0,0,0.0,0,0,0,2,0.1,0,0,0,0.0,0
39,B,Texas A&M,LSU,E.J. Smith,Rusher,0,0,0.0,0,0,0,1,8.1,0,0,0,0.0,0
39,B,Texas A&M,LSU,Jamarion Morrow,Rusher,0,0,0.0,0,0,0,1,9.1,0,0,0,0.0,0
39,B,Texas A&M,LSU,Kevin Concepcion,Receiver,0,0,0.0,0,0,0,0,0.0,0,3,4,40.3,0
39,B,Texas A&M,LSU,Ashton Bethel-Roman,Receiver,0,0,0.0,0,0,0,0,0.0,0,2,3,28.3,0
39,B,Texas A&M,LSU,Mario Craver,Receiver,0,0,0.0,0,0,0,0,0.0,0,3,5,52.3,0
39,B,Texas A&M,LSU,Other WR,Receiver,0,0,0.0,0,0,0,0,0.0,0,2,3,26.2,0
39,B,Texas A&M,LSU,Theo Melin Ohrstrom,Receiver,0,0,0.0,0,0,0,0,0.0,0,0,2,0.0,0
39,B,Texas A&M,LSU,Terry Bussey,Receiver,0,0,0.0,0,0,0,0,0.0,0,1,1,17.0,0
39,B,LSU,Texas A&M,Garrett Nussmeier,QB,26,17,135.2,1,0,3,0,0.0,0,0,0,0.0,0
39,B,LSU,Texas A&M,Harlem Berry,Rusher,0,0,0.0,0,0,0,7,34.3,0,0,0,0.0,0
39,B,LSU,Texas A&M,Caden Durham,Rusher,0,0,0.0,0,0,0,13,25.5,1,0,0,0.0,0
39,B,LSU,Texas A&M,Other RB,Rusher,0,0,0.0,0,0,0,1,4.4,0,0,0,0.0,0
39,B,LSU,Texas A&M,Ju'Juan Johnson,Rusher,0,0,0.0,0,0,0,4,25.4,0,0,0,0.0,0
39,B,LSU,Texas A&M,Garrett Nussmeier,Rusher,0,0,0.0,0,0,0,1,3.9,0,0,0,0.0,0
39,B,LSU,Texas A&M,Kaleb Jackson,Rusher,0,0,0.0,0,0,0,2,14.3,0,0,0,0.0,0
39,B,LSU,Texas A&M,Aaron Anderson,Receiver,0,0,0.0,0,0,0,0,0.0,0,3,4,20.7,0
39,B,LSU,Texas A&M,Nic Anderson,Receiver,0,0,0.0,0,0,0,0,0.0,0,2,2,13.3,0
39,B,LSU,Texas A&M,Zavion Thomas,Receiver,0,0,0.0,0,0,0,0,0.0,0,5,8,36.8,0
39,B,LSU,Texas A&M,Barion Brown,Receiver,0,0,0.0,0,0,0,0,0.0,0,1,2,0.1,0
39,B,LSU,Texas A&M,Bauer Sharp,Receiver,0,0,0.0,0,0,0,0,0.0,0,0,1,0.0,0
39,B,LSU,Texas A&M,Trey'Dez Green,Receiver,0,0,0.0,0,0,0,0,0.0,0,2,3,23.5,0
39,B,LSU,Texas A&M,Kyle Parker,Receiver,0,0,0.0,0,0,0,0,0.0,0,0,1,0.0,0
39,B,LSU,Texas A&M,Chris Hilton Jr.,Receiver,0,0,0.0,0,0,0,0,0.0,0,3,3,40.8,1
39,B,LSU,Texas A&M,Other WR,Receiver,0,0,0.0,0,0,0,0,0.0,0,1,2,0.0,0
40,A,LSU,Texas A&M,Garrett Nussmeier,QB,32,18,108.3,1,0,1,0,0.0,0,0,0,0.0,0
40,A,LSU,Texas A&M,Caden Durham,Rusher,0,0,0.0,0,0,0,19,78.9,0,0,0,0.0,0
40,A,LSU,Texas A&M,Ju'Juan Johnson,Rusher,0,0,0.0,0,0,0,6,28.5,0,0,0,0.0,0
40,A,LSU,Texas A&M,Harlem Berry,Rusher,0,0,0.0,0,0,0,4,9.5,1,0,0,0.0,0
40,A,LSU,Texas A&M,Other RB,Rusher,0,0,0.0,0,0,0,3,8.1,0,0,0,0.0,0
40,A,LSU,Texas A&M,Kaleb Jackson,Rusher,0,0,0.0,0,0,0,1,1.9,0,0,0,0.0,0
40,A,LSU,Texas A&M,Zavion Thomas,Receiver,0,0,0.0,0,0,0,0,0.0,0,2,2,20.3,0
40,A,LSU,Texas A&M,Barion Brown,Receiver,0,0,0.0,0,0,0,0,0.0,0,6,8,39.1,0
40,A,LSU,Texas A&M,Aaron Anderson,Receiver,0,0,0.0,0,0,0,0,0.0,0,5,9,28.6,1
40,A,LSU,Texas A&M,Bauer Sharp,Receiver,0,0,0.0,0,0,0,0,0.0,0,0,2,0.0,0
40,A,LSU,Texas A&M,Nic Anderson,Receiver,0,0,0.0,0,0,0,0,0.0,0,0,1,0.0,0
40,A,LSU,Texas A&M,Kyle Parker,Receiver,0,0,0.0,0,0,0,0,0.0,0,2,6,13.8,0
40,A,LSU,Texas A&M,Trey'Dez Green,Receiver,0,0,0.0,0,0,0,0,0.0,0,3,4,6.6,0
40,A,Texas A&M,LSU,Marcel Reed,QB,27,20,257.1,3,0,3,0,0.0,0,0,0,0.0,0
40,A,Texas A&M,LSU,Le'Veon Moss,Rusher,0,0,0.0,0,0,0,10,24.4,0,0,0,0.0,0
40,A,Texas A&M,LSU,Miles O'Neill,Rusher,0,0,0.0,0,0,0,1,1.8,0,0,0,0.0,0
40,A,Texas A&M,LSU,Marcel Reed,Rusher,0,0,0.0,0,0,0,7,5.7,0,0,0,0.0,0
40,A,Texas A&M,LSU,Amari Daniels,Rusher,0,0,0.0,0,0,0,3,7.7,0,0,0,0.0,0
40,A,Texas A&M,LSU,Rueben Owens,Rusher,0,0,0.0,0,0,0,6,17.5,0,0,0,0.0,0
40,A,Texas A&M,LSU,Other RB,Rusher,0,0,0.0,0,0,0,1,2.1,0,0,0,0.0,0
40,A,Texas A&M,LSU,Amari Niblack,Receiver,0,0,0.0,0,0,0,0,0.0,0,2,2,0.7,0
40,A,Texas A&M,LSU,Kevin Concepcion,Receiver,0,0,0.0,0,0,0,0,0.0,0,2,3,24.0,0
40,A,Texas A&M,LSU,Other WR,Receiver,0,0,0.0,0,0,0,0,0.0,0,7,7,130.5,1
40,A,Texas A&M,LSU,Nate Boerkircher,Receiver,0,0,0.0,0,0,0,0,0.0,0,2,3,0.0,0
40,A,Texas A&M,LSU,Mario Craver,Receiver,0,0,0.0,0,0,0,0,0.0,0,4,6,68.7,2
40,A,Texas A&M,LSU,Ashton Bethel-Roman,Receiver,0,0,0.0,0,0,0,0,0.0,0,0,2,0.0,0
40,A,Texas A&M,LSU,Terry Bussey,Receiver,0,0,0.0,0,0,0,0,0.0,0,3,3,33.3,0
40,A,Texas A&M,LSU,Theo Melin Ohrstrom,Receiver,0,0,0.0,0,0,0,0,0.0,0,0,1,0.0,0
41,B,Texas A&M,LSU,Marcel Reed,QB,21,15,222.0,2,0,1,0,0.0,0,0,0,0.0,0
41,B,Texas A&M,LSU,Le'Veon Moss,Rusher,0,0,0.0,0,0,0,19,77.1,1,0,0,0.0,0
41,B,Texas A&M,LSU,Amari Daniels,Rusher,0,0,0.0,0,0,0,15,83.6,1,0,0,0.0,0
41,B,Texas A&M,LSU,Rueben Owens,Rusher,0,0,0.0,0,0,0,6,14.4,0,0,0,0.0,0
41,B,Texas A&M,LSU,Jamarion Morrow,Rusher,0,0,0.0,0,0,0,1,14.1,0,0,0,0.0,0
41,B,Texas A&M,LSU,Marcel Reed,Rusher,0,0,0.0,0,0,0,4,30.4,1,0,0,0.0,0
41,B,Texas A&M,LSU,Miles O'Neill,Rusher,0,0,0.0,0,0,0,1,1.6,0,0,0,0.0,0
41,B,Texas A&M,LSU,Theo Melin Ohrstrom,Receiver,0,0,0.0,0,0,0,0,0.0,0,1,4,19.7,0
41,B,Texas A&M,LSU,Mario Craver,Receiver,0,0,0.0,0,0,0,0,0.0,0,4,5,57.3,1
41,B,Texas A&M,LSU,Amari Niblack,Receiver,0,0,0.0,0,0,0,0,0.0,0,1,1,17.5,0
41,B,Texas A&M,LSU,Other WR,Receiver,0,0,0.0,0,0,0,0,0.0,0,3,4,65.5,1
41,B,Texas A&M,LSU,Kevin Concepcion,Receiver,0,0,0.0,0,0,0,0,0.0,0,3,4,30.2,0
41,B,Texas A&M,LSU,Ashton Bethel-Roman,Receiver,0,0,0.0,0,0,0,0,0.0,0,2,2,23.1,0
41,B,Texas A&M,LSU,Nate Boerkircher,Receiver,0,0,0.0,0,0,0,0,0.0,0,0,0,0.0,0
41,B,Texas A&M,LSU,Terry Bussey,Receiver,0,0,0.0,0,0,0,0,0.0,0,1,1,8.6,0
41,B,LSU,Texas A&M,Garrett Nussmeier,QB,25,16,207.5,2,0,2,0,0.0,0,0,0,0.0,0
41,B,LSU,Texas A&M,Caden Durham,Rusher,0,0,0.0,0,0,0,17,64.5,1,0,0,0.0,0
41,B,LSU,Texas A&M,Harlem Berry,Rusher,0,0,0.0,0,0,0,2,6.2,0,0,0,0.0,0
41,B,LSU,Texas A&M,Kaleb Jackson,Rusher,0,0,0.0,0,0,0,2,15.5,0,0,0,0.0,0
41,B,LSU,Texas A&M,Ju'Juan Johnson,Rusher,0,0,0.0,0,0,0,4,32.0,1,0,0,0.0,0
41,B,LSU,Texas A&M,Garrett Nussmeier,Rusher,0,0,0.0,0,0,0,3,18.3,0,0,0,0.0,0
41,B,LSU,Texas A&M,Other RB,Rusher,0,0,0.0,0,0,0,1,0.8,0,0,0,0.0,0
41,B,LSU,Texas A&M,Trey'Dez Green,Receiver,0,0,0.0,0,0,0,0,0.0,0,1,2,20.6,0
41,B,LSU,Texas A&M,Nic Anderson,Receiver,0,0,0.0,0,0,0,0,0.0,0,2,2,17.2,0
41,B,LSU,Texas A&M,Barion Brown,Receiver,0,0,0.0,0,0,0,0,0.0,0,2,7,14.8,0
41,B,LSU,Texas A&M,Bauer Sharp,Receiver,0,0,0.0,0,0,0,0,0.0,0,1,2,6.6,0
41,B,LSU,Texas A&M,Aaron Anderson,Receiver,0,0,0.0,0,0,0,0,0.0,0,3,3,41.0,0
41,B,LSU,Texas A&M,Kyle Parker,Receiver,0,0,0.0,0,0,0,0,0.0,0,0,1,0.0,0
41,B,LSU,Texas A&M,Zavion Thomas,Receiver,0,0,0.0,0,0,0,0,0.0,0,3,3,57.0,1
41,B,LSU,Texas A&M,Other WR,Receiver,0,0,0.0,0,0,0,0,0.0,0,4,5,50.3,1
41,B,LSU,Texas A&M,Chris Hilton Jr.,Receiver,0,0,0.0,0,0,0,0,0.0,0,0,0,0.0,0
42,A,LSU,Texas A&M,Garrett Nussmeier,QB,26,15,170.5,1,0,2,0,0.0,0,0,0,0.0,0
42,A,LSU,Texas A&M,Caden Durham,Rusher,0,0,0.0,0,0,0,13,59.9,0,0,0,0.0,0
42,A,LSU,Texas A&M,Other RB,Rusher,0,0,0.0,0,0,0,4,12.0,0,0,0,0.0,0
42,A,LSU,Texas A&M,Harlem Berry,Rusher,0,0,0.0,0,0,0,6,43.9,1,0,0,0.0,0
42,A,LSU,Texas A&M,Kaleb Jackson,Rusher,0,0,0.0,0,0,0,2,2.5,0,0,0,0.0,0
42,A,LSU,Texas A&M,Ju'Juan Johnson,Rusher,0,0,0.0,0,0,0,4,23.1,0,0,0,0.0,0
42,A,LSU,Texas A&M,Garrett Nussmeier,Rusher,0,0,0.0,0,0,0,1,2.3,0,0,0,0.0,0
42,A,LSU,Texas A&M,Aaron Anderson,Receiver,0,0,0.0,0,0,0,0,0.0,0,7,9,65.5,0
42,A,LSU,Texas A&M,Zavion Thomas,Receiver,0,0,0.0,0,0,0,0,0.0,0,1,4,7.6,0
42,A,LSU,Texas A&M,Trey'Dez Green,Receiver,0,0,0.0,0,0,0,0,0.0,0,2,3,9.3,0
42,A,LSU,Texas A&M,Nic Anderson,Receiver,0,0,0.0,0,0,0,0,0.0,0,1,2,26.0,0
42,A,LSU,Texas A&M,Bauer Sharp,Receiver,0,0,0.0,0,0,0,0,0.0,0,0,2,0.0,0
42,A,LSU,Texas A&M,Other WR,Receiver,0,0,0.0,0,0,0,0,0.0,0,1,1,16.5,0
42,A,LSU,Texas A&M,Kyle Parker,Receiver,0,0,0.0,0,0,0,0,0.0,0,0,1,0.0,0
42,A,LSU,Texas A&M,Barion Brown,Receiver,0,0,0.0,0,0,0,0,0.0,0,3,4,45.5,1
42,A,Texas A&M,LSU,Marcel Reed,QB,28,21,231.9,0,0,7,0,0.0,0,0,0,0.0,0
42,A,Texas A&M,LSU,Le'Veon Moss,Rusher,0,0,0.0,0,0,0,9,18.5,0,0,0,0.0,0
42,A,Texas A&M,LSU,Marcel Reed,Rusher,0,0,0.0,0,0,0,9,32.0,0,0,0,0.0,0
42,A,Texas A&M,LSU,Amari Daniels,Rusher,0,0,0.0,0,0,0,2,14.2,0,0,0,0.0,0
42,A,Texas A&M,LSU,Rueben Owens,Rusher,0,0,0.0,0,0,0,3,4.3,0,0,0,0.0,0
42,A,Texas A&M,LSU,E.J. Smith,Rusher,0,0,0.0,0,0,0,2,4.5,0,0,0,0.0,0
42,A,Texas A&M,LSU,Other WR,Receiver,0,0,0.0,0,0,0,0,0.0,0,5,5,29.5,0
42,A,Texas A&M,LSU,Terry Bussey,Receiver,0,0,0.0,0,0,0,0,0.0,0,2,2,43.3,0
42,A,Texas A&M,LSU,Kevin Concepcion,Receiver,0,0,0.0,0,0,0,0,0.0,0,2,6,12.5,0
42,A,Texas A&M,LSU,Mario Craver,Receiver,0,0,0.0,0,0,0,0,0.0,0,5,8,62.4,0
42,A,Texas A&M,LSU,Theo Melin Ohrstrom,Receiver,0,0,0.0,0,0,0,0,0.0,0,1,1,1.8,0
42,A,Texas A&M,LSU,Nate Boerkircher,Receiver,0,0,0.0,0,0,0,0,0.0,0,2,2,17.1,0
42,A,Texas A&M,LSU,Ashton Bethel-Roman,Receiver,0,0,0.0,0,0,0,0,0.0,0,3,3,46.3,0
42,A,Texas A&M,LSU,Amari Niblack,Receiver,0,0,0.0,0,0,0,0,0.0,0,1,1,19.0,0
43,B,Texas A&M,LSU,Marcel Reed,QB,17,11,68.5,0,1,5,0,0.0,0,0,0,0.0,0
43,B,Texas A&M,LSU,Jamarion Morrow,Rusher,0,0,0.0,0,0,0,1,-1.9,0,0,0,0.0,0
43,B,Texas A&M,LSU,Le'Veon Moss,Rusher,0,0,0.0,0,0,0,11,67.1,0,0,0,0.0,0
43,B,Texas A&M,LSU,Rueben Owens,Rusher,0,0,0.0,0,0,0,2,7.0,0,0,0,0.0,0
43,B,Texas A&M,LSU,Marcel Reed,Rusher,0,0,0.0,0,0,0,7,27.6,1,0,0,0.0,0
43,B,Texas A&M,LSU,Miles O'Neill,Rusher,0,0,0.0,0,0,0,1,13.1,0,0,0,0.0,0
43,B,Texas A&M,LSU,Other RB,Rusher,0,0,0.0,0,0,0,1,12.1,0,0,0,0.0,0
43,B,Texas A&M,LSU,E.J. Smith,Rusher,0,0,0.0,0,0,0,1,6.0,0,0,0,0.0,0
43,B,Texas A&M,LSU,Amari Daniels,Rusher,0,0,0.0,0,0,0,2,18.0,1,0,0,0.0,0
43,B,Texas A&M,LSU,Other WR,Receiver,0,0,0.0,0,0,0,0,0.0,0,5,6,54.2,0
43,B,Texas A&M,LSU,Ashton Bethel-Roman,Receiver,0,0,0.0,0,0,0,0,0.0,0,1,3,0.0,0
43,B,Texas A&M,LSU,Mario Craver,Receiver,0,0,0.0,0,0,0,0,0.0,0,3,5,4.2,0
43,B,Texas A&M,LSU,Theo Melin Ohrstrom,Receiver,0,0,0.0,0,0,0,0,0.0,0,0,0,0.0,0
43,B,Texas A&M,LSU,Amari Niblack,Receiver,0,0,0.0,0,0,0,0,0.0,0,1,2,2.3,0
43,B,Texas A&M,LSU,Terry Bussey,Receiver,0,0,0.0,0,0,0,0,0.0,0,1,1,7.8,0
43,B,LSU,Texas A&M,Garrett Nussmeier,QB,29,15,137.4,0,0,2,0,0.0,0,0,0,0.0,0
43,B,LSU,Texas A&M,Caden Durham,Rusher,0,0,0.0,0,0,0,17,82.0,2,0,0,0.0,0
43,B,LSU,Texas A&M,Kaleb Jackson,Rusher,0,0,0.0,0,0,0,4,7.6,0,0,0,0.0,0
43,B,LSU,Texas A&M,Ju'Juan Johnson,Rusher,0,0,0.0,0,0,0,10,43.2,0,0,0,0.0,0
43,B,LSU,Texas A&M,Harlem Berry,Rusher,0,0,0.0,0,0,0,3,2.1,0,0,0,0.0,0
43,B,LSU,Texas A&M,Other RB,Rusher,0,0,0.0,0,0,0,5,14.5,0,0,0,0.0,0
43,B,LSU,Texas A&M,Garrett Nussmeier,Rusher,0,0,0.0,0,0,0,2,0.8,0,0,0,0.0,0
43,B,LSU,Texas A&M,Zavion Thomas,Receiver,0,0,0.0,0,0,0,0,0.0,0,4,5,19.1,0
43,B,LSU,Texas A&M,Bauer Sharp,Receiver,0,0,0.0,0,0,0,0,0.0,0,2,3,10.4,0
43,B,LSU,Texas A&M,Other WR,Receiver,0,0,0.0,0,0,0,0,0.0,0,1,2,26.7,0
43,B,LSU,Texas A&M,Trey'Dez Green,Receiver,0,0,0.0,0,0,0,0,0.0,0,1,2,17.5,0
43,B,LSU,Texas A&M,Kyle Parker,Receiver,0,0,0.0,0,0,0,0,0.0,0,0,2,0.0,0
43,B,LSU,Texas A&M,Chris Hilton Jr.,Receiver,0,0,0.0,0,0,0,0,0.0,0,0,4,0.0,0
43,B,LSU,Texas A&M,Aaron Anderson,Receiver,0,0,0.0,0,0,0,0,0.0,0,2,5,18.5,0
43,B,LSU,Texas A&M,Nic Anderson,Receiver,0,0,0.0,0,0,0,0,0.0,0,2,2,14.7,0
43,B,LSU,Texas A&M,Barion Brown,Receiver,0,0,0.0,0,0,0,0,0.0,0,3,4,30.5,0
44,A,LSU,Texas A&M,Garrett Nussmeier,QB,22,13,81.4,0,0,4,0,0.0,0,0,0,0.0,0
44,A,LSU,Texas A&M,Ju'Juan Johnson,Rusher,0,0,0.0,0,0,0,4,-3.2,0,0,0,0.0,0
44,A,LSU,Texas A&M,Caden Durham,Rusher,0,0,0.0,0,0,0,21,72.0,0,0,0,0.0,0
44,A,LSU,Texas A&M,Other RB,Rusher,0,0,0.0,0,0,0,3,15.1,0,0,0,0.0,0
44,A,LSU,Texas A&M,Harlem Berry,Rusher,0,0,0.0,0,0,0,4,20.8,0,0,0,0.0,0
44,A,LSU,Texas A&M,Kaleb Jackson,Rusher,0,0,0.0,0,0,0,2,24.0,1,0,0,0.0,0
44,A,LSU,Texas A&M,Garrett Nussmeier,Rusher,0,0,0.0,0,0,0,1,3.8,0,0,0,0.0,0
44,A,LSU,Texas A&M,Bauer Sharp,Receiver,0,0,0.0,0,0,0,0,0.0,0,2,3,9.6,0
44,A,LSU,Texas A&M,Other WR,Receiver,0,0,0.0,0,0,0,0,0.0,0,1,2,11.7,0
44,A,LSU,Texas A&M,Barion Brown,Receiver,0,0,0.0,0,0,0,0,0.0,0,4,5,26.5,0
44,A,LSU,Texas A&M,Nic Anderson,Receiver,0,0,0.0,0,0,0,0,0.0,0,2,2,11.2,0
44,A,LSU,Texas A&M,Zavion Thomas,Receiver,0,0,0.0,0,0,0,0,0.0,0,0,2,0.0,0
44,A,LSU,Texas A&M,Trey'Dez Green,Receiver,0,0,0.0,0,0,0,0,0.0,0,1,2,0.0,0
44,A,LSU,Texas A&M,Kyle Parker,Receiver,0,0,0.0,0,0,0,0,0.0,0,1,2,6.9,0
44,A,LSU,Texas A&M,Aaron Anderson,Receiver,0,0,0.0,0,0,0,0,0.0,0,2,4,15.6,0
44,A,Texas A&M,LSU,Marcel Reed,QB,28,18,143.0,0,0,4,0,0.0,0,0,0,0.0,0
44,A,Texas A&M,LSU,Rueben Owens,Rusher,0,0,0.0,0,0,0,5,16.2,0,0,0,0.0,0
44,A,Texas A&M,LSU,Le'Veon Moss,Rusher,0,0,0.0,0,0,0,7,16.2,0,0,0,0.0,0
44,A,Texas A&M,LSU,Amari Daniels,Rusher,0,0,0.0,0,0,0,5,15.3,0,0,0,0.0,0
44,A,Texas A&M,LSU,Marcel Reed,Rusher,0,0,0.0,0,0,0,7,15.0,0,0,0,0.0,0
44,A,Texas A&M,LSU,Other WR,Receiver,0,0,0.0,0,0,0,0,0.0,0,2,4,18.2,0
44,A,Texas A&M,LSU,Kevin Concepcion,Receiver,0,0,0.0,0,0,0,0,0.0,0,6,8,54.2,0
44,A,Texas A&M,LSU,Ashton Bethel-Roman,Receiver,0,0,0.0,0,0,0,0,0.0,0,3,3,25.6,0
44,A,Texas A&M,LSU,Mario Craver,Receiver,0,0,0.0,0,0,0,0,0.0,0,3,4,19.9,0
44,A,Texas A&M,LSU,Terry Bussey,Receiver,0,0,0.0,0,0,0,0,0.0,0,1,4,14.6,0
44,A,Texas A&M,LSU,Amari Niblack,Receiver,0,0,0.0,0,0,0,0,0.0,0,0,2,0.0,0
44,A,Texas A&M,LSU,Nate Boerkircher,Receiver,0,0,0.0,0,0,0,0,0.0,0,2,2,9.3,0
44,A,Texas A&M,LSU,Theo Melin Ohrstrom,Receiver,0,0,0.0,0,0,0,0,0.0,0,1,1,1.1,0
45,B,Texas A&M,LSU,Marcel Reed,QB,17,9,146.2,0,0,5,0,0.0,0,0,0,0.0,0
45,B,Texas A&M,LSU,Le'Veon Moss,Rusher,0,0,0.0,0,0,0,17,56.4,0,0,0,0.0,0
45,B,Texas A&M,LSU,Amari Daniels,Rusher,0,0,0.0,0,0,0,4,14.6,0,0,0,0.0,0
45,B,Texas A&M,LSU,E.J. Smith,Rusher,0,0,0.0,0,0,0,3,13.5,0,0,0,0.0,0
45,B,Texas A&M,LSU,Rueben Owens,Rusher,0,0,0.0,0,0,0,5,26.7,1,0,0,0.0,0
45,B,Texas A&M,LSU,Marcel Reed,Rusher,0,0,0.0,0,0,0,3,8.5,1,0,0,0.0,0
45,B,Texas A&M,LSU,Terry Bussey,Receiver,0,0,0.0,0,0,0,0,0.0,0,0,1,0.0,0
45,B,Texas A&M,LSU,Theo Melin Ohrstrom,Receiver,0,0,0.0,0,0,0,0,0.0,0,0,1,0.0,0
45,B,Texas A&M,LSU,Other WR,Receiver,0,0,0.0,0,0,0,0,0.0,0,3,6,29.5,0
45,B,Texas A&M,LSU,Ashton Bethel-Roman,Receiver,0,0,0.0,0,0,0,0,0.0,0,2,2,53.5,0
45,B,Texas A&M,LSU,Mario Craver,Receiver,0,0,0.0,0,0,0,0,0.0,0,4,5,63.2,0
45,B,Texas A&M,LSU,Kevin Concepcion,Receiver,0,0,0.0,0,0,0,0,0.0,0,0,2,0.0,0
45,B,LSU,Texas A&M,Garrett Nussmeier,QB,37,23,192.3,1,0,0,0,0.0,0,0,0,0.0,0
45,B,LSU,Texas A&M,Ju'Juan Johnson,Rusher,0,0,0.0,0,0,0,5,-4.0,0,0,0,0.0,0
45,B,LSU,Texas A&M,Other RB,Rusher,0,0,0.0,0,0,0,2,-7.8,0,0,0,0.0,0
45,B,LSU,Texas A&M,Garrett Nussmeier,Rusher,0,0,0.0,0,0,0,3,10.6,0,0,0,0.0,0
45,B,LSU,Texas A&M,Caden Durham,Rusher,0,0,0.0,0,0,0,11,23.7,0,0,0,0.0,0
45,B,LSU,Texas A&M,Harlem Berry,Rusher,0,0,0.0,0,0,0,8,24.1,0,0,0,0.0,0
45,B,LSU,Texas A&M,Barion Brown,Receiver,0,0,0.0,0,0,0,0,0.0,0,6,6,60.3,0
45,B,LSU,Texas A&M,Other WR,Receiver,0,0,0.0,0,0,0,0,0.0,0,1,2,0.6,0
45,B,LSU,Texas A&M,Zavion Thomas,Receiver,0,0,0.0,0,0,0,0,0.0,0,1,3,11.1,0
45,B,LSU,Texas A&M,Nic Anderson,Receiver,0,0,0.0,0,0,0,0,0.0,0,4,5,21.1,0
45,B,LSU,Texas A&M,Aaron Anderson,Receiver,0,0,0.0,0,0,0,0,0.0,0,5,9,50.9,0
45,B,LSU,Texas A&M,Trey'Dez Green,Receiver,0,0,0.0,0,0,0,0,0.0,0,2,4,11.2,1
45,B,LSU,Texas A&M,Bauer Sharp,Receiver,0,0,0.0,0,0,0,0,0.0,0,2,4,11.6,0
45,B,LSU,Texas A&M,Kyle Parker,Receiver,0,0,0.0,0,0,0,0,0.0,0,2,3,25.4,0
45,B,LSU,Texas A&M,Chris Hilton Jr.,Receiver,0,0,0.0,0,0,0,0,0.0,0,0,1,0.0,0
46,A,LSU,Texas A&M,Garrett Nussmeier,QB,27,16,184.9,0,0,5,0,0.0,0,0,0,0.0,0
46,A,LSU,Texas A&M,Ju'Juan Johnson,Rusher,0,0,0.0,0,0,0,4,29.4,0,0,0,0.0,0
46,A,LSU,Texas A&M,Caden Durham,Rusher,0,0,0.0,0,0,0,21,80.8,1,0,0,0.0,0
46,A,LSU,Texas A&M,Garrett Nussmeier,Rusher,0,0,0.0,0,0,0,3,11.7,0,0,0,0.0,0
46,A,LSU,Texas A&M,Harlem Berry,Rusher,0,0,0.0,0,0,0,3,10.0,0,0,0,0.0,0
46,A,LSU,Texas A&M,Kaleb Jackson,Rusher,0,0,0.0,0,0,0,1,0.4,0,0,0,0.0,0
46,A,LSU,Texas A&M,Aaron Anderson,Receiver,0,0,0.0,0,0,0,0,0.0,0,3,6,33.4,0
46,A,LSU,Texas A&M,Chris Hilton Jr.,Receiver,0,0,0.0,0,0,0,0,0.0,0,1,3,21.6,0
46,A,LSU,Texas A&M,Bauer Sharp,Receiver,0,0,0.0,0,0,0,0,0.0,0,1,2,11.2,0
46,A,LSU,Texas A&M,Nic Anderson,Receiver,0,0,0.0,0,0,0,0,0.0,0,1,1,5.3,0
46,A,LSU,Texas A&M,Barion Brown,Receiver,0,0,0.0,0,0,0,0,0.0,0,5,8,32.9,0
46,A,LSU,Texas A&M,Trey'Dez Green,Receiver,0,0,0.0,0,0,0,0,0.0,0,0,1,0.0,0
46,A,LSU,Texas A&M,Other WR,Receiver,0,0,0.0,0,0,0,0,0.0,0,3,4,65.9,0
46,A,LSU,Texas A&M,Zavion Thomas,Receiver,0,0,0.0,0,0,0,0,0.0,0,1,1,14.5,0
46,A,LSU,Texas A&M,Kyle Parker,Receiver,0,0,0.0,0,0,0,0,0.0,0,1,1,0.0,0
46,A,Texas A&M,LSU,Marcel Reed,QB,21,14,143.0,0,1,5,0,0.0,0,0,0,0.0,0
46,A,Texas A&M,LSU,Le'Veon Moss,Rusher,0,0,0.0,0,0,0,11,66.1,1,0,0,0.0,0
46,A,Texas A&M,LSU,Marcel Reed,Rusher,0,0,0.0,0,0,0,5,-0.1,0,0,0,0.0,0
46,A,Texas A&M,LSU,Miles O'Neill,Rusher,0,0,0.0,0,0,0,2,27.9,1,0,0,0.0,0
46,A,Texas A&M,LSU,Rueben Owens,Rusher,0,0,0.0,0,0,0,4,9.4,0,0,0,0.0,0
46,A,Texas A&M,LSU,Amari Daniels,Rusher,0,0,0.0,0,0,0,3,3.8,0,0,0,0.0,0
46,A,Texas A&M,LSU,E.J. Smith,Rusher,0,0,0.0,0,0,0,1,-1.6,0,0,0,0.0,0
46,A,Texas A&M,LSU,Terry Bussey,Receiver,0,0,0.0,0,0,0,0,0.0,0,1,3,16.3,0
46,A,Texas A&M,LSU,Theo Melin Ohrstrom,Receiver,0,0,0.0,0,0,0,0,0.0,0,2,2,24.0,0
46,A,Texas A&M,LSU,Amari Niblack,Receiver,0,0,0.0,0,0,0,0,0.0,0,2,3,24.7,0
46,A,Texas A&M,LSU,Mario Craver,Receiver,0,0,0.0,0,0,0,0,0.0,0,5,7,27.9,0
46,A,Texas A&M,LSU,Other WR,Receiver,0,0,0.0,0,0,0,0,0.0,0,1,2,36.9,0
46,A,Texas A&M,LSU,Kevin Concepcion,Receiver,0,0,0.0,0,0,0,0,0.0,0,2,3,13.2,0
46,A,Texas A&M,LSU,Ashton Bethel-Roman,Receiver,0,0,0.0,0,0,0,0,0.0,0,1,1,0.0,0
47,B,Texas A&M,LSU,Marcel Reed,QB,33,20,292.7,2,0,6,0,0.0,0,0,0,0.0,0
47,B,Texas A&M,LSU,Marcel Reed,Rusher,0,0,0.0,0,0,0,9,49.4,1,0,0,0.0,0
47,B,Texas A&M,LSU,Le'Veon Moss,Rusher,0,0,0.0,0,0,0,13,69.0,2,0,0,0.0,0
47,B,Texas A&M,LSU,Rueben Owens,Rusher,0,0,0.0,0,0,0,3,1.9,0,0,0,0.0,0
47,B,Texas A&M,LSU,E.J. Smith,Rusher,0,0,0.0,0,0,0,2,25.8,0,0,0,0.0,0
47,B,Texas A&M,LSU,Amari Daniels,Rusher,0,0,0.0,0,0,0,4,12.4,0,0,0,0.0,0
47,B,Texas A&M,LSU,Miles O'Neill,Rusher,0,0,0.0,0,0,0,1,-4.0,0,0,0,0.0,0
47,B,Texas A&M,LSU,Kevin Concepcion,Receiver,0,0,0.0,0,0,0,0,0.0,0,5,11,44.5,0
47,B,Texas A&M,LSU,Other WR,Receiver,0,0,0.0,0,0,0,0,0.0,0,5,5,95.1,1
47,B,Texas A&M,LSU,Terry Bussey,Receiver,0,0,0.0,0,0,0,0,0.0,0,3,6,33.9,1
47,B,Texas A&M,LSU,Mario Craver,Receiver,0,0,0.0,0,0,0,0,0.0,0,3,5,52.9,0
47,B,Texas A&M,LSU,Nate Boerkircher,Receiver,0,0,0.0,0,0,0,0,0.0,0,0,1,0.0,0
47,B,Texas A&M,LSU,Amari Niblack,Receiver,0,0,0.0,0,0,0,0,0.0,0,2,2,38.5,0
47,B,Texas A&M,LSU,Ashton Bethel-Roman,Receiver,0,0,0.0,0,0,0,0,0.0,0,2,3,27.8,0
47,B,LSU,Texas A&M,Garrett Nussmeier,QB,35,26,300.7,4,0,3,0,0.0,0,0,0,0.0,0
47,B,LSU,Texas A&M,Caden Durham,Rusher,0,0,0.0,0,0,0,10,61.9,0,0,0,0.0,0
47,B,LSU,Texas A&M,Harlem Berry,Rusher,0,0,0.0,0,0,0,2,-7.9,0,0,0,0.0,0
47,B,LSU,Texas A&M,Ju'Juan Johnson,Rusher,0,0,0.0,0,0,0,5,35.1,1,0,0,0.0,0
47,B,LSU,Texas A&M,Other RB,Rusher,0,0,0.0,0,0,0,1,3.4,0,0,0,0.0,0
47,B,LSU,Texas A&M,Aaron Anderson,Receiver,0,0,0.0,0,0,0,0,0.0,0,3,5,40.2,0
47,B,LSU,Texas A&M,Zavion Thomas,Receiver,0,0,0.0,0,0,0,0,0.0,0,7,8,60.0,1
47,B,LSU,Texas A&M,Other WR,Receiver,0,0,0.0,0,0,0,0,0.0,0,4,4,63.9,0
47,B,LSU,Texas A&M,Bauer Sharp,Receiver,0,0,0.0,0,0,0,0,0.0,0,0,2,0.0,0
47,B,LSU,Texas A&M,Chris Hilton Jr.,Receiver,0,0,0.0,0,0,0,0,0.0,0,4,5,58.3,2
47,B,LSU,Texas A&M,Barion Brown,Receiver,0,0,0.0,0,0,0,0,0.0,0,5,6,26.5,0
47,B,LSU,Texas A&M,Trey'Dez Green,Receiver,0,0,0.0,0,0,0,0,0.0,0,3,3,51.8,1
47,B,LSU,Texas A&M,Nic Anderson,Receiver,0,0,0.0,0,0,0,0,0.0,0,0,2,0.0,0
48,A,LSU,Texas A&M,Garrett Nussmeier,QB,24,10,160.9,1,0,3,0,0.0,0,0,0,0.0,0
48,A,LSU,Texas A&M,Caden Durham,Rusher,0,0,0.0,0,0,0,12,62.0,1,0,0,0.0,0
48,A,LSU,Texas A&M,Ju'Juan Johnson,Rusher,0,0,0.0,0,0,0,6,6.5,0,0,0,0.0,0
48,A,LSU,Texas A&M,Garrett Nussmeier,Rusher,0,0,0.0,0,0,0,2,5.2,0,0,0,0.0,0
48,A,LSU,Texas A&M,Other RB,Rusher,0,0,0.0,0,0,0,1,6.2,0,0,0,0.0,0
48,A,LSU,Texas A&M,Harlem Berry,Rusher,0,0,0.0,0,0,0,1,9.4,0,0,0,0.0,0
48,A,LSU,Texas A&M,Zavion Thomas,Receiver,0,0,0.0,0,0,0,0,0.0,0,1,4,22.8,0
48,A,LSU,Texas A&M,Other WR,Receiver,0,0,0.0,0,0,0,0,0.0,0,1,3,42.0,0
48,A,LSU,Texas A&M,Barion Brown,Receiver,0,0,0.0,0,0,0,0,0.0,0,2,4,35.6,0
48,A,LSU,Texas A&M,Aaron Anderson,Receiver,0,0,0.0,0,0,0,0,0.0,0,2,4,23.2,1
48,A,LSU,Texas A&M,Bauer Sharp,Receiver,0,0,0.0,0,0,0,0,0.0,0,2,2,25.9,0
48,A,LSU,Texas A&M,Trey'Dez Green,Receiver,0,0,0.0,0,0,0,0,0.0,0,1,4,0.0,0
48,A,LSU,Texas A&M,Kyle Parker,Receiver,0,0,0.0,0,0,0,0,0.0,0,0,1,0.0,0
48,A,LSU,Texas A&M,Nic Anderson,Receiver,0,0,0.0,0,0,0,0,0.0,0,1,2,11.5,0
48,A,Texas A&M,LSU,Marcel Reed,QB,32,25,258.3,3,0,9,0,0.0,0,0,0,0.0,0
48,A,Texas A&M,LSU,Le'Veon Moss,Rusher,0,0,0.0,0,0,0,14,46.0,0,0,0,0.0,0
48,A,Texas A&M,LSU,Rueben Owens,Rusher,0,0,0.0,0,0,0,6,11.1,0,0,0,0.0,0
48,A,Texas A&M,LSU,Marcel Reed,Rusher,0,0,0.0,0,0,0,9,39.6,0,0,0,0.0,0
48,A,Texas A&M,LSU,Amari Daniels,Rusher,0,0,0.0,0,0,0,6,21.0,0,0,0,0.0,0
48,A,Texas A&M,LSU,E.J. Smith,Rusher,0,0,0.0,0,0,0,1,6.0,0,0,0,0.0,0
48,A,Texas A&M,LSU,Other WR,Receiver,0,0,0.0,0,0,0,0,0.0,0,6,6,90.8,1
48,A,Texas A&M,LSU,Terry Bussey,Receiver,0,0,0.0,0,0,0,0,0.0,0,2,2,25.3,0
48,A,Texas A&M,LSU,Ashton Bethel-Roman,Receiver,0,0,0.0,0,0,0,0,0.0,0,3,5,39.8,0
48,A,Texas A&M,LSU,Kevin Concepcion,Receiver,0,0,0.0,0,0,0,0,0.0,0,7,9,59.6,2
48,A,Texas A&M,LSU,Mario Craver,Receiver,0,0,0.0,0,0,0,0,0.0,0,3,5,23.9,0
48,A,Texas A&M,LSU,Nate Boerkircher,Receiver,0,0,0.0,0,0,0,0,0.0,0,2,2,9.0,0
48,A,Texas A&M,LSU,Theo Melin Ohrstrom,Receiver,0,0,0.0,0,0,0,0,0.0,0,2,3,9.9,0
49,B,Texas A&M,LSU,Marcel Reed,QB,22,14,215.6,1,0,1,0,0.0,0,0,0,0.0,0
49,B,Texas A&M,LSU,Le'Veon Moss,Rusher,0,0,0.0,0,0,0,11,65.5,0,0,0,0.0,0
49,B,Texas A&M,LSU,E.J. Smith,Rusher,0,0,0.0,0,0,0,4,17.2,0,0,0,0.0,0
49,B,Texas A&M,LSU,Marcel Reed,Rusher,0,0,0.0,0,0,0,8,36.6,1,0,0,0.0,0
49,B,Texas A&M,LSU,Rueben Owens,Rusher,0,0,0.0,0,0,0,8,52.1,2,0,0,0.0,0
49,B,Texas A&M,LSU,Jamarion Morrow,Rusher,0,0,0.0,0,0,0,2,6.8,0,0,0,0.0,0
49,B,Texas A&M,LSU,Amari Daniels,Rusher,0,0,0.0,0,0,0,2,16.4,0,0,0,0.0,0
49,B,Texas A&M,LSU,Other RB,Rusher,0,0,0.0,0,0,0,1,-2.2,0,0,0,0.0,0
49,B,Texas A&M,LSU,Mario Craver,Receiver,0,0,0.0,0,0,0,0,0.0,0,2,4,58.7,0
49,B,Texas A&M,LSU,Other WR,Receiver,0,0,0.0,0,0,0,0,0.0,0,4,7,77.6,1
49,B,Texas A&M,LSU,Kevin Concepcion,Receiver,0,0,0.0,0,0,0,0,0.0,0,3,3,46.1,0
49,B,Texas A&M,LSU,Theo Melin Ohrstrom,Receiver,0,0,0.0,0,0,0,0,0.0,0,1,4,18.4,0
49,B,Texas A&M,LSU,Ashton Bethel-Roman,Receiver,0,0,0.0,0,0,0,0,0.0,0,2,2,3.1,0
49,B,Texas A&M,LSU,Terry Bussey,Receiver,0,0,0.0,0,0,0,0,0.0,0,2,2,11.6,0
49,B,LSU,Texas A&M,Garrett Nussmeier,QB,22,10,156.1,0,0,3,0,0.0,0,0,0,0.0,0
49,B,LSU,Texas A&M,Caden Durham,Rusher,0,0,0.0,0,0,0,19,108.6,2,0,0,0.0,0
49,B,LSU,Texas A&M,Harlem Berry,Rusher,0,0,0.0,0,0,0,10,42.7,0,0,0,0.0,0
49,B,LSU,Texas A&M,Garrett Nussmeier,Rusher,0,0,0.0,0,0,0,1,14.1,0,0,0,0.0,0
49,B,LSU,Texas A&M,Other RB,Rusher,0,0,0.0,0,0,0,4,13.9,0,0,0,0.0,0
49,B,LSU,Texas A&M,Ju'Juan Johnson,Rusher,0,0,0.0,0,0,0,3,24.8,1,0,0,0.0,0
49,B,LSU,Texas A&M,Trey'Dez Green,Receiver,0,0,0.0,0,0,0,0,0.0,0,3,4,52.6,0
49,B,LSU,Texas A&M,Kyle Parker,Receiver,0,0,0.0,0,0,0,0,0.0,0,1,2,13.9,0
49,B,LSU,Texas A&M,Nic Anderson,Receiver,0,0,0.0,0,0,0,0,0.0,0,1,1,16.8,0
49,B,LSU,Texas A&M,Barion Brown,Receiver,0,0,0.0,0,0,0,0,0.0,0,2,5,19.3,0
49,B,LSU,Texas A&M,Zavion Thomas,Receiver,0,0,0.0,0,0,0,0,0.0,0,1,3,5.0,0
49,B,LSU,Texas A&M,Bauer Sharp,Receiver,0,0,0.0,0,0,0,0,0.0,0,1,4,28.5,0
49,B,LSU,Texas A&M,Aaron Anderson,Receiver,0,0,0.0,0,0,0,0,0.0,0,1,2,19.9,0
49,B,LSU,Texas A&M,Other WR,Receiver,0,0,0.0,0,0,0,0,0.0,0,0,1,0.0,0
50,A,LSU,Texas A&M,Garrett Nussmeier,QB,33,17,197.9,1,0,1,0,0.0,0,0,0,0.0,0
50,A,LSU,Texas A&M,Ju'Juan Johnson,Rusher,0,0,0.0,0,0,0,5,21.0,0,0,0,0.0,0
50,A,LSU,Texas A&M,Harlem Berry,Rusher,0,0,0.0,0,0,0,7,0.5,0,0,0,0.0,0
50,A,LSU,Texas A&M,Caden Durham,Rusher,0,0,0.0,0,0,0,18,120.4,2,0,0,0.0,0
50,A,LSU,Texas A&M,Kaleb Jackson,Rusher,0,0,0.0,0,0,0,5,23.8,0,0,0,0.0,0
50,A,LSU,Texas A&M,Other RB,Rusher,0,0,0.0,0,0,0,1,6.4,0,0,0,0.0,0
50,A,LSU,Texas A&M,Garrett Nussmeier,Rusher,0,0,0.0,0,0,0,1,7.2,0,0,0,0.0,0
50,A,LSU,Texas A&M,Aaron Anderson,Receiver,0,0,0.0,0,0,0,0,0.0,0,7,7,60.2,0
50,A,LSU,Texas A&M,Other WR,Receiver,0,0,0.0,0,0,0,0,0.0,0,0,3,0.0,0
50,A,LSU,Texas A&M,Bauer Sharp,Receiver,0,0,0.0,0,0,0,0,0.0,0,2,4,24.9,0
50,A,LSU,Texas A&M,Barion Brown,Receiver,0,0,0.0,0,0,0,0,0.0,0,4,10,20.3,0
50,A,LSU,Texas A&M,Zavion Thomas,Receiver,0,0,0.0,0,0,0,0,0.0,0,2,3,52.4,0
50,A,LSU,Texas A&M,Trey'Dez Green,Receiver,0,0,0.0,0,0,0,0,0.0,0,2,4,40.1,1
50,A,LSU,Texas A&M,Nic Anderson,Receiver,0,0,0.0,0,0,0,0,0.0,0,0,1,0.0,0
50,A,LSU,Texas A&M,Chris Hilton Jr.,Receiver,0,0,0.0,0,0,0,0,0.0,0,0,1,0.0,0
50,A,Texas A&M,LSU,Marcel Reed,QB,24,14,172.9,1,0,3,0,0.0,0,0,0,0.0,0
50,A,Texas A&M,LSU,Rueben Owens,Rusher,0,0,0.0,0,0,0,3,10.6,0,0,0,0.0,0
50,A,Texas A&M,LSU,Marcel Reed,Rusher,0,0,0.0,0,0,0,5,17.0,0,0,0,0.0,0
50,A,Texas A&M,LSU,Le'Veon Moss,Rusher,0,0,0.0,0,0,0,10,38.0,1,0,0,0.0,0
50,A,Texas A&M,LSU,E.J. Smith,Rusher,0,0,0.0,0,0,0,3,22.2,0,0,0,0.0,0
50,A,Texas A&M,LSU,Amari Daniels,Rusher,0,0,0.0,0,0,0,1,10.6,0,0,0,0.0,0
50,A,Texas A&M,LSU,Theo Melin Ohrstrom,Receiver,0,0,0.0,0,0,0,0,0.0,0,2,3,36.7,1
50,A,Texas A&M,LSU,Kevin Concepcion,Receiver,0,0,0.0,0,0,0,0,0.0,0,5,7,16.0,0
50,A,Texas A&M,LSU,Mario Craver,Receiver,0,0,0.0,0,0,0,0,0.0,0,3,4,62.3,0
50,A,Texas A&M,LSU,Other WR,Receiver,0,0,0.0,0,0,0,0,0.0,0,0,4,0.0,0
50,A,Texas A&M,LSU,Nate Boerkircher,Receiver,0,0,0.0,0,0,0,0,0.0,0,1,1,8.1,0
50,A,Texas A&M,LSU,Terry Bussey,Receiver,0,0,0.0,0,0,0,0,0.0,0,2,3,42.8,0
50,A,Texas A&M,LSU,Ashton Bethel-Roman,Receiver,0,0,0.0,0,0,0,0,0.0,0,1,2,6.9,0
51,B,Texas A&M,LSU,Marcel Reed,QB,35,24,299.0,4,0,1,0,0.0,0,0,0,0.0,0
51,B,Texas A&M,LSU,Amari Daniels,Rusher,0,0,0.0,0,0,0,8,31.3,0,0,0,0.0,0
51,B,Texas A&M,LSU,Le'Veon Moss,Rusher,0,0,0.0,0,0,0,12,71.7,1,0,0,0.0,0
51,B,Texas A&M,LSU,Marcel Reed,Rusher,0,0,0.0,0,0,0,8,39.3,0,0,0,0.0,0
51,B,Texas A&M,LSU,E.J. Smith,Rusher,0,0,0.0,0,0,0,3,-0.4,0,0,0,0.0,0
51,B,Texas A&M,LSU,Rueben Owens,Rusher,0,0,0.0,0,0,0,1,5.6,0,0,0,0.0,0
51,B,Texas A&M,LSU,Theo Melin Ohrstrom,Receiver,0,0,0.0,0,0,0,0,0.0,0,1,1,5.2,0
51,B,Texas A&M,LSU,Other WR,Receiver,0,0,0.0,0,0,0,0,0.0,0,5,7,83.4,1
51,B,Texas A&M,LSU,Terry Bussey,Receiver,0,0,0.0,0,0,0,0,0.0,0,5,5,34.8,0
51,B,Texas A&M,LSU,Ashton Bethel-Roman,Receiver,0,0,0.0,0,0,0,0,0.0,0,1,4,13.5,0
51,B,Texas A&M,LSU,Mario Craver,Receiver,0,0,0.0,0,0,0,0,0.0,0,5,7,78.2,1
51,B,Texas A&M,LSU,Kevin Concepcion,Receiver,0,0,0.0,0,0,0,0,0.0,0,5,9,57.3,1
51,B,Texas A&M,LSU,Nate Boerkircher,Receiver,0,0,0.0,0,0,0,0,0.0,0,2,2,26.6,1
51,B,LSU,Texas A&M,Garrett Nussmeier,QB,35,17,158.6,1,0,2,0,0.0,0,0,0,0.0,0
51,B,LSU,Texas A&M,Garrett Nussmeier,Rusher,0,0,0.0,0,0,0,3,9.3,0,0,0,0.0,0
51,B,LSU,Texas A&M,Kaleb Jackson,Rusher,0,0,0.0,0,0,0,2,16.2,0,0,0,0.0,0
51,B,LSU,Texas A&M,Caden Durham,Rusher,0,0,0.0,0,0,0,10,20.1,0,0,0,0.0,0
51,B,LSU,Texas A&M,Other RB,Rusher,0,0,0.0,0,0,0,5,19.2,0,0,0,0.0,0
51,B,LSU,Texas A&M,Ju'Juan Johnson,Rusher,0,0,0.0,0,0,0,3,24.1,1,0,0,0.0,0
51,B,LSU,Texas A&M,Harlem Berry,Rusher,0,0,0.0,0,0,0,1,4.1,0,0,0,0.0,0
51,B,LSU,Texas A&M,Aaron Anderson,Receiver,0,0,0.0,0,0,0,0,0.0,0,2,4,8.0,0
51,B,LSU,Texas A&M,Trey'Dez Green,Receiver,0,0,0.0,0,0,0,0,0.0,0,2,6,14.6,0
51,B,LSU,Texas A&M,Barion Brown,Receiver,0,0,0.0,0,0,0,0,0.0,0,5,7,53.3,1
51,B,LSU,Texas A&M,Other WR,Receiver,0,0,0.0,0,0,0,0,0.0,0,1,4,28.0,0
51,B,LSU,Texas A&M,Nic Anderson,Receiver,0,0,0.0,0,0,0,0,0.0,0,2,3,34.9,0
51,B,LSU,Texas A&M,Zavion Thomas,Receiver,0,0,0.0,0,0,0,0,0.0,0,4,8,19.8,0
51,B,LSU,Texas A&M,Kyle Parker,Receiver,0,0,0.0,0,0,0,0,0.0,0,1,1,0.0,0
51,B,LSU,Texas A&M,Bauer Sharp,Receiver,0,0,0.0,0,0,0,0,0.0,0,0,1,0.0,0
51,B,LSU,Texas A&M,Chris Hilton Jr.,Receiver,0,0,0.0,0,0,0,0,0.0,0,0,1,0.0,0
52,A,LSU,Texas A&M,Garrett Nussmeier,QB,23,16,192.9,1,1,3,0,0.0,0,0,0,0.0,0
52,A,LSU,Texas A&M,Ju'Juan Johnson,Rusher,0,0,0.0,0,0,0,11,73.5,3,0,0,0.0,0
52,A,LSU,Texas A&M,Other RB,Rusher,0,0,0.0,0,0,0,1,6.9,0,0,0,0.0,0
52,A,LSU,Texas A&M,Caden Durham,Rusher,0,0,0.0,0,0,0,23,121.3,1,0,0,0.0,0
52,A,LSU,Texas A&M,Harlem Berry,Rusher,0,0,0.0,0,0,0,4,25.4,0,0,0,0.0,0
52,A,LSU,Texas A&M,Kaleb Jackson,Rusher,0,0,0.0,0,0,0,1,12.7,0,0,0,0.0,0
52,A,LSU,Texas A&M,Garrett Nussmeier,Rusher,0,0,0.0,0,0,0,1,7.2,0,0,0,0.0,0
52,A,LSU,Texas A&M,Trey'Dez Green,Receiver,0,0,0.0,0,0,0,0,0.0,0,1,2,28.4,0
52,A,LSU,Texas A&M,Aaron Anderson,Receiver,0,0,0.0,0,0,0,0,0.0,0,5,6,53.6,1
52,A,LSU,Texas A&M,Bauer Sharp,Receiver,0,0,0.0,0,0,0,0,0.0,0,2,2,4.3,0
52,A,LSU,Texas A&M,Zavion Thomas,Receiver,0,0,0.0,0,0,0,0,0.0,0,4,5,38.2,0
52,A,LSU,Texas A&M,Barion Brown,Receiver,0,0,0.0,0,0,0,0,0.0,0,3,5,48.4,0
52,A,LSU,Texas A&M,Nic Anderson,Receiver,0,0,0.0,0,0,0,0,0.0,0,1,1,20.1,0
52,A,LSU,Texas A&M,Kyle Parker,Receiver,0,0,0.0,0,0,0,0,0.0,0,0,2,0.0,0
52,A,Texas A&M,LSU,Marcel Reed,QB,28,14,202.4,1,0,1,0,0.0,0,0,0,0.0,0
52,A,Texas A&M,LSU,Le'Veon Moss,Rusher,0,0,0.0,0,0,0,8,14.0,0,0,0,0.0,0
52,A,Texas A&M,LSU,Marcel Reed,Rusher,0,0,0.0,0,0,0,5,8.4,0,0,0,0.0,0
52,A,Texas A&M,LSU,E.J. Smith,Rusher,0,0,0.0,0,0,0,2,-6.6,0,0,0,0.0,0
52,A,Texas A&M,LSU,Rueben Owens,Rusher,0,0,0.0,0,0,0,6,13.3,0,0,0,0.0,0
52,A,Texas A&M,LSU,Jamarion Morrow,Rusher,0,0,0.0,0,0,0,2,18.3,0,0,0,0.0,0
52,A,Texas A&M,LSU,Amari Daniels,Rusher,0,0,0.0,0,0,0,3,24.1,0,0,0,0.0,0
52,A,Texas A&M,LSU,Nate Boerkircher,Receiver,0,0,0.0,0,0,0,0,0.0,0,1,1,8.3,0
52,A,Texas A&M,LSU,Mario Craver,Receiver,0,0,0.0,0,0,0,0,0.0,0,6,8,82.2,1
52,A,Texas A&M,LSU,Kevin Concepcion,Receiver,0,0,0.0,0,0,0,0,0.0,0,3,6,52.1,0
52,A,Texas A&M,LSU,Other WR,Receiver,0,0,0.0,0,0,0,0,0.0,0,0,1,0.0,0
52,A,Texas A&M,LSU,Ashton Bethel-Roman,Receiver,0,0,0.0,0,0,0,0,0.0,0,1,5,13.9,0
52,A,Texas A&M,LSU,Amari Niblack,Receiver,0,0,0.0,0,0,0,0,0.0,0,1,1,11.2,0
52,A,Texas A&M,LSU,Terry Bussey,Receiver,0,0,0.0,0,0,0,0,0.0,0,2,5,34.7,0
52,A,Texas A&M,LSU,Theo Melin Ohrstrom,Receiver,0,0,0.0,0,0,0,0,0.0,0,0,1,0.0,0
53,B,Texas A&M,LSU,Marcel Reed,QB,27,19,221.2,2,1,3,0,0.0,0,0,0,0.0,0
53,B,Texas A&M,LSU,Le'Veon Moss,Rusher,0,0,0.0,0,0,0,11,13.4,0,0,0,0.0,0
53,B,Texas A&M,LSU,Amari Daniels,Rusher,0,0,0.0,0,0,0,6,11.8,0,0,0,0.0,0
53,B,Texas A&M,LSU,Miles O'Neill,Rusher,0,0,0.0,0,0,0,2,0.9,0,0,0,0.0,0
53,B,Texas A&M,LSU,Rueben Owens,Rusher,0,0,0.0,0,0,0,5,22.7,0,0,0,0.0,0
53,B,Texas A&M,LSU,E.J. Smith,Rusher,0,0,0.0,0,0,0,2,-7.3,0,0,0,0.0,0
53,B,Texas A&M,LSU,Marcel Reed,Rusher,0,0,0.0,0,0,0,4,29.5,0,0,0,0.0,0
53,B,Texas A&M,LSU,Kevin Concepcion,Receiver,0,0,0.0,0,0,0,0,0.0,0,8,10,102.8,2
53,B,Texas A&M,LSU,Nate Boerkircher,Receiver,0,0,0.0,0,0,0,0,0.0,0,0,1,0.0,0
53,B,Texas A&M,LSU,Terry Bussey,Receiver,0,0,0.0,0,0,0,0,0.0,0,1,1,10.7,0
53,B,Texas A&M,LSU,Ashton Bethel-Roman,Receiver,0,0,0.0,0,0,0,0,0.0,0,2,2,45.2,0
53,B,Texas A&M,LSU,Other WR,Receiver,0,0,0.0,0,0,0,0,0.0,0,2,3,14.5,0
53,B,Texas A&M,LSU,Mario Craver,Receiver,0,0,0.0,0,0,0,0,0.0,0,5,9,25.6,0
53,B,Texas A&M,LSU,Theo Melin Ohrstrom,Receiver,0,0,0.0,0,0,0,0,0.0,0,1,1,22.4,0
53,B,LSU,Texas A&M,Garrett Nussmeier,QB,23,13,117.2,0,0,5,0,0.0,0,0,0,0.0,0
53,B,LSU,Texas A&M,Caden Durham,Rusher,0,0,0.0,0,0,0,14,33.7,0,0,0,0.0,0
53,B,LSU,Texas A&M,Kaleb Jackson,Rusher,0,0,0.0,0,0,0,5,27.3,0,0,0,0.0,0
53,B,LSU,Texas A&M,Other RB,Rusher,0,0,0.0,0,0,0,3,15.6,0,0,0,0.0,0
53,B,LSU,Texas A&M,Harlem Berry,Rusher,0,0,0.0,0,0,0,3,10.3,0,0,0,0.0,0
53,B,LSU,Texas A&M,Ju'Juan Johnson,Rusher,0,0,0.0,0,0,0,6,19.0,0,0,0,0.0,0
53,B,LSU,Texas A&M,Aaron Anderson,Receiver,0,0,0.0,0,0,0,0,0.0,0,3,6,14.1,0
53,B,LSU,Texas A&M,Zavion Thomas,Receiver,0,0,0.0,0,0,0,0,0.0,0,4,5,36.1,0
53,B,LSU,Texas A&M,Other WR,Receiver,0,0,0.0,0,0,0,0,0.0,0,0,1,0.0,0
53,B,LSU,Texas A&M,Trey'Dez Green,Receiver,0,0,0.0,0,0,0,0,0.0,0,1,4,2.7,0
53,B,LSU,Texas A&M,Nic Anderson,Receiver,0,0,0.0,0,0,0,0,0.0,0,1,1,4.3,0
53,B,LSU,Texas A&M,Barion Brown,Receiver,0,0,0.0,0,0,0,0,0.0,0,2,4,29.1,0
53,B,LSU,Texas A&M,Chris Hilton Jr.,Receiver,0,0,0.0,0,0,0,0,0.0,0,1,1,24.2,0
53,B,LSU,Texas A&M,Bauer Sharp,Receiver,0,0,0.0,0,0,0,0,0.0,0,1,1,6.8,0
54,A,LSU,Texas A&M,Garrett Nussmeier,QB,26,19,156.1,1,0,4,0,0.0,0,0,0,0.0,0
54,A,LSU,Texas A&M,Kaleb Jackson,Rusher,0,0,0.0,0,0,0,3,41.6,0,0,0,0.0,0
54,A,LSU,Texas A&M,Caden Durham,Rusher,0,0,0.0,0,0,0,12,36.9,0,0,0,0.0,0
54,A,LSU,Texas A&M,Ju'Juan Johnson,Rusher,0,0,0.0,0,0,0,6,17.9,0,0,0,0.0,0
54,A,LSU,Texas A&M,Other RB,Rusher,0,0,0.0,0,0,0,1,-1.6,0,0,0,0.0,0
54,A,LSU,Texas A&M,Harlem Berry,Rusher,0,0,0.0,0,0,0,1,5.6,0,0,0,0.0,0
54,A,LSU,Texas A&M,Other WR,Receiver,0,0,0.0,0,0,0,0,0.0,0,3,3,35.0,0
54,A,LSU,Texas A&M,Kyle Parker,Receiver,0,0,0.0,0,0,0,0,0.0,0,3,3,15.9,1
54,A,LSU,Texas A&M,Trey'Dez Green,Receiver,0,0,0.0,0,0,0,0,0.0,0,0,2,0.0,0
54,A,LSU,Texas A&M,Bauer Sharp,Receiver,0,0,0.0,0,0,0,0,0.0,0,3,3,5.1,0
54,A,LSU,Texas A&M,Aaron Anderson,Receiver,0,0,0.0,0,0,0,0,0.0,0,6,8,71.6,0
54,A,LSU,Texas A&M,Zavion Thomas,Receiver,0,0,0.0,0,0,0,0,0.0,0,2,4,13.4,0
54,A,LSU,Texas A&M,Chris Hilton Jr.,Receiver,0,0,0.0,0,0,0,0,0.0,0,0,1,0.0,0
54,A,LSU,Texas A&M,Barion Brown,Receiver,0,0,0.0,0,0,0,0,0.0,0,2,2,15.1,0
54,A,Texas A&M,LSU,Marcel Reed,QB,21,15,110.4,1,0,3,0,0.0,0,0,0,0.0,0
54,A,Texas A&M,LSU,E.J. Smith,Rusher,0,0,0.0,0,0,0,1,2.5,0,0,0,0.0,0
54,A,Texas A&M,LSU,Le'Veon Moss,Rusher,0,0,0.0,0,0,0,23,113.7,1,0,0,0.0,0
54,A,Texas A&M,LSU,Amari Daniels,Rusher,0,0,0.0,0,0,0,6,23.0,0,0,0,0.0,0
54,A,Texas A&M,LSU,Marcel Reed,Rusher,0,0,0.0,0,0,0,8,63.1,0,0,0,0.0,0
54,A,Texas A&M,LSU,Jamarion Morrow,Rusher,0,0,0.0,0,0,0,1,6.9,0,0,0,0.0,0
54,A,Texas A&M,LSU,Rueben Owens,Rusher,0,0,0.0,0,0,0,1,5.6,0,0,0,0.0,0
54,A,Texas A&M,LSU,Miles O'Neill,Rusher,0,0,0.0,0,0,0,1,0.1,0,0,0,0.0,0
54,A,Texas A&M,LSU,Kevin Concepcion,Receiver,0,0,0.0,0,0,0,0,0.0,0,3,5,22.0,0
54,A,Texas A&M,LSU,Mario Craver,Receiver,0,0,0.0,0,0,0,0,0.0,0,7,7,36.0,0
54,A,Texas A&M,LSU,Ashton Bethel-Roman,Receiver,0,0,0.0,0,0,0,0,0.0,0,1,2,9.0,0
54,A,Texas A&M,LSU,Other WR,Receiver,0,0,0.0,0,0,0,0,0.0,0,2,4,34.2,1
54,A,Texas A&M,LSU,Amari Niblack,Receiver,0,0,0.0,0,0,0,0,0.0,0,1,1,6.2,0
54,A,Texas A&M,LSU,Theo Melin Ohrstrom,Receiver,0,0,0.0,0,0,0,0,0.0,0,0,1,0.0,0
54,A,Texas A&M,LSU,Terry Bussey,Receiver,0,0,0.0,0,0,0,0,0.0,0,1,1,3.1,0
55,B,Texas A&M,LSU,Marcel Reed,QB,20,13,158.5,3,0,0,0,0.0,0,0,0,0.0,0
55,B,Texas A&M,LSU,Amari Daniels,Rusher,0,0,0.0,0,0,0,7,32.7,0,0,0,0.0,0
55,B,Texas A&M,LSU,Le'Veon Moss,Rusher,0,0,0.0,0,0,0,12,28.7,0,0,0,0.0,0
55,B,Texas A&M,LSU,Marcel Reed,Rusher,0,0,0.0,0,0,0,10,19.2,0,0,0,0.0,0
55,B,Texas A&M,LSU,Rueben Owens,Rusher,0,0,0.0,0,0,0,6,50.5,0,0,0,0.0,0
55,B,Texas A&M,LSU,Terry Bussey,Receiver,0,0,0.0,0,0,0,0,0.0,0,0,2,0.0,0
55,B,Texas A&M,LSU,Kevin Concepcion,Receiver,0,0,0.0,0,0,0,0,0.0,0,3,4,28.3,0
55,B,Texas A&M,LSU,Mario Craver,Receiver,0,0,0.0,0,0,0,0,0.0,0,3,4,58.5,1
55,B,Texas A&M,LSU,Other WR,Receiver,0,0,0.0,0,0,0,0,0.0,0,2,3,39.7,1
55,B,Texas A&M,LSU,Amari Niblack,Receiver,0,0,0.0,0,0,0,0,0.0,0,4,4,29.9,1
55,B,Texas A&M,LSU,Ashton Bethel-Roman,Receiver,0,0,0.0,0,0,0,0,0.0,0,1,2,2.0,0
55,B,Texas A&M,LSU,Nate Boerkircher,Receiver,0,0,0.0,0,0,0,0,0.0,0,0,1,0.0,0
55,B,LSU,Texas A&M,Garrett Nussmeier,QB,30,20,213.6,0,0,5,0,0.0,0,0,0,0.0,0
55,B,LSU,Texas A&M,Harlem Berry,Rusher,0,0,0.0,0,0,0,4,22.8,0,0,0,0.0,0
55,B,LSU,Texas A&M,Kaleb Jackson,Rusher,0,0,0.0,0,0,0,1,-0.5,0,0,0,0.0,0
55,B,LSU,Texas A&M,Caden Durham,Rusher,0,0,0.0,0,0,0,11,46.4,0,0,0,0.0,0
55,B,LSU,Texas A&M,Ju'Juan Johnson,Rusher,0,0,0.0,0,0,0,9,13.5,0,0,0,0.0,0
55,B,LSU,Texas A&M,Other RB,Rusher,0,0,0.0,0,0,0,2,-1.3,0,0,0,0.0,0
55,B,LSU,Texas A&M,Chris Hilton Jr.,Receiver,0,0,0.0,0,0,0,0,0.0,0,1,1,8.5,0
55,B,LSU,Texas A&M,Trey'Dez Green,Receiver,0,0,0.0,0,0,0,0,0.0,0,3,3,13.3,0
55,B,LSU,Texas A&M,Nic Anderson,Receiver,0,0,0.0,0,0,0,0,0.0,0,2,2,5.9,0
55,B,LSU,Texas A&M,Zavion Thomas,Receiver,0,0,0.0,0,0,0,0,0.0,0,2,5,43.2,0
55,B,LSU,Texas A&M,Bauer Sharp,Receiver,0,0,0.0,0,0,0,0,0.0,0,4,4,67.9,0
55,B,LSU,Texas A&M,Aaron Anderson,Receiver,0,0,0.0,0,0,0,0,0.0,0,4,6,44.5,0
55,B,LSU,Texas A&M,Other WR,Receiver,0,0,0.0,0,0,0,0,0.0,0,2,3,1.1,0
55,B,LSU,Texas A&M,Kyle Parker,Receiver,0,0,0.0,0,0,0,0,0.0,0,2,3,29.3,0
55,B,LSU,Texas A&M,Barion Brown,Receiver,0,0,0.0,0,0,0,0,0.0,0,0,3,0.0,0
56,A,LSU,Texas A&M,Garrett Nussmeier,QB,38,21,197.4,1,0,2,0,0.0,0,0,0,0.0,0
56,A,LSU,Texas A&M,Caden Durham,Rusher,0,0,0.0,0,0,0,13,56.2,0,0,0,0.0,0
56,A,LSU,Texas A&M,Ju'Juan Johnson,Rusher,0,0,0.0,0,0,0,5,13.6,0,0,0,0.0,0
56,A,LSU,Texas A&M,Harlem Berry,Rusher,0,0,0.0,0,0,0,4,15.2,0,0,0,0.0,0
56,A,LSU,Texas A&M,Garrett Nussmeier,Rusher,0,0,0.0,0,0,0,2,17.6,0,0,0,0.0,0
56,A,LSU,Texas A&M,Kaleb Jackson,Rusher,0,0,0.0,0,0,0,1,4.1,0,0,0,0.0,0
56,A,LSU,Texas A&M,Barion Brown,Receiver,0,0,0.0,0,0,0,0,0.0,0,8,11,90.1,1
56,A,LSU,Texas A&M,Kyle Parker,Receiver,0,0,0.0,0,0,0,0,0.0,0,2,5,24.2,0
56,A,LSU,Texas A&M,Bauer Sharp,Receiver,0,0,0.0,0,0,0,0,0.0,0,4,8,24.1,0
56,A,LSU,Texas A&M,Zavion Thomas,Receiver,0,0,0.0,0,0,0,0,0.0,0,1,2,12.2,0
56,A,LSU,Texas A&M,Aaron Anderson,Receiver,0,0,0.0,0,0,0,0,0.0,0,3,5,14.2,0
56,A,LSU,Texas A&M,Trey'Dez Green,Receiver,0,0,0.0,0,0,0,0,0.0,0,2,4,32.6,0
56,A,LSU,Texas A&M,Nic Anderson,Receiver,0,0,0.0,0,0,0,0,0.0,0,0,0,0.0,0
56,A,LSU,Texas A&M,Other WR,Receiver,0,0,0.0,0,0,0,0,0.0,0,1,3,0.0,0
56,A,Texas A&M,LSU,Marcel Reed,QB,14,6,40.2,1,0,1,0,0.0,0,0,0,0.0,0
56,A,Texas A&M,LSU,Le'Veon Moss,Rusher,0,0,0.0,0,0,0,18,104.7,1,0,0,0.0,0
56,A,Texas A&M,LSU,Amari Daniels,Rusher,0,0,0.0,0,0,0,8,34.7,0,0,0,0.0,0
56,A,Texas A&M,LSU,E.J. Smith,Rusher,0,0,0.0,0,0,0,2,16.7,0,0,0,0.0,0
56,A,Texas A&M,LSU,Jamarion Morrow,Rusher,0,0,0.0,0,0,0,1,4.7,0,0,0,0.0,0
56,A,Texas A&M,LSU,Rueben Owens,Rusher,0,0,0.0,0,0,0,5,22.6,0,0,0,0.0,0
56,A,Texas A&M,LSU,Marcel Reed,Rusher,0,0,0.0,0,0,0,9,60.2,0,0,0,0.0,0
56,A,Texas A&M,LSU,Miles O'Neill,Rusher,0,0,0.0,0,0,0,1,5.6,0,0,0,0.0,0
56,A,Texas A&M,LSU,Kevin Concepcion,Receiver,0,0,0.0,0,0,0,0,0.0,0,1,2,20.4,1
56,A,Texas A&M,LSU,Mario Craver,Receiver,0,0,0.0,0,0,0,0,0.0,0,3,5,10.4,0
56,A,Texas A&M,LSU,Other WR,Receiver,0,0,0.0,0,0,0,0,0.0,0,0,3,0.0,0
56,A,Texas A&M,LSU,Theo Melin Ohrstrom,Receiver,0,0,0.0,0,0,0,0,0.0,0,0,1,0.0,0
56,A,Texas A&M,LSU,Nate Boerkircher,Receiver,0,0,0.0,0,0,0,0,0.0,0,1,1,9.4,0
56,A,Texas A&M,LSU,Terry Bussey,Receiver,0,0,0.0,0,0,0,0,0.0,0,0,1,0.0,0
56,A,Texas A&M,LSU,Amari Niblack,Receiver,0,0,0.0,0,0,0,0,0.0,0,1,1,0.0,0
57,B,Texas A&M,LSU,Marcel Reed,QB,36,19,217.0,2,0,2,0,0.0,0,0,0,0.0,0
57,B,Texas A&M,LSU,Miles O'Neill,Rusher,0,0,0.0,0,0,0,2,4.1,0,0,0,0.0,0
57,B,Texas A&M,LSU,Le'Veon Moss,Rusher,0,0,0.0,0,0,0,9,36.2,0,0,0,0.0,0
57,B,Texas A&M,LSU,Rueben Owens,Rusher,0,0,0.0,0,0,0,1,-4.0,0,0,0,0.0,0
57,B,Texas A&M,LSU,Marcel Reed,Rusher,0,0,0.0,0,0,0,8,9.6,0,0,0,0.0,0
57,B,Texas A&M,LSU,E.J. Smith,Rusher,0,0,0.0,0,0,0,2,5.4,0,0,0,0.0,0
57,B,Texas A&M,LSU,Jamarion Morrow,Rusher,0,0,0.0,0,0,0,3,12.7,0,0,0,0.0,0
57,B,Texas A&M,LSU,Amari Daniels,Rusher,0,0,0.0,0,0,0,2,13.4,0,0,0,0.0,0
57,B,Texas A&M,LSU,Mario Craver,Receiver,0,0,0.0,0,0,0,0,0.0,0,6,11,72.1,0
57,B,Texas A&M,LSU,Terry Bussey,Receiver,0,0,0.0,0,0,0,0,0.0,0,0,2,0.0,0
57,B,Texas A&M,LSU,Nate Boerkircher,Receiver,0,0,0.0,0,0,0,0,0.0,0,1,2,9.3,0
57,B,Texas A&M,LSU,Other WR,Receiver,0,0,0.0,0,0,0,0,0.0,0,5,8,69.7,0
57,B,Texas A&M,LSU,Kevin Concepcion,Receiver,0,0,0.0,0,0,0,0,0.0,0,3,5,28.4,1
57,B,Texas A&M,LSU,Theo Melin Ohrstrom,Receiver,0,0,0.0,0,0,0,0,0.0,0,2,4,4.7,0
57,B,Texas A&M,LSU,Ashton Bethel-Roman,Receiver,0,0,0.0,0,0,0,0,0.0,0,2,4,32.7,1
57,B,LSU,Texas A&M,Garrett Nussmeier,QB,38,21,203.6,2,0,0,0,0.0,0,0,0,0.0,0
57,B,LSU,Texas A&M,Caden Durham,Rusher,0,0,0.0,0,0,0,13,25.2,0,0,0,0.0,0
57,B,LSU,Texas A&M,Ju'Juan Johnson,Rusher,0,0,0.0,0,0,0,5,34.0,0,0,0,0.0,0
57,B,LSU,Texas A&M,Harlem Berry,Rusher,0,0,0.0,0,0,0,4,24.4,0,0,0,0.0,0
57,B,LSU,Texas A&M,Other RB,Rusher,0,0,0.0,0,0,0,3,9.8,0,0,0,0.0,0
57,B,LSU,Texas A&M,Kaleb Jackson,Rusher,0,0,0.0,0,0,0,1,4.3,0,0,0,0.0,0
57,B,LSU,Texas A&M,Other WR,Receiver,0,0,0.0,0,0,0,0,0.0,0,0,5,0.0,0
57,B,LSU,Texas A&M,Nic Anderson,Receiver,0,0,0.0,0,0,0,0,0.0,0,2,3,27.9,0
57,B,LSU,Texas A&M,Kyle Parker,Receiver,0,0,0.0,0,0,0,0,0.0,0,2,4,26.2,0
57,B,LSU,Texas A&M,Zavion Thomas,Receiver,0,0,0.0,0,0,0,0,0.0,0,2,4,1.0,0
57,B,LSU,Texas A&M,Aaron Anderson,Receiver,0,0,0.0,0,0,0,0,0.0,0,7,10,58.0,1
57,B,LSU,Texas A&M,Bauer Sharp,Receiver,0,0,0.0,0,0,0,0,0.0,0,3,3,33.9,0
57,B,LSU,Texas A&M,Barion Brown,Receiver,0,0,0.0,0,0,0,0,0.0,0,2,3,22.8,1
57,B,LSU,Texas A&M,Trey'Dez Green,Receiver,0,0,0.0,0,0,0,0,0.0,0,2,5,17.3,0
57,B,LSU,Texas A&M,Chris Hilton Jr.,Receiver,0,0,0.0,0,0,0,0,0.0,0,1,1,16.4,0
58,A,LSU,Texas A&M,Garrett Nussmeier,QB,36,16,246.3,1,0,3,0,0.0,0,0,0,0.0,0
58,A,LSU,Texas A&M,Caden Durham,Rusher,0,0,0.0,0,0,0,18,61.0,1,0,0,0.0,0
58,A,LSU,Texas A&M,Harlem Berry,Rusher,0,0,0.0,0,0,0,7,41.0,1,0,0,0.0,0
58,A,LSU,Texas A&M,Other RB,Rusher,0,0,0.0,0,0,0,1,7.3,0,0,0,0.0,0
58,A,LSU,Texas A&M,Ju'Juan Johnson,Rusher,0,0,0.0,0,0,0,3,6.1,0,0,0,0.0,0
58,A,LSU,Texas A&M,Kaleb Jackson,Rusher,0,0,0.0,0,0,0,3,10.7,0,0,0,0.0,0
58,A,LSU,Texas A&M,Garrett Nussmeier,Rusher,0,0,0.0,0,0,0,2,11.0,0,0,0,0.0,0
58,A,LSU,Texas A&M,Kyle Parker,Receiver,0,0,0.0,0,0,0,0,0.0,0,1,3,26.8,0
58,A,LSU,Texas A&M,Nic Anderson,Receiver,0,0,0.0,0,0,0,0,0.0,0,2,2,28.4,0
58,A,LSU,Texas A&M,Barion Brown,Receiver,0,0,0.0,0,0,0,0,0.0,0,2,6,6.4,0
58,A,LSU,Texas A&M,Zavion Thomas,Receiver,0,0,0.0,0,0,0,0,0.0,0,4,8,53.0,0
58,A,LSU,Texas A&M,Aaron Anderson,Receiver,0,0,0.0,0,0,0,0,0.0,0,4,8,70.4,0
58,A,LSU,Texas A&M,Chris Hilton Jr.,Receiver,0,0,0.0,0,0,0,0,0.0,0,0,1,0.0,0
58,A,LSU,Texas A&M,Other WR,Receiver,0,0,0.0,0,0,0,0,0.0,0,1,2,31.4,0
58,A,LSU,Texas A&M,Trey'Dez Green,Receiver,0,0,0.0,0,0,0,0,0.0,0,2,4,29.8,1
58,A,LSU,Texas A&M,Bauer Sharp,Receiver,0,0,0.0,0,0,0,0,0.0,0,0,2,0.0,0
58,A,Texas A&M,LSU,Marcel Reed,QB,30,20,168.2,1,0,5,0,0.0,0,0,0,0.0,0
58,A,Texas A&M,LSU,Amari Daniels,Rusher,0,0,0.0,0,0,0,3,20.7,1,0,0,0.0,0
58,A,Texas A&M,LSU,Rueben Owens,Rusher,0,0,0.0,0,0,0,7,49.8,0,0,0,0.0,0
58,A,Texas A&M,LSU,Marcel Reed,Rusher,0,0,0.0,0,0,0,5,14.0,0,0,0,0.0,0
58,A,Texas A&M,LSU,E.J. Smith,Rusher,0,0,0.0,0,0,0,1,-0.3,0,0,0,0.0,0
58,A,Texas A&M,LSU,Le'Veon Moss,Rusher,0,0,0.0,0,0,0,8,20.0,0,0,0,0.0,0
58,A,Texas A&M,LSU,Mario Craver,Receiver,0,0,0.0,0,0,0,0,0.0,0,4,8,39.9,1
58,A,Texas A&M,LSU,Kevin Concepcion,Receiver,0,0,0.0,0,0,0,0,0.0,0,7,9,80.6,0
58,A,Texas A&M,LSU,Other WR,Receiver,0,0,0.0,0,0,0,0,0.0,0,2,4,16.5,0
58,A,Texas A&M,LSU,Nate Boerkircher,Receiver,0,0,0.0,0,0,0,0,0.0,0,3,3,11.0,0
58,A,Texas A&M,LSU,Terry Bussey,Receiver,0,0,0.0,0,0,0,0,0.0,0,0,0,0.0,0
58,A,Texas A&M,LSU,Ashton Bethel-Roman,Receiver,0,0,0.0,0,0,0,0,0.0,0,2,4,18.3,0
58,A,Texas A&M,LSU,Theo Melin Ohrstrom,Receiver,0,0,0.0,0,0,0,0,0.0,0,2,2,1.9,0
59,B,Texas A&M,LSU,Marcel Reed,QB,30,20,249.7,1,0,5,0,0.0,0,0,0,0.0,0
59,B,Texas A&M,LSU,Le'Veon Moss,Rusher,0,0,0.0,0,0,0,14,38.5,1,0,0,0.0,0
59,B,Texas A&M,LSU,Miles O'Neill,Rusher,0,0,0.0,0,0,0,2,21.5,0,0,0,0.0,0
59,B,Texas A&M,LSU,Marcel Reed,Rusher,0,0,0.0,0,0,0,7,51.5,1,0,0,0.0,0
59,B,Texas A&M,LSU,Amari Daniels,Rusher,0,0,0.0,0,0,0,5,9.2,0,0,0,0.0,0
59,B,Texas A&M,LSU,E.J. Smith,Rusher,0,0,0.0,0,0,0,2,8.4,0,0,0,0.0,0
59,B,Texas A&M,LSU,Other RB,Rusher,0,0,0.0,0,0,0,1,2.4,0,0,0,0.0,0
59,B,Texas A&M,LSU,Rueben Owens,Rusher,0,0,0.0,0,0,0,2,3.0,0,0,0,0.0,0
59,B,Texas A&M,LSU,Kevin Concepcion,Receiver,0,0,0.0,0,0,0,0,0.0,0,8,11,124.9,0
59,B,Texas A&M,LSU,Theo Melin Ohrstrom,Receiver,0,0,0.0,0,0,0,0,0.0,0,3,4,37.2,0
59,B,Texas A&M,LSU,Other WR,Receiver,0,0,0.0,0,0,0,0,0.0,0,5,6,48.9,1
59,B,Texas A&M,LSU,Terry Bussey,Receiver,0,0,0.0,0,0,0,0,0.0,0,1,2,0.0,0
59,B,Texas A&M,LSU,Ashton Bethel-Roman,Receiver,0,0,0.0,0,0,0,0,0.0,0,1,1,4.5,0
59,B,Texas A&M,LSU,Mario Craver,Receiver,0,0,0.0,0,0,0,0,0.0,0,2,5,34.3,0
59,B,Texas A&M,LSU,Amari Niblack,Receiver,0,0,0.0,0,0,0,0,0.0,0,0,1,0.0,0
59,B,LSU,Texas A&M,Garrett Nussmeier,QB,29,13,161.2,1,0,4,0,0.0,0,0,0,0.0,0
59,B,LSU,Texas A&M,Caden Durham,Rusher,0,0,0.0,0,0,0,18,79.0,0,0,0,0.0,0
59,B,LSU,Texas A&M,Ju'Juan Johnson,Rusher,0,0,0.0,0,0,0,2,-0.4,0,0,0,0.0,0
59,B,LSU,Texas A&M,Other RB,Rusher,0,0,0.0,0,0,0,1,4.0,0,0,0,0.0,0
59,B,LSU,Texas A&M,Harlem Berry,Rusher,0,0,0.0,0,0,0,3,9.3,0,0,0,0.0,0
59,B,LSU,Texas A&M,Garrett Nussmeier,Rusher,0,0,0.0,0,0,0,1,-1.0,0,0,0,0.0,0
59,B,LSU,Texas A&M,Kaleb Jackson,Rusher,0,0,0.0,0,0,0,1,15.4,0,0,0,0.0,0
59,B,LSU,Texas A&M,Chris Hilton Jr.,Receiver,0,0,0.0,0,0,0,0,0.0,0,0,1,0.0,0
59,B,LSU,Texas A&M,Bauer Sharp,Receiver,0,0,0.0,0,0,0,0,0.0,0,3,5,43.1,0
59,B,LSU,Texas A&M,Trey'Dez Green,Receiver,0,0,0.0,0,0,0,0,0.0,0,0,2,0.0,0
59,B,LSU,Texas A&M,Kyle Parker,Receiver,0,0,0.0,0,0,0,0,0.0,0,1,1,39.7,0
59,B,LSU,Texas A&M,Other WR,Receiver,0,0,0.0,0,0,0,0,0.0,0,1,2,6.6,0
59,B,LSU,Texas A&M,Barion Brown,Receiver,0,0,0.0,0,0,0,0,0.0,0,2,6,44.3,1
59,B,LSU,Texas A&M,Aaron Anderson,Receiver,0,0,0.0,0,0,0,0,0.0,0,3,6,8.0,0
59,B,LSU,Texas A&M,Zavion Thomas,Receiver,0,0,0.0,0,0,0,0,0.0,0,3,6,19.5,0
59,B,LSU,Texas A&M,Nic Anderson,Receiver,0,0,0.0,0,0,0,0,0.0,0,0,0,0.0,0
60,A,LSU,Texas A&M,Garrett Nussmeier,QB,30,22,277.3,2,1,2,0,0.0,0,0,0,0.0,0
60,A,LSU,Texas A&M,Ju'Juan Johnson,Rusher,0,0,0.0,0,0,0,4,32.1,0,0,0,0.0,0
60,A,LSU,Texas A&M,Garrett Nussmeier,Rusher,0,0,0.0,0,0,0,2,4.4,0,0,0,0.0,0
60,A,LSU,Texas A&M,Caden Durham,Rusher,0,0,0.0,0,0,0,19,79.2,1,0,0,0.0,0
60,A,LSU,Texas A&M,Other RB,Rusher,0,0,0.0,0,0,0,2,6.6,0,0,0,0.0,0
60,A,LSU,Texas A&M,Harlem Berry,Rusher,0,0,0.0,0,0,0,4,6.5,0,0,0,0.0,0
60,A,LSU,Texas A&M,Bauer Sharp,Receiver,0,0,0.0,0,0,0,0,0.0,0,4,6,30.5,0
60,A,LSU,Texas A&M,Trey'Dez Green,Receiver,0,0,0.0,0,0,0,0,0.0,0,4,4,57.7,0
60,A,LSU,Texas A&M,Other WR,Receiver,0,0,0.0,0,0,0,0,0.0,0,0,2,0.0,0
60,A,LSU,Texas A&M,Nic Anderson,Receiver,0,0,0.0,0,0,0,0,0.0,0,2,2,44.5,2
60,A,LSU,Texas A&M,Barion Brown,Receiver,0,0,0.0,0,0,0,0,0.0,0,5,5,55.9,0
60,A,LSU,Texas A&M,Aaron Anderson,Receiver,0,0,0.0,0,0,0,0,0.0,0,3,6,25.1,0
60,A,LSU,Texas A&M,Zavion Thomas,Receiver,0,0,0.0,0,0,0,0,0.0,0,1,1,10.5,0
60,A,LSU,Texas A&M,Kyle Parker,Receiver,0,0,0.0,0,0,0,0,0.0,0,3,3,53.1,0
60,A,LSU,Texas A&M,Chris Hilton Jr.,Receiver,0,0,0.0,0,0,0,0,0.0,0,0,1,0.0,0
60,A,Texas A&M,LSU,Marcel Reed,QB,22,14,216.6,2,0,2,0,0.0,0,0,0,0.0,0
60,A,Texas A&M,LSU,Rueben Owens,Rusher,0,0,0.0,0,0,0,4,24.5,0,0,0,0.0,0
60,A,Texas A&M,LSU,Marcel Reed,Rusher,0,0,0.0,0,0,0,9,57.8,1,0,0,0.0,0
60,A,Texas A&M,LSU,Le'Veon Moss,Rusher,0,0,0.0,0,0,0,13,41.0,0,0,0,0.0,0
60,A,Texas A&M,LSU,Amari Daniels,Rusher,0,0,0.0,0,0,0,3,0.5,0,0,0,0.0,0
60,A,Texas A&M,LSU,Miles O'Neill,Rusher,0,0,0.0,0,0,0,1,3.0,0,0,0,0.0,0
60,A,Texas A&M,LSU,E.J. Smith,Rusher,0,0,0.0,0,0,0,2,6.9,0,0,0,0.0,0
60,A,Texas A&M,LSU,Jamarion Morrow,Rusher,0,0,0.0,0,0,0,2,16.9,1,0,0,0.0,0
60,A,Texas A&M,LSU,Mario Craver,Receiver,0,0,0.0,0,0,0,0,0.0,0,1,4,23.3,1
60,A,Texas A&M,LSU,Other WR,Receiver,0,0,0.0,0,0,0,0,0.0,0,4,5,27.1,0
60,A,Texas A&M,LSU,Kevin Concepcion,Receiver,0,0,0.0,0,0,0,0,0.0,0,5,7,80.3,0
60,A,Texas A&M,LSU,Theo Melin Ohrstrom,Receiver,0,0,0.0,0,0,0,0,0.0,0,1,1,4.2,0
60,A,Texas A&M,LSU,Ashton Bethel-Roman,Receiver,0,0,0.0,0,0,0,0,0.0,0,1,3,33.6,0
60,A,Texas A&M,LSU,Nate Boerkircher,Receiver,0,0,0.0,0,0,0,0,0.0,0,1,1,20.4,1
60,A,Texas A&M,LSU,Amari Niblack,Receiver,0,0,0.0,0,0,0,0,0.0,0,1,1,27.7,0
61,B,Texas A&M,LSU,Marcel Reed,QB,21,17,168.7,1,0,5,0,0.0,0,0,0,0.0,0
61,B,Texas A&M,LSU,Rueben Owens,Rusher,0,0,0.0,0,0,0,4,11.2,0,0,0,0.0,0
61,B,Texas A&M,LSU,E.J. Smith,Rusher,0,0,0.0,0,0,0,1,6.0,0,0,0,0.0,0
61,B,Texas A&M,LSU,Marcel Reed,Rusher,0,0,0.0,0,0,0,4,18.9,1,0,0,0.0,0
61,B,Texas A&M,LSU,Le'Veon Moss,Rusher,0,0,0.0,0,0,0,16,53.7,1,0,0,0.0,0
61,B,Texas A&M,LSU,Amari Daniels,Rusher,0,0,0.0,0,0,0,2,1.4,0,0,0,0.0,0
61,B,Texas A&M,LSU,Jamarion Morrow,Rusher,0,0,0.0,0,0,0,2,13.8,0,0,0,0.0,0
61,B,Texas A&M,LSU,Kevin Concepcion,Receiver,0,0,0.0,0,0,0,0,0.0,0,6,7,65.0,1
61,B,Texas A&M,LSU,Ashton Bethel-Roman,Receiver,0,0,0.0,0,0,0,0,0.0,0,4,4,31.1,0
61,B,Texas A&M,LSU,Mario Craver,Receiver,0,0,0.0,0,0,0,0,0.0,0,3,5,19.2,0
61,B,Texas A&M,LSU,Other WR,Receiver,0,0,0.0,0,0,0,0,0.0,0,3,3,53.3,0
61,B,Texas A&M,LSU,Terry Bussey,Receiver,0,0,0.0,0,0,0,0,0.0,0,1,1,0.2,0
61,B,Texas A&M,LSU,Theo Melin Ohrstrom,Receiver,0,0,0.0,0,0,0,0,0.0,0,0,1,0.0,0
61,B,LSU,Texas A&M,Garrett Nussmeier,QB,24,13,123.0,0,0,2,0,0.0,0,0,0,0.0,0
61,B,LSU,Texas A&M,Caden Durham,Rusher,0,0,0.0,0,0,0,22,146.8,3,0,0,0.0,0
61,B,LSU,Texas A&M,Ju'Juan Johnson,Rusher,0,0,0.0,0,0,0,3,24.8,0,0,0,0.0,0
61,B,LSU,Texas A&M,Other RB,Rusher,0,0,0.0,0,0,0,3,7.5,0,0,0,0.0,0
61,B,LSU,Texas A&M,Kaleb Jackson,Rusher,0,0,0.0,0,0,0,1,4.6,1,0,0,0.0,0
61,B,LSU,Texas A&M,Garrett Nussmeier,Rusher,0,0,0.0,0,0,0,4,14.6,0,0,0,0.0,0
61,B,LSU,Texas A&M,Harlem Berry,Rusher,0,0,0.0,0,0,0,3,22.7,0,0,0,0.0,0
61,B,LSU,Texas A&M,Nic Anderson,Receiver,0,0,0.0,0,0,0,0,0.0,0,1,2,6.9,0
61,B,LSU,Texas A&M,Zavion Thomas,Receiver,0,0,0.0,0,0,0,0,0.0,0,2,3,15.5,0
61,B,LSU,Texas A&M,Barion Brown,Receiver,0,0,0.0,0,0,0,0,0.0,0,1,5,16.2,0
61,B,LSU,Texas A&M,Bauer Sharp,Receiver,0,0,0.0,0,0,0,0,0.0,0,2,3,18.8,0
61,B,LSU,Texas A&M,Other WR,Receiver,0,0,0.0,0,0,0,0,0.0,0,3,4,46.3,0
61,B,LSU,Texas A&M,Chris Hilton Jr.,Receiver,0,0,0.0,0,0,0,0,0.0,0,1,2,0.0,0
61,B,LSU,Texas A&M,Aaron Anderson,Receiver,0,0,0.0,0,0,0,0,0.0,0,1,3,4.0,0
61,B,LSU,Texas A&M,Kyle Parker,Receiver,0,0,0.0,0,0,0,0,0.0,0,2,2,15.4,0
62,A,LSU,Texas A&M,Garrett Nussmeier,QB,30,18,193.6,0,0,2,0,0.0,0,0,0,0.0,0
62,A,LSU,Texas A&M,Caden Durham,Rusher,0,0,0.0,0,0,0,18,100.0,2,0,0,0.0,0
62,A,LSU,Texas A&M,Ju'Juan Johnson,Rusher,0,0,0.0,0,0,0,6,16.8,0,0,0,0.0,0
62,A,LSU,Texas A&M,Other RB,Rusher,0,0,0.0,0,0,0,3,17.4,1,0,0,0.0,0
62,A,LSU,Texas A&M,Harlem Berry,Rusher,0,0,0.0,0,0,0,2,15.3,0,0,0,0.0,0
62,A,LSU,Texas A&M,Garrett Nussmeier,Rusher,0,0,0.0,0,0,0,5,27.5,1,0,0,0.0,0
62,A,LSU,Texas A&M,Kaleb Jackson,Rusher,0,0,0.0,0,0,0,1,10.6,0,0,0,0.0,0
62,A,LSU,Texas A&M,Zavion Thomas,Receiver,0,0,0.0,0,0,0,0,0.0,0,2,3,14.8,0
62,A,LSU,Texas A&M,Aaron Anderson,Receiver,0,0,0.0,0,0,0,0,0.0,0,5,9,34.7,0
62,A,LSU,Texas A&M,Other WR,Receiver,0,0,0.0,0,0,0,0,0.0,0,3,3,18.4,0
62,A,LSU,Texas A&M,Kyle Parker,Receiver,0,0,0.0,0,0,0,0,0.0,0,3,4,63.1,0
62,A,LSU,Texas A&M,Nic Anderson,Receiver,0,0,0.0,0,0,0,0,0.0,0,1,2,12.6,0
62,A,LSU,Texas A&M,Barion Brown,Receiver,0,0,0.0,0,0,0,0,0.0,0,3,6,50.0,0
62,A,LSU,Texas A&M,Bauer Sharp,Receiver,0,0,0.0,0,0,0,0,0.0,0,0,1,0.0,0
62,A,LSU,Texas A&M,Trey'Dez Green,Receiver,0,0,0.0,0,0,0,0,0.0,0,1,2,0.0,0
62,A,Texas A&M,LSU,Marcel Reed,QB,34,18,252.3,1,0,9,0,0.0,0,0,0,0.0,0
62,A,Texas A&M,LSU,Le'Veon Moss,Rusher,0,0,0.0,0,0,0,9,30.0,0,0,0,0.0,0
62,A,Texas A&M,LSU,Jamarion Morrow,Rusher,0,0,0.0,0,0,0,2,0.3,0,0,0,0.0,0
62,A,Texas A&M,LSU,Rueben Owens,Rusher,0,0,0.0,0,0,0,2,9.6,0,0,0,0.0,0
62,A,Texas A&M,LSU,Amari Daniels,Rusher,0,0,0.0,0,0,0,2,9.7,0,0,0,0.0,0
62,A,Texas A&M,LSU,Marcel Reed,Rusher,0,0,0.0,0,0,0,3,29.6,1,0,0,0.0,0
62,A,Texas A&M,LSU,E.J. Smith,Rusher,0,0,0.0,0,0,0,1,1.4,0,0,0,0.0,0
62,A,Texas A&M,LSU,Mario Craver,Receiver,0,0,0.0,0,0,0,0,0.0,0,7,10,82.9,0
62,A,Texas A&M,LSU,Other WR,Receiver,0,0,0.0,0,0,0,0,0.0,0,7,9,139.0,1
62,A,Texas A&M,LSU,Kevin Concepcion,Receiver,0,0,0.0,0,0,0,0,0.0,0,3,11,22.8,0
62,A,Texas A&M,LSU,Terry Bussey,Receiver,0,0,0.0,0,0,0,0,0.0,0,0,1,0.0,0
62,A,Texas A&M,LSU,Theo Melin Ohrstrom,Receiver,0,0,0.0,0,0,0,0,0.0,0,0,2,0.0,0
62,A,Texas A&M,LSU,Ashton Bethel-Roman,Receiver,0,0,0.0,0,0,0,0,0.0,0,1,1,7.7,0
63,B,Texas A&M,LSU,Marcel Reed,QB,19,11,97.6,0,0,2,0,0.0,0,0,0,0.0,0
63,B,Texas A&M,LSU,E.J. Smith,Rusher,0,0,0.0,0,0,0,4,11.6,0,0,0,0.0,0
63,B,Texas A&M,LSU,Marcel Reed,Rusher,0,0,0.0,0,0,0,8,24.0,0,0,0,0.0,0
63,B,Texas A&M,LSU,Amari Daniels,Rusher,0,0,0.0,0,0,0,4,25.6,0,0,0,0.0,0
63,B,Texas A&M,LSU,Le'Veon Moss,Rusher,0,0,0.0,0,0,0,13,73.1,1,0,0,0.0,0
63,B,Texas A&M,LSU,Rueben Owens,Rusher,0,0,0.0,0,0,0,3,21.8,1,0,0,0.0,0
63,B,Texas A&M,LSU,Theo Melin Ohrstrom,Receiver,0,0,0.0,0,0,0,0,0.0,0,2,2,7.6,0
63,B,Texas A&M,LSU,Mario Craver,Receiver,0,0,0.0,0,0,0,0,0.0,0,3,5,58.4,0
63,B,Texas A&M,LSU,Other WR,Receiver,0,0,0.0,0,0,0,0,0.0,0,2,3,2.3,0
63,B,Texas A&M,LSU,Ashton Bethel-Roman,Receiver,0,0,0.0,0,0,0,0,0.0,0,2,2,15.6,0
63,B,Texas A&M,LSU,Amari Niblack,Receiver,0,0,0.0,0,0,0,0,0.0,0,0,2,0.0,0
63,B,Texas A&M,LSU,Kevin Concepcion,Receiver,0,0,0.0,0,0,0,0,0.0,0,2,4,13.7,0
63,B,Texas A&M,LSU,Nate Boerkircher,Receiver,0,0,0.0,0,0,0,0,0.0,0,0,1,0.0,0
63,B,LSU,Texas A&M,Garrett Nussmeier,QB,25,19,145.8,1,0,0,0,0.0,0,0,0,0.0,0
63,B,LSU,Texas A&M,Caden Durham,Rusher,0,0,0.0,0,0,0,18,41.0,0,0,0,0.0,0
63,B,LSU,Texas A&M,Other RB,Rusher,0,0,0.0,0,0,0,3,11.2,0,0,0,0.0,0
63,B,LSU,Texas A&M,Harlem Berry,Rusher,0,0,0.0,0,0,0,5,29.6,0,0,0,0.0,0
63,B,LSU,Texas A&M,Ju'Juan Johnson,Rusher,0,0,0.0,0,0,0,2,0.7,0,0,0,0.0,0
63,B,LSU,Texas A&M,Kaleb Jackson,Rusher,0,0,0.0,0,0,0,4,3.5,0,0,0,0.0,0
63,B,LSU,Texas A&M,Garrett Nussmeier,Rusher,0,0,0.0,0,0,0,1,4.8,0,0,0,0.0,0
63,B,LSU,Texas A&M,Aaron Anderson,Receiver,0,0,0.0,0,0,0,0,0.0,0,5,6,15.2,0
63,B,LSU,Texas A&M,Bauer Sharp,Receiver,0,0,0.0,0,0,0,0,0.0,0,3,5,22.0,0
63,B,LSU,Texas A&M,Barion Brown,Receiver,0,0,0.0,0,0,0,0,0.0,0,3,3,23.5,0
63,B,LSU,Texas A&M,Kyle Parker,Receiver,0,0,0.0,0,0,0,0,0.0,0,3,3,58.2,0
63,B,LSU,Texas A&M,Zavion Thomas,Receiver,0,0,0.0,0,0,0,0,0.0,0,1,3,12.0,1
63,B,LSU,Texas A&M,Other WR,Receiver,0,0,0.0,0,0,0,0,0.0,0,2,3,10.5,0
63,B,LSU,Texas A&M,Trey'Dez Green,Receiver,0,0,0.0,0,0,0,0,0.0,0,2,2,4.4,0
64,A,LSU,Texas A&M,Garrett Nussmeier,QB,25,16,207.8,2,0,3,0,0.0,0,0,0,0.0,0
64,A,LSU,Texas A&M,Caden Durham,Rusher,0,0,0.0,0,0,0,16,96.3,1,0,0,0.0,0
64,A,LSU,Texas A&M,Ju'Juan Johnson,Rusher,0,0,0.0,0,0,0,2,0.5,0,0,0,0.0,0
64,A,LSU,Texas A&M,Harlem Berry,Rusher,0,0,0.0,0,0,0,5,6.1,0,0,0,0.0,0
64,A,LSU,Texas A&M,Other RB,Rusher,0,0,0.0,0,0,0,4,16.2,0,0,0,0.0,0
64,A,LSU,Texas A&M,Kaleb Jackson,Rusher,0,0,0.0,0,0,0,1,9.9,0,0,0,0.0,0
64,A,LSU,Texas A&M,Garrett Nussmeier,Rusher,0,0,0.0,0,0,0,2,7.8,0,0,0,0.0,0
64,A,LSU,Texas A&M,Aaron Anderson,Receiver,0,0,0.0,0,0,0,0,0.0,0,1,3,21.7,1
64,A,LSU,Texas A&M,Barion Brown,Receiver,0,0,0.0,0,0,0,0,0.0,0,5,5,75.2,1
64,A,LSU,Texas A&M,Bauer Sharp,Receiver,0,0,0.0,0,0,0,0,0.0,0,3,4,53.3,0
64,A,LSU,Texas A&M,Zavion Thomas,Receiver,0,0,0.0,0,0,0,0,0.0,0,4,5,42.5,0
64,A,LSU,Texas A&M,Chris Hilton Jr.,Receiver,0,0,0.0,0,0,0,0,0.0,0,1,3,0.0,0
64,A,LSU,Texas A&M,Nic Anderson,Receiver,0,0,0.0,0,0,0,0,0.0,0,1,1,1.5,0
64,A,LSU,Texas A&M,Other WR,Receiver,0,0,0.0,0,0,0,0,0.0,0,0,1,0.0,0
64,A,LSU,Texas A&M,Kyle Parker,Receiver,0,0,0.0,0,0,0,0,0.0,0,1,2,13.6,0
64,A,LSU,Texas A&M,Trey'Dez Green,Receiver,0,0,0.0,0,0,0,0,0.0,0,0,1,0.0,0
64,A,Texas A&M,LSU,Marcel Reed,QB,26,19,227.9,1,0,4,0,0.0,0,0,0,0.0,0
64,A,Texas A&M,LSU,Le'Veon Moss,Rusher,0,0,0.0,0,0,0,10,53.9,2,0,0,0.0,0
64,A,Texas A&M,LSU,Marcel Reed,Rusher,0,0,0.0,0,0,0,5,46.4,0,0,0,0.0,0
64,A,Texas A&M,LSU,Amari Daniels,Rusher,0,0,0.0,0,0,0,5,15.0,0,0,0,0.0,0
64,A,Texas A&M,LSU,Jamarion Morrow,Rusher,0,0,0.0,0,0,0,2,-3.4,0,0,0,0.0,0
64,A,Texas A&M,LSU,E.J. Smith,Rusher,0,0,0.0,0,0,0,2,12.8,0,0,0,0.0,0
64,A,Texas A&M,LSU,Rueben Owens,Rusher,0,0,0.0,0,0,0,3,10.8,0,0,0,0.0,0
64,A,Texas A&M,LSU,Miles O'Neill,Rusher,0,0,0.0,0,0,0,2,-2.0,0,0,0,0.0,0
64,A,Texas A&M,LSU,Kevin Concepcion,Receiver,0,0,0.0,0,0,0,0,0.0,0,4,6,52.8,0
64,A,Texas A&M,LSU,Other WR,Receiver,0,0,0.0,0,0,0,0,0.0,0,6,8,105.1,1
64,A,Texas A&M,LSU,Amari Niblack,Receiver,0,0,0.0,0,0,0,0,0.0,0,0,1,0.0,0
64,A,Texas A&M,LSU,Ashton Bethel-Roman,Receiver,0,0,0.0,0,0,0,0,0.0,0,4,4,25.2,0
64,A,Texas A&M,LSU,Mario Craver,Receiver,0,0,0.0,0,0,0,0,0.0,0,2,4,8.2,0
64,A,Texas A&M,LSU,Terry Bussey,Receiver,0,0,0.0,0,0,0,0,0.0,0,1,1,7.0,0
64,A,Texas A&M,LSU,Theo Melin Ohrstrom,Receiver,0,0,0.0,0,0,0,0,0.0,0,1,1,23.0,0
64,A,Texas A&M,LSU,Nate Boerkircher,Receiver,0,0,0.0,0,0,0,0,0.0,0,1,1,6.7,0
65,B,Texas A&M,LSU,Marcel Reed,QB,20,12,118.4,0,0,3,0,0.0,0,0,0,0.0,0
65,B,Texas A&M,LSU,Le'Veon Moss,Rusher,0,0,0.0,0,0,0,26,104.7,0,0,0,0.0,0
65,B,Texas A&M,LSU,Rueben Owens,Rusher,0,0,0.0,0,0,0,9,39.3,2,0,0,0.0,0
65,B,Texas A&M,LSU,Marcel Reed,Rusher,0,0,0.0,0,0,0,7,28.4,0,0,0,0.0,0
65,B,Texas A&M,LSU,Amari Daniels,Rusher,0,0,0.0,0,0,0,5,21.1,0,0,0,0.0,0
65,B,Texas A&M,LSU,Jamarion Morrow,Rusher,0,0,0.0,0,0,0,1,4.7,0,0,0,0.0,0
65,B,Texas A&M,LSU,Miles O'Neill,Rusher,0,0,0.0,0,0,0,1,0.9,0,0,0,0.0,0
65,B,Texas A&M,LSU,E.J. Smith,Rusher,0,0,0.0,0,0,0,1,7.8,0,0,0,0.0,0
65,B,Texas A&M,LSU,Other WR,Receiver,0,0,0.0,0,0,0,0,0.0,0,2,4,35.8,0
65,B,Texas A&M,LSU,Kevin Concepcion,Receiver,0,0,0.0,0,0,0,0,0.0,0,3,5,30.6,0
65,B,Texas A&M,LSU,Mario Craver,Receiver,0,0,0.0,0,0,0,0,0.0,0,4,6,26.4,0
65,B,Texas A&M,LSU,Nate Boerkircher,Receiver,0,0,0.0,0,0,0,0,0.0,0,1,1,0.0,0
65,B,Texas A&M,LSU,Terry Bussey,Receiver,0,0,0.0,0,0,0,0,0.0,0,1,2,15.8,0
65,B,Texas A&M,LSU,Ashton Bethel-Roman,Receiver,0,0,0.0,0,0,0,0,0.0,0,1,2,9.8,0
65,B,LSU,Texas A&M,Garrett Nussmeier,QB,21,9,80.0,0,0,2,0,0.0,0,0,0,0.0,0
65,B,LSU,Texas A&M,Harlem Berry,Rusher,0,0,0.0,0,0,0,5,6.0,0,0,0,0.0,0
65,B,LSU,Texas A&M,Caden Durham,Rusher,0,0,0.0,0,0,0,10,37.0,0,0,0,0.0,0
65,B,LSU,Texas A&M,Garrett Nussmeier,Rusher,0,0,0.0,0,0,0,3,-0.3,0,0,0,0.0,0
65,B,LSU,Texas A&M,Ju'Juan Johnson,Rusher,0,0,0.0,0,0,0,1,11.7,0,0,0,0.0,0
65,B,LSU,Texas A&M,Other RB,Rusher,0,0,0.0,0,0,0,2,3.0,0,0,0,0.0,0
65,B,LSU,Texas A&M,Kaleb Jackson,Rusher,0,0,0.0,0,0,0,1,7.0,0,0,0,0.0,0
65,B,LSU,Texas A&M,Chris Hilton Jr.,Receiver,0,0,0.0,0,0,0,0,0.0,0,0,1,0.0,0
65,B,LSU,Texas A&M,Zavion Thomas,Receiver,0,0,0.0,0,0,0,0,0.0,0,1,1,9.8,0
65,B,LSU,Texas A&M,Barion Brown,Receiver,0,0,0.0,0,0,0,0,0.0,0,3,5,33.7,0
65,B,LSU,Texas A&M,Kyle Parker,Receiver,0,0,0.0,0,0,0,0,0.0,0,0,1,0.0,0
65,B,LSU,Texas A&M,Aaron Anderson,Receiver,0,0,0.0,0,0,0,0,0.0,0,2,6,31.0,0
65,B,LSU,Texas A&M,Bauer Sharp,Receiver,0,0,0.0,0,0,0,0,0.0,0,2,5,0.0,0
65,B,LSU,Texas A&M,Other WR,Receiver,0,0,0.0,0,0,0,0,0.0,0,0,1,0.0,0
65,B,LSU,Texas A&M,Trey'Dez Green,Receiver,0,0,0.0,0,0,0,0,0.0,0,1,1,5.5,0
66,A,LSU,Texas A&M,Garrett Nussmeier,QB,34,18,196.8,3,0,2,0,0.0,0,0,0,0.0,0
66,A,LSU,Texas A&M,Kaleb Jackson,Rusher,0,0,0.0,0,0,0,2,9.2,0,0,0,0.0,0
66,A,LSU,Texas A&M,Caden Durham,Rusher,0,0,0.0,0,0,0,14,57.2,0,0,0,0.0,0
66,A,LSU,Texas A&M,Ju'Juan Johnson,Rusher,0,0,0.0,0,0,0,7,15.6,0,0,0,0.0,0
66,A,LSU,Texas A&M,Harlem Berry,Rusher,0,0,0.0,0,0,0,6,18.7,0,0,0,0.0,0
66,A,LSU,Texas A&M,Other RB,Rusher,0,0,0.0,0,0,0,1,1.9,0,0,0,0.0,0
66,A,LSU,Texas A&M,Garrett Nussmeier,Rusher,0,0,0.0,0,0,0,2,14.3,0,0,0,0.0,0
66,A,LSU,Texas A&M,Other WR,Receiver,0,0,0.0,0,0,0,0,0.0,0,1,1,19.5,0
66,A,LSU,Texas A&M,Bauer Sharp,Receiver,0,0,0.0,0,0,0,0,0.0,0,5,8,58.4,1
66,A,LSU,Texas A&M,Trey'Dez Green,Receiver,0,0,0.0,0,0,0,0,0.0,0,2,3,7.4,0
66,A,LSU,Texas A&M,Nic Anderson,Receiver,0,0,0.0,0,0,0,0,0.0,0,3,4,70.5,0
66,A,LSU,Texas A&M,Kyle Parker,Receiver,0,0,0.0,0,0,0,0,0.0,0,2,4,0.0,0
66,A,LSU,Texas A&M,Zavion Thomas,Receiver,0,0,0.0,0,0,0,0,0.0,0,1,4,10.4,0
66,A,LSU,Texas A&M,Barion Brown,Receiver,0,0,0.0,0,0,0,0,0.0,0,1,5,4.1,0
66,A,LSU,Texas A&M,Aaron Anderson,Receiver,0,0,0.0,0,0,0,0,0.0,0,3,4,26.6,2
66,A,LSU,Texas A&M,Chris Hilton Jr.,Receiver,0,0,0.0,0,0,0,0,0.0,0,0,1,0.0,0
66,A,Texas A&M,LSU,Marcel Reed,QB,32,22,304.8,1,0,5,0,0.0,0,0,0,0.0,0
66,A,Texas A&M,LSU,Jamarion Morrow,Rusher,0,0,0.0,0,0,0,1,3.5,0,0,0,0.0,0
66,A,Texas A&M,LSU,Le'Veon Moss,Rusher,0,0,0.0,0,0,0,12,57.6,2,0,0,0.0,0
66,A,Texas A&M,LSU,Rueben Owens,Rusher,0,0,0.0,0,0,0,4,-5.3,0,0,0,0.0,0
66,A,Texas A&M,LSU,Marcel Reed,Rusher,0,0,0.0,0,0,0,2,5.8,0,0,0,0.0,0
66,A,Texas A&M,LSU,Amari Daniels,Rusher,0,0,0.0,0,0,0,4,49.7,1,0,0,0.0,0
66,A,Texas A&M,LSU,Mario Craver,Receiver,0,0,0.0,0,0,0,0,0.0,0,9,12,108.2,0
66,A,Texas A&M,LSU,Ashton Bethel-Roman,Receiver,0,0,0.0,0,0,0,0,0.0,0,3,4,56.5,0
66,A,Texas A&M,LSU,Kevin Concepcion,Receiver,0,0,0.0,0,0,0,0,0.0,0,4,6,41.6,0
66,A,Texas A&M,LSU,Terry Bussey,Receiver,0,0,0.0,0,0,0,0,0.0,0,1,4,10.1,0
66,A,Texas A&M,LSU,Other WR,Receiver,0,0,0.0,0,0,0,0,0.0,0,4,4,62.4,1
66,A,Texas A&M,LSU,Nate Boerkircher,Receiver,0,0,0.0,0,0,0,0,0.0,0,0,1,0.0,0
66,A,Texas A&M,LSU,Theo Melin Ohrstrom,Receiver,0,0,0.0,0,0,0,0,0.0,0,1,1,26.0,0
67,B,Texas A&M,LSU,Marcel Reed,QB,25,15,87.2,0,0,7,0,0.0,0,0,0,0.0,0
67,B,Texas A&M,LSU,Rueben Owens,Rusher,0,0,0.0,0,0,0,3,12.4,0,0,0,0.0,0
67,B,Texas A&M,LSU,Marcel Reed,Rusher,0,0,0.0,0,0,0,5,8.3,0,0,0,0.0,0
67,B,Texas A&M,LSU,Amari Daniels,Rusher,0,0,0.0,0,0,0,4,24.2,0,0,0,0.0,0
67,B,Texas A&M,LSU,E.J. Smith,Rusher,0,0,0.0,0,0,0,3,10.6,0,0,0,0.0,0
67,B,Texas A&M,LSU,Le'Veon Moss,Rusher,0,0,0.0,0,0,0,8,31.0,0,0,0,0.0,0
67,B,Texas A&M,LSU,Other WR,Receiver,0,0,0.0,0,0,0,0,0.0,0,2,2,16.8,0
67,B,Texas A&M,LSU,Mario Craver,Receiver,0,0,0.0,0,0,0,0,0.0,0,5,12,30.2,0
67,B,Texas A&M,LSU,Kevin Concepcion,Receiver,0,0,0.0,0,0,0,0,0.0,0,4,6,27.9,0
67,B,Texas A&M,LSU,Theo Melin Ohrstrom,Receiver,0,0,0.0,0,0,0,0,0.0,0,1,2,2.4,0
67,B,Texas A&M,LSU,Nate Boerkircher,Receiver,0,0,0.0,0,0,0,0,0.0,0,1,1,0.1,0
67,B,Texas A&M,LSU,Terry Bussey,Receiver,0,0,0.0,0,0,0,0,0.0,0,2,2,9.9,0
67,B,Texas A&M,LSU,Ashton Bethel-Roman,Receiver,0,0,0.0,0,0,0,0,0.0,0,0,0,0.0,0
67,B,LSU,Texas A&M,Garrett Nussmeier,QB,22,17,234.8,3,0,2,0,0.0,0,0,0,0.0,0
67,B,LSU,Texas A&M,Harlem Berry,Rusher,0,0,0.0,0,0,0,4,16.5,0,0,0,0.0,0
67,B,LSU,Texas A&M,Ju'Juan Johnson,Rusher,0,0,0.0,0,0,0,9,48.9,1,0,0,0.0,0
67,B,LSU,Texas A&M,Caden Durham,Rusher,0,0,0.0,0,0,0,16,89.2,1,0,0,0.0,0
67,B,LSU,Texas A&M,Kaleb Jackson,Rusher,0,0,0.0,0,0,0,2,24.7,0,0,0,0.0,0
67,B,LSU,Texas A&M,Other RB,Rusher,0,0,0.0,0,0,0,5,15.5,0,0,0,0.0,0
67,B,LSU,Texas A&M,Garrett Nussmeier,Rusher,0,0,0.0,0,0,0,4,7.5,0,0,0,0.0,0
67,B,LSU,Texas A&M,Kyle Parker,Receiver,0,0,0.0,0,0,0,0,0.0,0,2,3,33.2,0
67,B,LSU,Texas A&M,Nic Anderson,Receiver,0,0,0.0,0,0,0,0,0.0,0,3,4,10.3,0
67,B,LSU,Texas A&M,Other WR,Receiver,0,0,0.0,0,0,0,0,0.0,0,3,3,34.4,0
67,B,LSU,Texas A&M,Barion Brown,Receiver,0,0,0.0,0,0,0,0,0.0,0,4,4,56.3,1
67,B,LSU,Texas A&M,Aaron Anderson,Receiver,0,0,0.0,0,0,0,0,0.0,0,0,1,0.0,0
67,B,LSU,Texas A&M,Zavion Thomas,Receiver,0,0,0.0,0,0,0,0,0.0,0,2,3,41.0,1
67,B,LSU,Texas A&M,Trey'Dez Green,Receiver,0,0,0.0,0,0,0,0,0.0,0,3,4,59.7,1
68,A,LSU,Texas A&M,Garrett Nussmeier,QB,32,15,214.3,1,0,4,0,0.0,0,0,0,0.0,0
68,A,LSU,Texas A&M,Caden Durham,Rusher,0,0,0.0,0,0,0,19,96.8,1,0,0,0.0,0
68,A,LSU,Texas A&M,Harlem Berry,Rusher,0,0,0.0,0,0,0,7,39.8,0,0,0,0.0,0
68,A,LSU,Texas A&M,Ju'Juan Johnson,Rusher,0,0,0.0,0,0,0,3,4.1,0,0,0,0.0,0
68,A,LSU,Texas A&M,Other RB,Rusher,0,0,0.0,0,0,0,1,11.0,0,0,0,0.0,0
68,A,LSU,Texas A&M,Garrett Nussmeier,Rusher,0,0,0.0,0,0,0,1,4.0,0,0,0,0.0,0
68,A,LSU,Texas A&M,Kaleb Jackson,Rusher,0,0,0.0,0,0,0,2,20.2,1,0,0,0.0,0
68,A,LSU,Texas A&M,Chris Hilton Jr.,Receiver,0,0,0.0,0,0,0,0,0.0,0,2,3,25.3,0
68,A,LSU,Texas A&M,Trey'Dez Green,Receiver,0,0,0.0,0,0,0,0,0.0,0,3,6,32.9,0
68,A,LSU,Texas A&M,Aaron Anderson,Receiver,0,0,0.0,0,0,0,0,0.0,0,4,9,65.6,0
68,A,LSU,Texas A&M,Kyle Parker,Receiver,0,0,0.0,0,0,0,0,0.0,0,1,2,19.0,0
68,A,LSU,Texas A&M,Other WR,Receiver,0,0,0.0,0,0,0,0,0.0,0,1,2,18.9,0
68,A,LSU,Texas A&M,Zavion Thomas,Receiver,0,0,0.0,0,0,0,0,0.0,0,1,2,10.2,0
68,A,LSU,Texas A&M,Nic Anderson,Receiver,0,0,0.0,0,0,0,0,0.0,0,1,2,25.7,0
68,A,LSU,Texas A&M,Barion Brown,Receiver,0,0,0.0,0,0,0,0,0.0,0,1,4,1.1,1
68,A,LSU,Texas A&M,Bauer Sharp,Receiver,0,0,0.0,0,0,0,0,0.0,0,1,2,15.6,0
68,A,Texas A&M,LSU,Marcel Reed,QB,27,18,249.4,1,1,2,0,0.0,0,0,0,0.0,0
68,A,Texas A&M,LSU,Le'Veon Moss,Rusher,0,0,0.0,0,0,0,12,20.3,0,0,0,0.0,0
68,A,Texas A&M,LSU,Marcel Reed,Rusher,0,0,0.0,0,0,0,5,0.3,0,0,0,0.0,0
68,A,Texas A&M,LSU,Jamarion Morrow,Rusher,0,0,0.0,0,0,0,1,2.0,1,0,0,0.0,0
68,A,Texas A&M,LSU,Amari Daniels,Rusher,0,0,0.0,0,0,0,5,32.9,0,0,0,0.0,0
68,A,Texas A&M,LSU,Rueben Owens,Rusher,0,0,0.0,0,0,0,2,9.3,0,0,0,0.0,0
68,A,Texas A&M,LSU,Kevin Concepcion,Receiver,0,0,0.0,0,0,0,0,0.0,0,9,9,77.6,0
68,A,Texas A&M,LSU,Other WR,Receiver,0,0,0.0,0,0,0,0,0.0,0,2,5,66.2,0
68,A,Texas A&M,LSU,Terry Bussey,Receiver,0,0,0.0,0,0,0,0,0.0,0,1,3,24.3,1
68,A,Texas A&M,LSU,Ashton Bethel-Roman,Receiver,0,0,0.0,0,0,0,0,0.0,0,1,3,14.7,0
68,A,Texas A&M,LSU,Mario Craver,Receiver,0,0,0.0,0,0,0,0,0.0,0,3,5,39.9,0
68,A,Texas A&M,LSU,Theo Melin Ohrstrom,Receiver,0,0,0.0,0,0,0,0,0.0,0,1,1,19.8,0
68,A,Texas A&M,LSU,Nate Boerkircher,Receiver,0,0,0.0,0,0,0,0,0.0,0,1,1,6.9,0
69,B,Texas A&M,LSU,Marcel Reed,QB,27,20,130.9,0,0,7,0,0.0,0,0,0,0.0,0
69,B,Texas A&M,LSU,Amari Daniels,Rusher,0,0,0.0,0,0,0,4,20.4,0,0,0,0.0,0
69,B,Texas A&M,LSU,Marcel Reed,Rusher,0,0,0.0,0,0,0,3,-0.3,0,0,0,0.0,0
69,B,Texas A&M,LSU,Jamarion Morrow,Rusher,0,0,0.0,0,0,0,2,15.7,0,0,0,0.0,0
69,B,Texas A&M,LSU,Rueben Owens,Rusher,0,0,0.0,0,0,0,5,0.8,0,0,0,0.0,0
69,B,Texas A&M,LSU,Le'Veon Moss,Rusher,0,0,0.0,0,0,0,6,13.9,0,0,0,0.0,0
69,B,Texas A&M,LSU,Miles O'Neill,Rusher,0,0,0.0,0,0,0,2,0.3,0,0,0,0.0,0
69,B,Texas A&M,LSU,E.J. Smith,Rusher,0,0,0.0,0,0,0,2,13.5,0,0,0,0.0,0
69,B,Texas A&M,LSU,Mario Craver,Receiver,0,0,0.0,0,0,0,0,0.0,0,4,5,31.7,0
69,B,Texas A&M,LSU,Other WR,Receiver,0,0,0.0,0,0,0,0,0.0,0,3,6,10.5,0
69,B,Texas A&M,LSU,Theo Melin Ohrstrom,Receiver,0,0,0.0,0,0,0,0,0.0,0,3,4,3.5,0
69,B,Texas A&M,LSU,Terry Bussey,Receiver,0,0,0.0,0,0,0,0,0.0,0,2,2,18.5,0
69,B,Texas A&M,LSU,Nate Boerkircher,Receiver,0,0,0.0,0,0,0,0,0.0,0,1,1,3.4,0
69,B,Texas A&M,LSU,Kevin Concepcion,Receiver,0,0,0.0,0,0,0,0,0.0,0,5,7,51.6,0
69,B,Texas A&M,LSU,Amari Niblack,Receiver,0,0,0.0,0,0,0,0,0.0,0,0,0,0.0,0
69,B,Texas A&M,LSU,Ashton Bethel-Roman,Receiver,0,0,0.0,0,0,0,0,0.0,0,2,2,11.7,0
69,B,LSU,Texas A&M,Garrett Nussmeier,QB,22,14,180.7,0,0,1,0,0.0,0,0,0,0.0,0
69,B,LSU,Texas A&M,Other RB,Rusher,0,0,0.0,0,0,0,4,18.0,0,0,0,0.0,0
69,B,LSU,Texas A&M,Caden Durham,Rusher,0,0,0.0,0,0,0,15,21.3,0,0,0,0.0,0
69,B,LSU,Texas A&M,Garrett Nussmeier,Rusher,0,0,0.0,0,0,0,4,10.9,0,0,0,0.0,0
69,B,LSU,Texas A&M,Kaleb Jackson,Rusher,0,0,0.0,0,0,0,3,26.0,1,0,0,0.0,0
69,B,LSU,Texas A&M,Harlem Berry,Rusher,0,0,0.0,0,0,0,4,18.3,0,0,0,0.0,0
69,B,LSU,Texas A&M,Ju'Juan Johnson,Rusher,0,0,0.0,0,0,0,2,6.0,0,0,0,0.0,0
69,B,LSU,Texas A&M,Bauer Sharp,Receiver,0,0,0.0,0,0,0,0,0.0,0,2,3,17.3,0
69,B,LSU,Texas A&M,Barion Brown,Receiver,0,0,0.0,0,0,0,0,0.0,0,4,4,78.2,0
69,B,LSU,Texas A&M,Kyle Parker,Receiver,0,0,0.0,0,0,0,0,0.0,0,1,1,0.0,0
69,B,LSU,Texas A&M,Aaron Anderson,Receiver,0,0,0.0,0,0,0,0,0.0,0,2,5,25.1,0
69,B,LSU,Texas A&M,Zavion Thomas,Receiver,0,0,0.0,0,0,0,0,0.0,0,2,4,15.8,0
69,B,LSU,Texas A&M,Trey'Dez Green,Receiver,0,0,0.0,0,0,0,0,0.0,0,1,2,0.7,0
69,B,LSU,Texas A&M,Chris Hilton Jr.,Receiver,0,0,0.0,0,0,0,0,0.0,0,1,2,33.0,0
69,B,LSU,Texas A&M,Nic Anderson,Receiver,0,0,0.0,0,0,0,0,0.0,0,1,1,10.6,0
70,A,LSU,Texas A&M,Garrett Nussmeier,QB,29,18,192.1,3,0,4,0,0.0,0,0,0,0.0,0
70,A,LSU,Texas A&M,Ju'Juan Johnson,Rusher,0,0,0.0,0,0,0,5,22.9,0,0,0,0.0,0
70,A,LSU,Texas A&M,Garrett Nussmeier,Rusher,0,0,0.0,0,0,0,2,4.1,0,0,0,0.0,0
70,A,LSU,Texas A&M,Caden Durham,Rusher,0,0,0.0,0,0,0,13,53.9,0,0,0,0.0,0
70,A,LSU,Texas A&M,Other RB,Rusher,0,0,0.0,0,0,0,2,10.5,0,0,0,0.0,0
70,A,LSU,Texas A&M,Harlem Berry,Rusher,0,0,0.0,0,0,0,4,0.4,0,0,0,0.0,0
70,A,LSU,Texas A&M,Zavion Thomas,Receiver,0,0,0.0,0,0,0,0,0.0,0,4,4,30.9,1
70,A,LSU,Texas A&M,Aaron Anderson,Receiver,0,0,0.0,0,0,0,0,0.0,0,3,6,13.1,0
70,A,LSU,Texas A&M,Bauer Sharp,Receiver,0,0,0.0,0,0,0,0,0.0,0,2,4,9.7,0
70,A,LSU,Texas A&M,Barion Brown,Receiver,0,0,0.0,0,0,0,0,0.0,0,2,4,24.1,1
70,A,LSU,Texas A&M,Trey'Dez Green,Receiver,0,0,0.0,0,0,0,0,0.0,0,2,3,39.7,0
70,A,LSU,Texas A&M,Other WR,Receiver,0,0,0.0,0,0,0,0,0.0,0,2,2,35.3,0
70,A,LSU,Texas A&M,Nic Anderson,Receiver,0,0,0.0,0,0,0,0,0.0,0,1,3,19.6,1
70,A,LSU,Texas A&M,Kyle Parker,Receiver,0,0,0.0,0,0,0,0,0.0,0,2,3,19.7,0
70,A,Texas A&M,LSU,Marcel Reed,QB,22,11,182.6,2,0,4,0,0.0,0,0,0,0.0,0
70,A,Texas A&M,LSU,Le'Veon Moss,Rusher,0,0,0.0,0,0,0,13,81.1,0,0,0,0.0,0
70,A,Texas A&M,LSU,Marcel Reed,Rusher,0,0,0.0,0,0,0,13,28.9,1,0,0,0.0,0
70,A,Texas A&M,LSU,Rueben Owens,Rusher,0,0,0.0,0,0,0,7,39.5,1,0,0,0.0,0
70,A,Texas A&M,LSU,Other RB,Rusher,0,0,0.0,0,0,0,1,0.4,0,0,0,0.0,0
70,A,Texas A&M,LSU,Amari Daniels,Rusher,0,0,0.0,0,0,0,2,0.9,0,0,0,0.0,0
70,A,Texas A&M,LSU,E.J. Smith,Rusher,0,0,0.0,0,0,0,2,15.3,0,0,0,0.0,0
70,A,Texas A&M,LSU,Ashton Bethel-Roman,Receiver,0,0,0.0,0,0,0,0,0.0,0,1,2,28.6,0
70,A,Texas A&M,LSU,Mario Craver,Receiver,0,0,0.0,0,0,0,0,0.0,0,4,7,51.6,1
70,A,Texas A&M,LSU,Amari Niblack,Receiver,0,0,0.0,0,0,0,0,0.0,0,1,1,12.6,0
70,A,Texas A&M,LSU,Theo Melin Ohrstrom,Receiver,0,0,0.0,0,0,0,0,0.0,0,0,4,0.0,0
70,A,Texas A&M,LSU,Other WR,Receiver,0,0,0.0,0,0,0,0,0.0,0,3,4,89.5,1
70,A,Texas A&M,LSU,Kevin Concepcion,Receiver,0,0,0.0,0,0,0,0,0.0,0,2,3,0.3,0
70,A,Texas A&M,LSU,Terry Bussey,Receiver,0,0,0.0,0,0,0,0,0.0,0,0,1,0.0,0
71,B,Texas A&M,LSU,Marcel Reed,QB,26,21,265.0,1,0,5,0,0.0,0,0,0,0.0,0
71,B,Texas A&M,LSU,Le'Veon Moss,Rusher,0,0,0.0,0,0,0,13,58.8,0,0,0,0.0,0
71,B,Texas A&M,LSU,E.J. Smith,Rusher,0,0,0.0,0,0,0,3,3.7,0,0,0,0.0,0
71,B,Texas A&M,LSU,Amari Daniels,Rusher,0,0,0.0,0,0,0,3,10.9,0,0,0,0.0,0
71,B,Texas A&M,LSU,Rueben Owens,Rusher,0,0,0.0,0,0,0,4,11.3,0,0,0,0.0,0
71,B,Texas A&M,LSU,Marcel Reed,Rusher,0,0,0.0,0,0,0,9,45.5,1,0,0,0.0,0
71,B,Texas A&M,LSU,Amari Niblack,Receiver,0,0,0.0,0,0,0,0,0.0,0,1,2,8.0,0
71,B,Texas A&M,LSU,Kevin Concepcion,Receiver,0,0,0.0,0,0,0,0,0.0,0,4,6,42.7,0
71,B,Texas A&M,LSU,Mario Craver,Receiver,0,0,0.0,0,0,0,0,0.0,0,6,6,75.1,1
71,B,Texas A&M,LSU,Theo Melin Ohrstrom,Receiver,0,0,0.0,0,0,0,0,0.0,0,3,3,32.7,0
71,B,Texas A&M,LSU,Terry Bussey,Receiver,0,0,0.0,0,0,0,0,0.0,0,2,3,34.4,0
71,B,Texas A&M,LSU,Ashton Bethel-Roman,Receiver,0,0,0.0,0,0,0,0,0.0,0,2,2,29.2,0
71,B,Texas A&M,LSU,Nate Boerkircher,Receiver,0,0,0.0,0,0,0,0,0.0,0,2,2,11.9,0
71,B,Texas A&M,LSU,Other WR,Receiver,0,0,0.0,0,0,0,0,0.0,0,1,2,31.1,0
71,B,LSU,Texas A&M,Garrett Nussmeier,QB,23,15,153.5,0,0,0,0,0.0,0,0,0,0.0,0
71,B,LSU,Texas A&M,Ju'Juan Johnson,Rusher,0,0,0.0,0,0,0,5,20.3,0,0,0,0.0,0
71,B,LSU,Texas A&M,Caden Durham,Rusher,0,0,0.0,0,0,0,19,108.6,4,0,0,0.0,0
71,B,LSU,Texas A&M,Harlem Berry,Rusher,0,0,0.0,0,0,0,7,13.4,0,0,0,0.0,0
71,B,LSU,Texas A&M,Other RB,Rusher,0,0,0.0,0,0,0,2,12.9,0,0,0,0.0,0
71,B,LSU,Texas A&M,Garrett Nussmeier,Rusher,0,0,0.0,0,0,0,3,3.6,0,0,0,0.0,0
71,B,LSU,Texas A&M,Kaleb Jackson,Rusher,0,0,0.0,0,0,0,1,12.1,0,0,0,0.0,0
71,B,LSU,Texas A&M,Bauer Sharp,Receiver,0,0,0.0,0,0,0,0,0.0,0,3,6,26.7,0
71,B,LSU,Texas A&M,Aaron Anderson,Receiver,0,0,0.0,0,0,0,0,0.0,0,3,4,29.9,0
71,B,LSU,Texas A&M,Zavion Thomas,Receiver,0,0,0.0,0,0,0,0,0.0,0,2,3,29.6,0
71,B,LSU,Texas A&M,Kyle Parker,Receiver,0,0,0.0,0,0,0,0,0.0,0,2,2,23.4,0
71,B,LSU,Texas A&M,Nic Anderson,Receiver,0,0,0.0,0,0,0,0,0.0,0,1,3,2.2,0
71,B,LSU,Texas A&M,Barion Brown,Receiver,0,0,0.0,0,0,0,0,0.0,0,1,2,7.8,0
71,B,LSU,Texas A&M,Other WR,Receiver,0,0,0.0,0,0,0,0,0.0,0,2,2,18.7,0
71,B,LSU,Texas A&M,Chris Hilton Jr.,Receiver,0,0,0.0,0,0,0,0,0.0,0,1,1,15.2,0
72,A,LSU,Texas A&M,Garrett Nussmeier,QB,29,16,173.4,1,0,1,0,0.0,0,0,0,0.0,0
72,A,LSU,Texas A&M,Caden Durham,Rusher,0,0,0.0,0,0,0,16,77.1,1,0,0,0.0,0
72,A,LSU,Texas A&M,Other RB,Rusher,0,0,0.0,0,0,0,3,3.1,0,0,0,0.0,0
72,A,LSU,Texas A&M,Garrett Nussmeier,Rusher,0,0,0.0,0,0,0,2,8.6,0,0,0,0.0,0
72,A,LSU,Texas A&M,Harlem Berry,Rusher,0,0,0.0,0,0,0,5,9.0,0,0,0,0.0,0
72,A,LSU,Texas A&M,Ju'Juan Johnson,Rusher,0,0,0.0,0,0,0,4,11.8,0,0,0,0.0,0
72,A,LSU,Texas A&M,Kaleb Jackson,Rusher,0,0,0.0,0,0,0,1,3.2,0,0,0,0.0,0
72,A,LSU,Texas A&M,Barion Brown,Receiver,0,0,0.0,0,0,0,0,0.0,0,6,9,73.5,1
72,A,LSU,Texas A&M,Bauer Sharp,Receiver,0,0,0.0,0,0,0,0,0.0,0,1,3,8.3,0
72,A,LSU,Texas A&M,Nic Anderson,Receiver,0,0,0.0,0,0,0,0,0.0,0,0,2,0.0,0
72,A,LSU,Texas A&M,Zavion Thomas,Receiver,0,0,0.0,0,0,0,0,0.0,0,4,6,31.5,0
72,A,LSU,Texas A&M,Aaron Anderson,Receiver,0,0,0.0,0,0,0,0,0.0,0,4,7,45.4,0
72,A,LSU,Texas A&M,Chris Hilton Jr.,Receiver,0,0,0.0,0,0,0,0,0.0,0,1,1,14.8,0
72,A,LSU,Texas A&M,Trey'Dez Green,Receiver,0,0,0.0,0,0,0,0,0.0,0,0,1,0.0,0
72,A,Texas A&M,LSU,Marcel Reed,QB,26,16,145.8,1,0,4,0,0.0,0,0,0,0.0,0
72,A,Texas A&M,LSU,Le'Veon Moss,Rusher,0,0,0.0,0,0,0,10,42.9,0,0,0,0.0,0
72,A,Texas A&M,LSU,Marcel Reed,Rusher,0,0,0.0,0,0,0,9,33.7,0,0,0,0.0,0
72,A,Texas A&M,LSU,Amari Daniels,Rusher,0,0,0.0,0,0,0,9,28.0,0,0,0,0.0,0
72,A,Texas A&M,LSU,E.J. Smith,Rusher,0,0,0.0,0,0,0,2,5.1,0,0,0,0.0,0
72,A,Texas A&M,LSU,Rueben Owens,Rusher,0,0,0.0,0,0,0,3,8.8,0,0,0,0.0,0
72,A,Texas A&M,LSU,Jamarion Morrow,Rusher,0,0,0.0,0,0,0,1,7.4,0,0,0,0.0,0
72,A,Texas A&M,LSU,Ashton Bethel-Roman,Receiver,0,0,0.0,0,0,0,0,0.0,0,1,4,29.4,0
72,A,Texas A&M,LSU,Theo Melin Ohrstrom,Receiver,0,0,0.0,0,0,0,0,0.0,0,3,3,2.4,0
72,A,Texas A&M,LSU,Kevin Concepcion,Receiver,0,0,0.0,0,0,0,0,0.0,0,2,4,3.1,0
72,A,Texas A&M,LSU,Mario Craver,Receiver,0,0,0.0,0,0,0,0,0.0,0,7,11,81.4,1
72,A,Texas A&M,LSU,Other WR,Receiver,0,0,0.0,0,0,0,0,0.0,0,1,1,6.5,0
72,A,Texas A&M,LSU,Terry Bussey,Receiver,0,0,0.0,0,0,0,0,0.0,0,2,3,22.9,0
73,B,Texas A&M,LSU,Marcel Reed,QB,25,22,358.6,4,0,8,0,0.0,0,0,0,0.0,0
73,B,Texas A&M,LSU,Amari Daniels,Rusher,0,0,0.0,0,0,0,5,9.6,0,0,0,0.0,0
73,B,Texas A&M,LSU,Jamarion Morrow,Rusher,0,0,0.0,0,0,0,1,4.4,0,0,0,0.0,0
73,B,Texas A&M,LSU,Rueben Owens,Rusher,0,0,0.0,0,0,0,3,0.0,0,0,0,0.0,0
73,B,Texas A&M,LSU,Le'Veon Moss,Rusher,0,0,0.0,0,0,0,12,54.8,0,0,0,0.0,0
73,B,Texas A&M,LSU,Marcel Reed,Rusher,0,0,0.0,0,0,0,4,0.9,0,0,0,0.0,0
73,B,Texas A&M,LSU,Mario Craver,Receiver,0,0,0.0,0,0,0,0,0.0,0,7,7,91.0,1
73,B,Texas A&M,LSU,Kevin Concepcion,Receiver,0,0,0.0,0,0,0,0,0.0,0,5,6,97.2,2
73,B,Texas A&M,LSU,Other WR,Receiver,0,0,0.0,0,0,0,0,0.0,0,7,9,97.4,1
73,B,Texas A&M,LSU,Amari Niblack,Receiver,0,0,0.0,0,0,0,0,0.0,0,1,1,28.9,0
73,B,Texas A&M,LSU,Ashton Bethel-Roman,Receiver,0,0,0.0,0,0,0,0,0.0,0,1,1,27.9,0
73,B,Texas A&M,LSU,Theo Melin Ohrstrom,Receiver,0,0,0.0,0,0,0,0,0.0,0,1,1,16.2,0
73,B,Texas A&M,LSU,Terry Bussey,Receiver,0,0,0.0,0,0,0,0,0.0,0,0,0,0.0,0
73,B,LSU,Texas A&M,Garrett Nussmeier,QB,20,11,166.5,1,0,3,0,0.0,0,0,0,0.0,0
73,B,LSU,Texas A&M,Caden Durham,Rusher,0,0,0.0,0,0,0,23,95.9,1,0,0,0.0,0
73,B,LSU,Texas A&M,Harlem Berry,Rusher,0,0,0.0,0,0,0,3,11.2,0,0,0,0.0,0
73,B,LSU,Texas A&M,Kaleb Jackson,Rusher,0,0,0.0,0,0,0,3,17.0,0,0,0,0.0,0
73,B,LSU,Texas A&M,Ju'Juan Johnson,Rusher,0,0,0.0,0,0,0,6,40.7,1,0,0,0.0,0
73,B,LSU,Texas A&M,Other RB,Rusher,0,0,0.0,0,0,0,3,5.7,0,0,0,0.0,0
73,B,LSU,Texas A&M,Garrett Nussmeier,Rusher,0,0,0.0,0,0,0,1,4.9,0,0,0,0.0,0
73,B,LSU,Texas A&M,Barion Brown,Receiver,0,0,0.0,0,0,0,0,0.0,0,4,5,50.3,0
73,B,LSU,Texas A&M,Trey'Dez Green,Receiver,0,0,0.0,0,0,0,0,0.0,0,1,4,14.3,0
73,B,LSU,Texas A&M,Kyle Parker,Receiver,0,0,0.0,0,0,0,0,0.0,0,1,2,29.5,0
73,B,LSU,Texas A&M,Other WR,Receiver,0,0,0.0,0,0,0,0,0.0,0,1,1,14.4,0
73,B,LSU,Texas A&M,Aaron Anderson,Receiver,0,0,0.0,0,0,0,0,0.0,0,2,3,22.1,1
73,B,LSU,Texas A&M,Bauer Sharp,Receiver,0,0,0.0,0,0,0,0,0.0,0,0,3,0.0,0
73,B,LSU,Texas A&M,Nic Anderson,Receiver,0,0,0.0,0,0,0,0,0.0,0,1,1,20.1,0
73,B,LSU,Texas A&M,Chris Hilton Jr.,Receiver,0,0,0.0,0,0,0,0,0.0,0,1,1,15.7,0
74,A,LSU,Texas A&M,Garrett Nussmeier,QB,31,20,143.4,0,0,2,0,0.0,0,0,0,0.0,0
74,A,LSU,Texas A&M,Caden Durham,Rusher,0,0,0.0,0,0,0,11,63.8,1,0,0,0.0,0
74,A,LSU,Texas A&M,Ju'Juan Johnson,Rusher,0,0,0.0,0,0,0,4,17.3,0,0,0,0.0,0
74,A,LSU,Texas A&M,Other RB,Rusher,0,0,0.0,0,0,0,4,43.2,1,0,0,0.0,0
74,A,LSU,Texas A&M,Harlem Berry,Rusher,0,0,0.0,0,0,0,4,-12.0,0,0,0,0.0,0
74,A,LSU,Texas A&M,Kaleb Jackson,Rusher,0,0,0.0,0,0,0,1,3.1,0,0,0,0.0,0
74,A,LSU,Texas A&M,Garrett Nussmeier,Rusher,0,0,0.0,0,0,0,3,16.2,0,0,0,0.0,0
74,A,LSU,Texas A&M,Bauer Sharp,Receiver,0,0,0.0,0,0,0,0,0.0,0,5,7,51.5,0
74,A,LSU,Texas A&M,Barion Brown,Receiver,0,0,0.0,0,0,0,0,0.0,0,2,5,12.0,0
74,A,LSU,Texas A&M,Trey'Dez Green,Receiver,0,0,0.0,0,0,0,0,0.0,0,2,4,2.4,0
74,A,LSU,Texas A&M,Aaron Anderson,Receiver,0,0,0.0,0,0,0,0,0.0,0,5,6,24.7,0
74,A,LSU,Texas A&M,Nic Anderson,Receiver,0,0,0.0,0,0,0,0,0.0,0,0,1,0.0,0
74,A,LSU,Texas A&M,Other WR,Receiver,0,0,0.0,0,0,0,0,0.0,0,2,3,25.5,0
74,A,LSU,Texas A&M,Chris Hilton Jr.,Receiver,0,0,0.0,0,0,0,0,0.0,0,1,2,1.0,0
74,A,LSU,Texas A&M,Zavion Thomas,Receiver,0,0,0.0,0,0,0,0,0.0,0,2,2,25.2,0
74,A,LSU,Texas A&M,Kyle Parker,Receiver,0,0,0.0,0,0,0,0,0.0,0,1,1,1.1,0
74,A,Texas A&M,LSU,Marcel Reed,QB,40,20,188.0,1,0,4,0,0.0,0,0,0,0.0,0
74,A,Texas A&M,LSU,Le'Veon Moss,Rusher,0,0,0.0,0,0,0,13,31.7,0,0,0,0.0,0
74,A,Texas A&M,LSU,Rueben Owens,Rusher,0,0,0.0,0,0,0,4,13.4,0,0,0,0.0,0
74,A,Texas A&M,LSU,Marcel Reed,Rusher,0,0,0.0,0,0,0,5,9.6,0,0,0,0.0,0
74,A,Texas A&M,LSU,Amari Daniels,Rusher,0,0,0.0,0,0,0,3,16.8,0,0,0,0.0,0
74,A,Texas A&M,LSU,Other WR,Receiver,0,0,0.0,0,0,0,0,0.0,0,4,8,13.1,0
74,A,Texas A&M,LSU,Mario Craver,Receiver,0,0,0.0,0,0,0,0,0.0,0,6,13,71.4,0
74,A,Texas A&M,LSU,Kevin Concepcion,Receiver,0,0,0.0,0,0,0,0,0.0,0,5,8,44.9,1
74,A,Texas A&M,LSU,Ashton Bethel-Roman,Receiver,0,0,0.0,0,0,0,0,0.0,0,2,5,19.8,0
74,A,Texas A&M,LSU,Nate Boerkircher,Receiver,0,0,0.0,0,0,0,0,0.0,0,0,1,0.0,0
74,A,Texas A&M,LSU,Terry Bussey,Receiver,0,0,0.0,0,0,0,0,0.0,0,3,5,38.8,0
75,B,Texas A&M,LSU,Marcel Reed,QB,18,12,117.3,1,0,3,0,0.0,0,0,0,0.0,0
75,B,Texas A&M,LSU,Marcel Reed,Rusher,0,0,0.0,0,0,0,5,37.0,0,0,0,0.0,0
75,B,Texas A&M,LSU,Le'Veon Moss,Rusher,0,0,0.0,0,0,0,17,112.5,3,0,0,0.0,0
75,B,Texas A&M,LSU,Amari Daniels,Rusher,0,0,0.0,0,0,0,2,-1.7,0,0,0,0.0,0
75,B,Texas A&M,LSU,Jamarion Morrow,Rusher,0,0,0.0,0,0,0,5,18.2,0,0,0,0.0,0
75,B,Texas A&M,LSU,Rueben Owens,Rusher,0,0,0.0,0,0,0,7,48.8,1,0,0,0.0,0
75,B,Texas A&M,LSU,E.J. Smith,Rusher,0,0,0.0,0,0,0,4,17.3,0,0,0,0.0,0
75,B,Texas A&M,LSU,Miles O'Neill,Rusher,0,0,0.0,0,0,0,1,9.6,0,0,0,0.0,0
75,B,Texas A&M,LSU,Other WR,Receiver,0,0,0.0,0,0,0,0,0.0,0,2,2,12.2,0
75,B,Texas A&M,LSU,Kevin Concepcion,Receiver,0,0,0.0,0,0,0,0,0.0,0,3,5,26.2,0
75,B,Texas A&M,LSU,Ashton Bethel-Roman,Receiver,0,0,0.0,0,0,0,0,0.0,0,0,2,0.0,0
75,B,Texas A&M,LSU,Mario Craver,Receiver,0,0,0.0,0,0,0,0,0.0,0,4,5,40.8,0
75,B,Texas A&M,LSU,Theo Melin Ohrstrom,Receiver,0,0,0.0,0,0,0,0,0.0,0,3,3,38.1,1
75,B,Texas A&M,LSU,Terry Bussey,Receiver,0,0,0.0,0,0,0,0,0.0,0,0,1,0.0,0
75,B,LSU,Texas A&M,Garrett Nussmeier,QB,32,19,119.3,0,0,3,0,0.0,0,0,0,0.0,0
75,B,LSU,Texas A&M,Ju'Juan Johnson,Rusher,0,0,0.0,0,0,0,6,45.9,1,0,0,0.0,0
75,B,LSU,Texas A&M,Harlem Berry,Rusher,0,0,0.0,0,0,0,2,-5.1,0,0,0,0.0,0
75,B,LSU,Texas A&M,Other RB,Rusher,0,0,0.0,0,0,0,3,-1.1,0,0,0,0.0,0
75,B,LSU,Texas A&M,Caden Durham,Rusher,0,0,0.0,0,0,0,9,30.5,0,0,0,0.0,0
75,B,LSU,Texas A&M,Garrett Nussmeier,Rusher,0,0,0.0,0,0,0,2,18.2,0,0,0,0.0,0
75,B,LSU,Texas A&M,Barion Brown,Receiver,0,0,0.0,0,0,0,0,0.0,0,3,4,8.4,0
75,B,LSU,Texas A&M,Bauer Sharp,Receiver,0,0,0.0,0,0,0,0,0.0,0,2,3,15.2,0
75,B,LSU,Texas A&M,Aaron Anderson,Receiver,0,0,0.0,0,0,0,0,0.0,0,3,8,27.1,0
75,B,LSU,Texas A&M,Kyle Parker,Receiver,0,0,0.0,0,0,0,0,0.0,0,3,4,9.6,0
75,B,LSU,Texas A&M,Zavion Thomas,Receiver,0,0,0.0,0,0,0,0,0.0,0,2,3,18.4,0
75,B,LSU,Texas A&M,Trey'Dez Green,Receiver,0,0,0.0,0,0,0,0,0.0,0,0,1,0.0,0
75,B,LSU,Texas A&M,Chris Hilton Jr.,Receiver,0,0,0.0,0,0,0,0,0.0,0,1,2,0.0,0
75,B,LSU,Texas A&M,Nic Anderson,Receiver,0,0,0.0,0,0,0,0,0.0,0,3,3,34.8,0
75,B,LSU,Texas A&M,Other WR,Receiver,0,0,0.0,0,0,0,0,0.0,0,2,4,5.7,0
76,A,LSU,Texas A&M,Garrett Nussmeier,QB,28,18,193.9,1,1,2,0,0.0,0,0,0,0.0,0
76,A,LSU,Texas A&M,Harlem Berry,Rusher,0,0,0.0,0,0,0,2,13.0,0,0,0,0.0,0
76,A,LSU,Texas A&M,Caden Durham,Rusher,0,0,0.0,0,0,0,12,44.7,0,0,0,0.0,0
76,A,LSU,Texas A&M,Ju'Juan Johnson,Rusher,0,0,0.0,0,0,0,5,43.0,1,0,0,0.0,0
76,A,LSU,Texas A&M,Kaleb Jackson,Rusher,0,0,0.0,0,0,0,4,9.7,0,0,0,0.0,0
76,A,LSU,Texas A&M,Other RB,Rusher,0,0,0.0,0,0,0,8,25.8,0,0,0,0.0,0
76,A,LSU,Texas A&M,Nic Anderson,Receiver,0,0,0.0,0,0,0,0,0.0,0,4,5,54.7,0
76,A,LSU,Texas A&M,Bauer Sharp,Receiver,0,0,0.0,0,0,0,0,0.0,0,2,5,26.1,0
76,A,LSU,Texas A&M,Barion Brown,Receiver,0,0,0.0,0,0,0,0,0.0,0,3,4,25.1,0
76,A,LSU,Texas A&M,Chris Hilton Jr.,Receiver,0,0,0.0,0,0,0,0,0.0,0,2,3,15.3,0
76,A,LSU,Texas A&M,Zavion Thomas,Receiver,0,0,0.0,0,0,0,0,0.0,0,4,4,47.2,0
76,A,LSU,Texas A&M,Aaron Anderson,Receiver,0,0,0.0,0,0,0,0,0.0,0,0,3,0.0,0
76,A,LSU,Texas A&M,Kyle Parker,Receiver,0,0,0.0,0,0,0,0,0.0,0,2,2,11.1,0
76,A,LSU,Texas A&M,Trey'Dez Green,Receiver,0,0,0.0,0,0,0,0,0.0,0,1,2,14.3,1
76,A,Texas A&M,LSU,Marcel Reed,QB,24,21,210.6,1,0,8,0,0.0,0,0,0,0.0,0
76,A,Texas A&M,LSU,Le'Veon Moss,Rusher,0,0,0.0,0,0,0,11,72.2,1,0,0,0.0,0
76,A,Texas A&M,LSU,Rueben Owens,Rusher,0,0,0.0,0,0,0,5,28.1,1,0,0,0.0,0
76,A,Texas A&M,LSU,Amari Daniels,Rusher,0,0,0.0,0,0,0,4,22.3,0,0,0,0.0,0
76,A,Texas A&M,LSU,E.J. Smith,Rusher,0,0,0.0,0,0,0,1,6.1,0,0,0,0.0,0
76,A,Texas A&M,LSU,Marcel Reed,Rusher,0,0,0.0,0,0,0,4,9.2,0,0,0,0.0,0
76,A,Texas A&M,LSU,Other RB,Rusher,0,0,0.0,0,0,0,1,3.2,0,0,0,0.0,0
76,A,Texas A&M,LSU,Other WR,Receiver,0,0,0.0,0,0,0,0,0.0,0,5,5,80.2,1
76,A,Texas A&M,LSU,Mario Craver,Receiver,0,0,0.0,0,0,0,0,0.0,0,6,7,63.2,0
76,A,Texas A&M,LSU,Nate Boerkircher,Receiver,0,0,0.0,0,0,0,0,0.0,0,2,3,6.6,0
76,A,Texas A&M,LSU,Kevin Concepcion,Receiver,0,0,0.0,0,0,0,0,0.0,0,7,8,60.6,0
76,A,Texas A&M,LSU,Terry Bussey,Receiver,0,0,0.0,0,0,0,0,0.0,0,1,1,0.0,0
76,A,Texas A&M,LSU,Ashton Bethel-Roman,Receiver,0,0,0.0,0,0,0,0,0.0,0,0,0,0.0,0
76,A,Texas A&M,LSU,Theo Melin Ohrstrom,Receiver,0,0,0.0,0,0,0,0,0.0,0,0,0,0.0,0
77,B,Texas A&M,LSU,Marcel Reed,QB,16,12,164.3,0,0,8,0,0.0,0,0,0,0.0,0
77,B,Texas A&M,LSU,Le'Veon Moss,Rusher,0,0,0.0,0,0,0,9,13.4,0,0,0,0.0,0
77,B,Texas A&M,LSU,Marcel Reed,Rusher,0,0,0.0,0,0,0,7,15.8,1,0,0,0.0,0
77,B,Texas A&M,LSU,Rueben Owens,Rusher,0,0,0.0,0,0,0,6,12.0,0,0,0,0.0,0
77,B,Texas A&M,LSU,Amari Daniels,Rusher,0,0,0.0,0,0,0,3,31.0,0,0,0,0.0,0
77,B,Texas A&M,LSU,E.J. Smith,Rusher,0,0,0.0,0,0,0,1,1.8,0,0,0,0.0,0
77,B,Texas A&M,LSU,Kevin Concepcion,Receiver,0,0,0.0,0,0,0,0,0.0,0,4,5,45.7,0
77,B,Texas A&M,LSU,Ashton Bethel-Roman,Receiver,0,0,0.0,0,0,0,0,0.0,0,1,1,32.4,0
77,B,Texas A&M,LSU,Mario Craver,Receiver,0,0,0.0,0,0,0,0,0.0,0,4,6,37.6,0
77,B,Texas A&M,LSU,Theo Melin Ohrstrom,Receiver,0,0,0.0,0,0,0,0,0.0,0,1,1,0.0,0
77,B,Texas A&M,LSU,Terry Bussey,Receiver,0,0,0.0,0,0,0,0,0.0,0,1,2,21.8,0
77,B,Texas A&M,LSU,Other WR,Receiver,0,0,0.0,0,0,0,0,0.0,0,1,1,26.8,0
77,B,LSU,Texas A&M,Garrett Nussmeier,QB,26,18,192.8,0,0,1,0,0.0,0,0,0,0.0,0
77,B,LSU,Texas A&M,Caden Durham,Rusher,0,0,0.0,0,0,0,19,65.4,1,0,0,0.0,0
77,B,LSU,Texas A&M,Ju'Juan Johnson,Rusher,0,0,0.0,0,0,0,2,10.6,0,0,0,0.0,0
77,B,LSU,Texas A&M,Kaleb Jackson,Rusher,0,0,0.0,0,0,0,4,20.2,0,0,0,0.0,0
77,B,LSU,Texas A&M,Garrett Nussmeier,Rusher,0,0,0.0,0,0,0,4,6.8,0,0,0,0.0,0
77,B,LSU,Texas A&M,Harlem Berry,Rusher,0,0,0.0,0,0,0,6,27.0,0,0,0,0.0,0
77,B,LSU,Texas A&M,Other RB,Rusher,0,0,0.0,0,0,0,2,9.8,0,0,0,0.0,0
77,B,LSU,Texas A&M,Kyle Parker,Receiver,0,0,0.0,0,0,0,0,0.0,0,1,1,1.8,0
77,B,LSU,Texas A&M,Barion Brown,Receiver,0,0,0.0,0,0,0,0,0.0,0,1,2,4.0,0
77,B,LSU,Texas A&M,Zavion Thomas,Receiver,0,0,0.0,0,0,0,0,0.0,0,5,6,56.8,0
77,B,LSU,Texas A&M,Bauer Sharp,Receiver,0,0,0.0,0,0,0,0,0.0,0,4,5,12.7,0
77,B,LSU,Texas A&M,Nic Anderson,Receiver,0,0,0.0,0,0,0,0,0.0,0,1,1,23.3,0
77,B,LSU,Texas A&M,Aaron Anderson,Receiver,0,0,0.0,0,0,0,0,0.0,0,2,5,18.5,0
77,B,LSU,Texas A&M,Other WR,Receiver,0,0,0.0,0,0,0,0,0.0,0,4,4,75.7,0
77,B,LSU,Texas A&M,Trey'Dez Green,Receiver,0,0,0.0,0,0,0,0,0.0,0,0,1,0.0,0
77,B,LSU,Texas A&M,Chris Hilton Jr.,Receiver,0,0,0.0,0,0,0,0,0.0,0,0,1,0.0,0
78,A,LSU,Texas A&M,Garrett Nussmeier,QB,27,22,225.6,2,0,0,0,0.0,0,0,0,0.0,0
78,A,LSU,Texas A&M,Caden Durham,Rusher,0,0,0.0,0,0,0,11,28.8,0,0,0,0.0,0
78,A,LSU,Texas A&M,Garrett Nussmeier,Rusher,0,0,0.0,0,0,0,4,-4.2,0,0,0,0.0,0
78,A,LSU,Texas A&M,Other RB,Rusher,0,0,0.0,0,0,0,4,14.2,0,0,0,0.0,0
78,A,LSU,Texas A&M,Kaleb Jackson,Rusher,0,0,0.0,0,0,0,2,4.9,0,0,0,0.0,0
78,A,LSU,Texas A&M,Harlem Berry,Rusher,0,0,0.0,0,0,0,6,28.5,0,0,0,0.0,0
78,A,LSU,Texas A&M,Ju'Juan Johnson,Rusher,0,0,0.0,0,0,0,3,10.0,0,0,0,0.0,0
78,A,LSU,Texas A&M,Aaron Anderson,Receiver,0,0,0.0,0,0,0,0,0.0,0,8,10,83.5,0
78,A,LSU,Texas A&M,Bauer Sharp,Receiver,0,0,0.0,0,0,0,0,0.0,0,2,3,20.6,0
78,A,LSU,Texas A&M,Barion Brown,Receiver,0,0,0.0,0,0,0,0,0.0,0,4,6,4.5,0
78,A,LSU,Texas A&M,Other WR,Receiver,0,0,0.0,0,0,0,0,0.0,0,2,2,27.7,0
78,A,LSU,Texas A&M,Kyle Parker,Receiver,0,0,0.0,0,0,0,0,0.0,0,2,2,33.5,1
78,A,LSU,Texas A&M,Zavion Thomas,Receiver,0,0,0.0,0,0,0,0,0.0,0,1,1,19.9,1
78,A,LSU,Texas A&M,Trey'Dez Green,Receiver,0,0,0.0,0,0,0,0,0.0,0,2,2,15.0,0
78,A,LSU,Texas A&M,Nic Anderson,Receiver,0,0,0.0,0,0,0,0,0.0,0,1,1,20.9,0
78,A,Texas A&M,LSU,Marcel Reed,QB,19,16,159.7,1,0,3,0,0.0,0,0,0,0.0,0
78,A,Texas A&M,LSU,Marcel Reed,Rusher,0,0,0.0,0,0,0,12,66.0,1,0,0,0.0,0
78,A,Texas A&M,LSU,Le'Veon Moss,Rusher,0,0,0.0,0,0,0,13,34.7,0,0,0,0.0,0
78,A,Texas A&M,LSU,Amari Daniels,Rusher,0,0,0.0,0,0,0,4,5.2,0,0,0,0.0,0
78,A,Texas A&M,LSU,Rueben Owens,Rusher,0,0,0.0,0,0,0,5,33.9,0,0,0,0.0,0
78,A,Texas A&M,LSU,Mario Craver,Receiver,0,0,0.0,0,0,0,0,0.0,0,4,4,58.0,0
78,A,Texas A&M,LSU,Other WR,Receiver,0,0,0.0,0,0,0,0,0.0,0,4,5,72.4,1
78,A,Texas A&M,LSU,Theo Melin Ohrstrom,Receiver,0,0,0.0,0,0,0,0,0.0,0,3,4,17.0,0
78,A,Texas A&M,LSU,Ashton Bethel-Roman,Receiver,0,0,0.0,0,0,0,0,0.0,0,3,3,8.6,0
78,A,Texas A&M,LSU,Kevin Concepcion,Receiver,0,0,0.0,0,0,0,0,0.0,0,2,3,3.7,0
79,B,Texas A&M,LSU,Marcel Reed,QB,24,15,152.0,1,0,8,0,0.0,0,0,0,0.0,0
79,B,Texas A&M,LSU,Miles O'Neill,Rusher,0,0,0.0,0,0,0,1,7.5,0,0,0,0.0,0
79,B,Texas A&M,LSU,Marcel Reed,Rusher,0,0,0.0,0,0,0,7,26.3,0,0,0,0.0,0
79,B,Texas A&M,LSU,Amari Daniels,Rusher,0,0,0.0,0,0,0,6,32.1,0,0,0,0.0,0
79,B,Texas A&M,LSU,Le'Veon Moss,Rusher,0,0,0.0,0,0,0,4,17.1,0,0,0,0.0,0
79,B,Texas A&M,LSU,Jamarion Morrow,Rusher,0,0,0.0,0,0,0,2,0.1,0,0,0,0.0,0
79,B,Texas A&M,LSU,Rueben Owens,Rusher,0,0,0.0,0,0,0,2,6.2,0,0,0,0.0,0
79,B,Texas A&M,LSU,Other WR,Receiver,0,0,0.0,0,0,0,0,0.0,0,2,3,40.3,1
79,B,Texas A&M,LSU,Mario Craver,Receiver,0,0,0.0,0,0,0,0,0.0,0,5,5,19.0,0
79,B,Texas A&M,LSU,Ashton Bethel-Roman,Receiver,0,0,0.0,0,0,0,0,0.0,0,0,2,0.0,0
79,B,Texas A&M,LSU,Amari Niblack,Receiver,0,0,0.0,0,0,0,0,0.0,0,2,4,17.0,0
79,B,Texas A&M,LSU,Terry Bussey,Receiver,0,0,0.0,0,0,0,0,0.0,0,2,2,3.7,0
79,B,Texas A&M,LSU,Kevin Concepcion,Receiver,0,0,0.0,0,0,0,0,0.0,0,3,7,59.7,0
79,B,Texas A&M,LSU,Theo Melin Ohrstrom,Receiver,0,0,0.0,0,0,0,0,0.0,0,1,1,12.3,0
79,B,Texas A&M,LSU,Nate Boerkircher,Receiver,0,0,0.0,0,0,0,0,0.0,0,0,0,0.0,0
79,B,LSU,Texas A&M,Garrett Nussmeier,QB,26,18,170.6,0,0,3,0,0.0,0,0,0,0.0,0
79,B,LSU,Texas A&M,Caden Durham,Rusher,0,0,0.0,0,0,0,21,74.2,1,0,0,0.0,0
79,B,LSU,Texas A&M,Ju'Juan Johnson,Rusher,0,0,0.0,0,0,0,6,33.7,0,0,0,0.0,0
79,B,LSU,Texas A&M,Harlem Berry,Rusher,0,0,0.0,0,0,0,1,-3.4,0,0,0,0.0,0
79,B,LSU,Texas A&M,Garrett Nussmeier,Rusher,0,0,0.0,0,0,0,1,2.7,1,0,0,0.0,0
79,B,LSU,Texas A&M,Kaleb Jackson,Rusher,0,0,0.0,0,0,0,1,4.2,0,0,0,0.0,0
79,B,LSU,Texas A&M,Other RB,Rusher,0,0,0.0,0,0,0,1,3.5,0,0,0,0.0,0
79,B,LSU,Texas A&M,Zavion Thomas,Receiver,0,0,0.0,0,0,0,0,0.0,0,2,3,12.6,0
79,B,LSU,Texas A&M,Barion Brown,Receiver,0,0,0.0,0,0,0,0,0.0,0,3,3,34.7,0
79,B,LSU,Texas A&M,Trey'Dez Green,Receiver,0,0,0.0,0,0,0,0,0.0,0,1,4,9.2,0
79,B,LSU,Texas A&M,Kyle Parker,Receiver,0,0,0.0,0,0,0,0,0.0,0,5,5,45.6,0
79,B,LSU,Texas A&M,Aaron Anderson,Receiver,0,0,0.0,0,0,0,0,0.0,0,5,6,64.4,0
79,B,LSU,Texas A&M,Bauer Sharp,Receiver,0,0,0.0,0,0,0,0,0.0,0,0,1,0.0,0
79,B,LSU,Texas A&M,Nic Anderson,Receiver,0,0,0.0,0,0,0,0,0.0,0,0,2,0.0,0
79,B,LSU,Texas A&M,Other WR,Receiver,0,0,0.0,0,0,0,0,0.0,0,2,2,4.0,0
96,A,LSU,Texas A&M,Garrett Nussmeier,QB,25,17,147.9,1,0,3,0,0.0,0,0,0,0.0,0
96,A,LSU,Texas A&M,Caden Durham,Rusher,0,0,0.0,0,0,0,11,16.5,0,0,0,0.0,0
96,A,LSU,Texas A&M,Harlem Berry,Rusher,0,0,0.0,0,0,0,3,5.0,0,0,0,0.0,0
96,A,LSU,Texas A&M,Other RB,Rusher,0,0,0.0,0,0,0,2,10.0,0,0,0,0.0,0
96,A,LSU,Texas A&M,Garrett Nussmeier,Rusher,0,0,0.0,0,0,0,2,9.4,0,0,0,0.0,0
96,A,LSU,Texas A&M,Ju'Juan Johnson,Rusher,0,0,0.0,0,0,0,5,21.3,0,0,0,0.0,0
96,A,LSU,Texas A&M,Trey'Dez Green,Receiver,0,0,0.0,0,0,0,0,0.0,0,3,4,36.4,1
96,A,LSU,Texas A&M,Chris Hilton Jr.,Receiver,0,0,0.0,0,0,0,0,0.0,0,1,2,0.0,0
96,A,LSU,Texas A&M,Barion Brown,Receiver,0,0,0.0,0,0,0,0,0.0,0,3,4,38.5,0
96,A,LSU,Texas A&M,Zavion Thomas,Receiver,0,0,0.0,0,0,0,0,0.0,0,2,2,26.6,0
96,A,LSU,Texas A&M,Other WR,Receiver,0,0,0.0,0,0,0,0,0.0,0,1,2,17.2,0
96,A,LSU,Texas A&M,Nic Anderson,Receiver,0,0,0.0,0,0,0,0,0.0,0,0,2,0.0,0
96,A,LSU,Texas A&M,Aaron Anderson,Receiver,0,0,0.0,0,0,0,0,0.0,0,4,6,15.0,0
96,A,LSU,Texas A&M,Bauer Sharp,Receiver,0,0,0.0,0,0,0,0,0.0,0,3,3,14.2,0
96,A,LSU,Texas A&M,Kyle Parker,Receiver,0,0,0.0,0,0,0,0,0.0,0,0,0,0.0,0
96,A,Texas A&M,LSU,Marcel Reed,QB,26,20,178.5,1,0,0,0,0.0,0,0,0,0.0,0
96,A,Texas A&M,LSU,E.J. Smith,Rusher,0,0,0.0,0,0,0,2,6.2,0,0,0,0.0,0
96,A,Texas A&M,LSU,Miles O'Neill,Rusher,0,0,0.0,0,0,0,2,7.3,0,0,0,0.0,0
96,A,Texas A&M,LSU,Rueben Owens,Rusher,0,0,0.0,0,0,0,6,33.5,1,0,0,0.0,0
96,A,Texas A&M,LSU,Le'Veon Moss,Rusher,0,0,0.0,0,0,0,16,125.6,0,0,0,0.0,0
96,A,Texas A&M,LSU,Marcel Reed,Rusher,0,0,0.0,0,0,0,5,-4.4,0,0,0,0.0,0
96,A,Texas A&M,LSU,Amari Daniels,Rusher,0,0,0.0,0,0,0,5,40.9,1,0,0,0.0,0
96,A,Texas A&M,LSU,Kevin Concepcion,Receiver,0,0,0.0,0,0,0,0,0.0,0,8,9,62.0,0
96,A,Texas A&M,LSU,Other WR,Receiver,0,0,0.0,0,0,0,0,0.0,0,5,6,56.3,1
96,A,Texas A&M,LSU,Mario Craver,Receiver,0,0,0.0,0,0,0,0,0.0,0,2,3,31.4,0
96,A,Texas A&M,LSU,Ashton Bethel-Roman,Receiver,0,0,0.0,0,0,0,0,0.0,0,2,3,4.1,0
96,A,Texas A&M,LSU,Theo Melin Ohrstrom,Receiver,0,0,0.0,0,0,0,0,0.0,0,1,1,15.5,0
96,A,Texas A&M,LSU,Nate Boerkircher,Receiver,0,0,0.0,0,0,0,0,0.0,0,0,2,0.0,0
96,A,Texas A&M,LSU,Amari Niblack,Receiver,0,0,0.0,0,0,0,0,0.0,0,1,1,0.0,0
96,A,Texas A&M,LSU,Terry Bussey,Receiver,0,0,0.0,0,0,0,0,0.0,0,1,1,9.3,0
97,B,Texas A&M,LSU,Marcel Reed,QB,26,17,179.5,1,0,1,0,0.0,0,0,0,0.0,0
97,B,Texas A&M,LSU,Le'Veon Moss,Rusher,0,0,0.0,0,0,0,12,35.1,0,0,0,0.0,0
97,B,Texas A&M,LSU,Jamarion Morrow,Rusher,0,0,0.0,0,0,0,2,6.9,0,0,0,0.0,0
97,B,Texas A&M,LSU,Marcel Reed,Rusher,0,0,0.0,0,0,0,10,45.9,0,0,0,0.0,0
97,B,Texas A&M,LSU,Amari Daniels,Rusher,0,0,0.0,0,0,0,8,42.0,0,0,0,0.0,0
97,B,Texas A&M,LSU,Rueben Owens,Rusher,0,0,0.0,0,0,0,5,11.5,0,0,0,0.0,0
97,B,Texas A&M,LSU,Miles O'Neill,Rusher,0,0,0.0,0,0,0,1,4.1,0,0,0,0.0,0
97,B,Texas A&M,LSU,Other WR,Receiver,0,0,0.0,0,0,0,0,0.0,0,2,5,23.2,1
97,B,Texas A&M,LSU,Ashton Bethel-Roman,Receiver,0,0,0.0,0,0,0,0,0.0,0,2,2,0.0,0
97,B,Texas A&M,LSU,Kevin Concepcion,Receiver,0,0,0.0,0,0,0,0,0.0,0,4,6,46.3,0
97,B,Texas A&M,LSU,Mario Craver,Receiver,0,0,0.0,0,0,0,0,0.0,0,5,8,59.2,0
97,B,Texas A&M,LSU,Terry Bussey,Receiver,0,0,0.0,0,0,0,0,0.0,0,2,3,32.9,0
97,B,Texas A&M,LSU,Theo Melin Ohrstrom,Receiver,0,0,0.0,0,0,0,0,0.0,0,2,2,17.9,0
97,B,LSU,Texas A&M,Garrett Nussmeier,QB,32,18,134.8,0,0,1,0,0.0,0,0,0,0.0,0
97,B,LSU,Texas A&M,Caden Durham,Rusher,0,0,0.0,0,0,0,11,15.1,0,0,0,0.0,0
97,B,LSU,Texas A&M,Other RB,Rusher,0,0,0.0,0,0,0,1,0.3,0,0,0,0.0,0
97,B,LSU,Texas A&M,Harlem Berry,Rusher,0,0,0.0,0,0,0,8,16.7,0,0,0,0.0,0
97,B,LSU,Texas A&M,Garrett Nussmeier,Rusher,0,0,0.0,0,0,0,1,5.1,0,0,0,0.0,0
97,B,LSU,Texas A&M,Ju'Juan Johnson,Rusher,0,0,0.0,0,0,0,1,0.3,0,0,0,0.0,0
97,B,LSU,Texas A&M,Kaleb Jackson,Rusher,0,0,0.0,0,0,0,1,-2.8,0,0,0,0.0,0
97,B,LSU,Texas A&M,Aaron Anderson,Receiver,0,0,0.0,0,0,0,0,0.0,0,4,5,46.0,0
97,B,LSU,Texas A&M,Barion Brown,Receiver,0,0,0.0,0,0,0,0,0.0,0,3,7,20.7,0
97,B,LSU,Texas A&M,Kyle Parker,Receiver,0,0,0.0,0,0,0,0,0.0,0,3,3,29.8,0
97,B,LSU,Texas A&M,Zavion Thomas,Receiver,0,0,0.0,0,0,0,0,0.0,0,2,5,9.5,0
97,B,LSU,Texas A&M,Nic Anderson,Receiver,0,0,0.0,0,0,0,0,0.0,0,1,1,12.0,0
97,B,LSU,Texas A&M,Trey'Dez Green,Receiver,0,0,0.0,0,0,0,0,0.0,0,2,5,2.1,0
97,B,LSU,Texas A&M,Chris Hilton Jr.,Receiver,0,0,0.0,0,0,0,0,0.0,0,1,3,14.8,0
97,B,LSU,Texas A&M,Other WR,Receiver,0,0,0.0,0,0,0,0,0.0,0,1,1,0.0,0
97,B,LSU,Texas A&M,Bauer Sharp,Receiver,0,0,0.0,0,0,0,0,0.0,0,1,2,0.0,0
98,A,LSU,Texas A&M,Garrett Nussmeier,QB,30,19,181.1,1,0,0,0,0.0,0,0,0,0.0,0
98,A,LSU,Texas A&M,Caden Durham,Rusher,0,0,0.0,0,0,0,17,64.8,1,0,0,0.0,0
98,A,LSU,Texas A&M,Garrett Nussmeier,Rusher,0,0,0.0,0,0,0,2,11.7,0,0,0,0.0,0
98,A,LSU,Texas A&M,Other RB,Rusher,0,0,0.0,0,0,0,3,21.5,0,0,0,0.0,0
98,A,LSU,Texas A&M,Harlem Berry,Rusher,0,0,0.0,0,0,0,9,56.7,0,0,0,0.0,0
98,A,LSU,Texas A&M,Ju'Juan Johnson,Rusher,0,0,0.0,0,0,0,4,35.9,1,0,0,0.0,0
98,A,LSU,Texas A&M,Barion Brown,Receiver,0,0,0.0,0,0,0,0,0.0,0,4,5,34.0,1
98,A,LSU,Texas A&M,Aaron Anderson,Receiver,0,0,0.0,0,0,0,0,0.0,0,6,9,45.1,0
98,A,LSU,Texas A&M,Trey'Dez Green,Receiver,0,0,0.0,0,0,0,0,0.0,0,0,2,0.0,0
98,A,LSU,Texas A&M,Nic Anderson,Receiver,0,0,0.0,0,0,0,0,0.0,0,2,2,24.6,0
98,A,LSU,Texas A&M,Bauer Sharp,Receiver,0,0,0.0,0,0,0,0,0.0,0,3,4,37.2,0
98,A,LSU,Texas A&M,Kyle Parker,Receiver,0,0,0.0,0,0,0,0,0.0,0,3,3,26.7,0
98,A,LSU,Texas A&M,Zavion Thomas,Receiver,0,0,0.0,0,0,0,0,0.0,0,1,3,13.5,0
98,A,LSU,Texas A&M,Other WR,Receiver,0,0,0.0,0,0,0,0,0.0,0,0,2,0.0,0
98,A,Texas A&M,LSU,Marcel Reed,QB,20,14,162.0,0,0,2,0,0.0,0,0,0,0.0,0
98,A,Texas A&M,LSU,Le'Veon Moss,Rusher,0,0,0.0,0,0,0,21,84.9,1,0,0,0.0,0
98,A,Texas A&M,LSU,E.J. Smith,Rusher,0,0,0.0,0,0,0,1,4.9,0,0,0,0.0,0
98,A,Texas A&M,LSU,Marcel Reed,Rusher,0,0,0.0,0,0,0,5,7.7,1,0,0,0.0,0
98,A,Texas A&M,LSU,Rueben Owens,Rusher,0,0,0.0,0,0,0,3,4.0,0,0,0,0.0,0
98,A,Texas A&M,LSU,Amari Daniels,Rusher,0,0,0.0,0,0,0,3,-4.8,0,0,0,0.0,0
98,A,Texas A&M,LSU,Kevin Concepcion,Receiver,0,0,0.0,0,0,0,0,0.0,0,5,7,73.8,0
98,A,Texas A&M,LSU,Ashton Bethel-Roman,Receiver,0,0,0.0,0,0,0,0,0.0,0,2,2,23.0,0
98,A,Texas A&M,LSU,Nate Boerkircher,Receiver,0,0,0.0,0,0,0,0,0.0,0,1,2,12.4,0
98,A,Texas A&M,LSU,Other WR,Receiver,0,0,0.0,0,0,0,0,0.0,0,5,5,52.8,0
98,A,Texas A&M,LSU,Theo Melin Ohrstrom,Receiver,0,0,0.0,0,0,0,0,0.0,0,0,1,0.0,0
98,A,Texas A&M,LSU,Mario Craver,Receiver,0,0,0.0,0,0,0,0,0.0,0,0,2,0.0,0
98,A,Texas A&M,LSU,Terry Bussey,Receiver,0,0,0.0,0,0,0,0,0.0,0,1,1,0.0,0
99,B,Texas A&M,LSU,Marcel Reed,QB,21,15,156.7,2,0,3,0,0.0,0,0,0,0.0,0
99,B,Texas A&M,LSU,Jamarion Morrow,Rusher,0,0,0.0,0,0,0,3,16.9,0,0,0,0.0,0
99,B,Texas A&M,LSU,Amari Daniels,Rusher,0,0,0.0,0,0,0,3,1.0,0,0,0,0.0,0
99,B,Texas A&M,LSU,Rueben Owens,Rusher,0,0,0.0,0,0,0,8,38.5,0,0,0,0.0,0
99,B,Texas A&M,LSU,Le'Veon Moss,Rusher,0,0,0.0,0,0,0,8,7.3,0,0,0,0.0,0
99,B,Texas A&M,LSU,Marcel Reed,Rusher,0,0,0.0,0,0,0,13,57.9,0,0,0,0.0,0
99,B,Texas A&M,LSU,Miles O'Neill,Rusher,0,0,0.0,0,0,0,3,9.0,0,0,0,0.0,0
99,B,Texas A&M,LSU,E.J. Smith,Rusher,0,0,0.0,0,0,0,1,-1.6,0,0,0,0.0,0
99,B,Texas A&M,LSU,Mario Craver,Receiver,0,0,0.0,0,0,0,0,0.0,0,4,5,27.8,1
99,B,Texas A&M,LSU,Terry Bussey,Receiver,0,0,0.0,0,0,0,0,0.0,0,1,3,16.7,0
99,B,Texas A&M,LSU,Other WR,Receiver,0,0,0.0,0,0,0,0,0.0,0,3,4,18.5,0
99,B,Texas A&M,LSU,Ashton Bethel-Roman,Receiver,0,0,0.0,0,0,0,0,0.0,0,1,2,5.8,0
99,B,Texas A&M,LSU,Nate Boerkircher,Receiver,0,0,0.0,0,0,0,0,0.0,0,1,1,2.2,0
99,B,Texas A&M,LSU,Kevin Concepcion,Receiver,0,0,0.0,0,0,0,0,0.0,0,3,4,37.3,1
99,B,Texas A&M,LSU,Theo Melin Ohrstrom,Receiver,0,0,0.0,0,0,0,0,0.0,0,1,1,17.9,0
99,B,Texas A&M,LSU,Amari Niblack,Receiver,0,0,0.0,0,0,0,0,0.0,0,1,1,30.6,0
99,B,LSU,Texas A&M,Garrett Nussmeier,QB,26,15,99.7,0,0,3,0,0.0,0,0,0,0.0,0
99,B,LSU,Texas A&M,Caden Durham,Rusher,0,0,0.0,0,0,0,10,22.2,0,0,0,0.0,0
99,B,LSU,Texas A&M,Harlem Berry,Rusher,0,0,0.0,0,0,0,5,23.1,0,0,0,0.0,0
99,B,LSU,Texas A&M,Ju'Juan Johnson,Rusher,0,0,0.0,0,0,0,4,28.3,0,0,0,0.0,0
99,B,LSU,Texas A&M,Other RB,Rusher,0,0,0.0,0,0,0,2,4.6,0,0,0,0.0,0
99,B,LSU,Texas A&M,Garrett Nussmeier,Rusher,0,0,0.0,0,0,0,1,1.0,0,0,0,0.0,0
99,B,LSU,Texas A&M,Kaleb Jackson,Rusher,0,0,0.0,0,0,0,1,-3.9,0,0,0,0.0,0
99,B,LSU,Texas A&M,Barion Brown,Receiver,0,0,0.0,0,0,0,0,0.0,0,3,4,29.3,0
99,B,LSU,Texas A&M,Aaron Anderson,Receiver,0,0,0.0,0,0,0,0,0.0,0,5,7,4.4,0
99,B,LSU,Texas A&M,Kyle Parker,Receiver,0,0,0.0,0,0,0,0,0.0,0,1,4,14.7,0
99,B,LSU,Texas A&M,Bauer Sharp,Receiver,0,0,0.0,0,0,0,0,0.0,0,0,2,0.0,0
99,B,LSU,Texas A&M,Other WR,Receiver,0,0,0.0,0,0,0,0,0.0,0,1,1,0.0,0
99,B,LSU,Texas A&M,Zavion Thomas,Receiver,0,0,0.0,0,0,0,0,0.0,0,2,5,20.1,0
99,B,LSU,Texas A&M,Trey'Dez Green,Receiver,0,0,0.0,0,0,0,0,0.0,0,2,2,11.8,0
99,B,LSU,Texas A&M,Nic Anderson,Receiver,0,0,0.0,0,0,0,0,0.0,0,1,1,19.3,0
100,A,LSU,Texas A&M,Garrett Nussmeier,QB,34,20,200.9,0,0,2,0,0.0,0,0,0,0.0,0
100,A,LSU,Texas A&M,Caden Durham,Rusher,0,0,0.0,0,0,0,10,1.8,0,0,0,0.0,0
100,A,LSU,Texas A&M,Other RB,Rusher,0,0,0.0,0,0,0,5,30.3,1,0,0,0.0,0
100,A,LSU,Texas A&M,Ju'Juan Johnson,Rusher,0,0,0.0,0,0,0,4,5.8,0,0,0,0.0,0
100,A,LSU,Texas A&M,Harlem Berry,Rusher,0,0,0.0,0,0,0,1,1.8,0,0,0,0.0,0
100,A,LSU,Texas A&M,Bauer Sharp,Receiver,0,0,0.0,0,0,0,0,0.0,0,3,4,27.5,0
100,A,LSU,Texas A&M,Kyle Parker,Receiver,0,0,0.0,0,0,0,0,0.0,0,1,3,15.9,0
100,A,LSU,Texas A&M,Other WR,Receiver,0,0,0.0,0,0,0,0,0.0,0,1,2,3.7,0
100,A,LSU,Texas A&M,Nic Anderson,Receiver,0,0,0.0,0,0,0,0,0.0,0,2,3,22.3,0
100,A,LSU,Texas A&M,Aaron Anderson,Receiver,0,0,0.0,0,0,0,0,0.0,0,8,10,88.1,0
100,A,LSU,Texas A&M,Zavion Thomas,Receiver,0,0,0.0,0,0,0,0,0.0,0,3,6,40.2,0
100,A,LSU,Texas A&M,Chris Hilton Jr.,Receiver,0,0,0.0,0,0,0,0,0.0,0,1,1,0.0,0
100,A,LSU,Texas A&M,Barion Brown,Receiver,0,0,0.0,0,0,0,0,0.0,0,1,3,3.3,0
100,A,LSU,Texas A&M,Trey'Dez Green,Receiver,0,0,0.0,0,0,0,0,0.0,0,0,2,0.0,0
100,A,Texas A&M,LSU,Marcel Reed,QB,25,12,121.7,1,0,7,0,0.0,0,0,0,0.0,0
100,A,Texas A&M,LSU,Le'Veon Moss,Rusher,0,0,0.0,0,0,0,21,84.3,0,0,0,0.0,0
100,A,Texas A&M,LSU,Marcel Reed,Rusher,0,0,0.0,0,0,0,7,22.7,0,0,0,0.0,0
100,A,Texas A&M,LSU,Miles O'Neill,Rusher,0,0,0.0,0,0,0,1,-1.4,0,0,0,0.0,0
100,A,Texas A&M,LSU,Rueben Owens,Rusher,0,0,0.0,0,0,0,3,8.1,0,0,0,0.0,0
100,A,Texas A&M,LSU,Jamarion Morrow,Rusher,0,0,0.0,0,0,0,2,-2.4,0,0,0,0.0,0
100,A,Texas A&M,LSU,Amari Daniels,Rusher,0,0,0.0,0,0,0,2,25.3,1,0,0,0.0,0
100,A,Texas A&M,LSU,Mario Craver,Receiver,0,0,0.0,0,0,0,0,0.0,0,6,7,54.8,0
100,A,Texas A&M,LSU,Kevin Concepcion,Receiver,0,0,0.0,0,0,0,0,0.0,0,1,6,8.0,0
100,A,Texas A&M,LSU,Other WR,Receiver,0,0,0.0,0,0,0,0,0.0,0,2,5,29.3,1
100,A,Texas A&M,LSU,Ashton Bethel-Roman,Receiver,0,0,0.0,0,0,0,0,0.0,0,2,3,18.4,0
100,A,Texas A&M,LSU,Terry Bussey,Receiver,0,0,0.0,0,0,0,0,0.0,0,0,1,0.0,0
100,A,Texas A&M,LSU,Theo Melin Ohrstrom,Receiver,0,0,0.0,0,0,0,0,0.0,0,0,2,0.0,0
100,A,Texas A&M,LSU,Amari Niblack,Receiver,0,0,0.0,0,0,0,0,0.0,0,1,1,11.2,0
101,B,Texas A&M,LSU,Marcel Reed,QB,22,17,174.5,1,0,5,0,0.0,0,0,0,0.0,0
101,B,Texas A&M,LSU,Marcel Reed,Rusher,0,0,0.0,0,0,0,4,28.3,0,0,0,0.0,0
101,B,Texas A&M,LSU,Le'Veon Moss,Rusher,0,0,0.0,0,0,0,14,50.5,0,0,0,0.0,0
101,B,Texas A&M,LSU,Amari Daniels,Rusher,0,0,0.0,0,0,0,7,44.7,0,0,0,0.0,0
101,B,Texas A&M,LSU,Rueben Owens,Rusher,0,0,0.0,0,0,0,6,24.2,1,0,0,0.0,0
101,B,Texas A&M,LSU,Jamarion Morrow,Rusher,0,0,0.0,0,0,0,2,7.0,0,0,0,0.0,0
101,B,Texas A&M,LSU,E.J. Smith,Rusher,0,0,0.0,0,0,0,1,1.4,0,0,0,0.0,0
101,B,Texas A&M,LSU,Mario Craver,Receiver,0,0,0.0,0,0,0,0,0.0,0,4,4,18.9,0
101,B,Texas A&M,LSU,Ashton Bethel-Roman,Receiver,0,0,0.0,0,0,0,0,0.0,0,1,1,20.3,0
101,B,Texas A&M,LSU,Other WR,Receiver,0,0,0.0,0,0,0,0,0.0,0,4,5,52.1,1
101,B,Texas A&M,LSU,Amari Niblack,Receiver,0,0,0.0,0,0,0,0,0.0,0,3,3,24.6,0
101,B,Texas A&M,LSU,Kevin Concepcion,Receiver,0,0,0.0,0,0,0,0,0.0,0,1,5,15.1,0
101,B,Texas A&M,LSU,Terry Bussey,Receiver,0,0,0.0,0,0,0,0,0.0,0,2,2,34.0,0
101,B,Texas A&M,LSU,Theo Melin Ohrstrom,Receiver,0,0,0.0,0,0,0,0,0.0,0,2,2,9.5,0
101,B,LSU,Texas A&M,Garrett Nussmeier,QB,30,21,244.0,1,0,5,0,0.0,0,0,0,0.0,0
101,B,LSU,Texas A&M,Caden Durham,Rusher,0,0,0.0,0,0,0,7,8.0,0,0,0,0.0,0
101,B,LSU,Texas A&M,Other RB,Rusher,0,0,0.0,0,0,0,2,0.7,0,0,0,0.0,0
101,B,LSU,Texas A&M,Ju'Juan Johnson,Rusher,0,0,0.0,0,0,0,7,35.1,0,0,0,0.0,0
101,B,LSU,Texas A&M,Harlem Berry,Rusher,0,0,0.0,0,0,0,2,5.2,0,0,0,0.0,0
101,B,LSU,Texas A&M,Garrett Nussmeier,Rusher,0,0,0.0,0,0,0,1,5.9,0,0,0,0.0,0
101,B,LSU,Texas A&M,Trey'Dez Green,Receiver,0,0,0.0,0,0,0,0,0.0,0,2,2,33.1,0
101,B,LSU,Texas A&M,Barion Brown,Receiver,0,0,0.0,0,0,0,0,0.0,0,2,4,37.4,0
101,B,LSU,Texas A&M,Nic Anderson,Receiver,0,0,0.0,0,0,0,0,0.0,0,2,2,20.9,0
101,B,LSU,Texas A&M,Kyle Parker,Receiver,0,0,0.0,0,0,0,0,0.0,0,1,3,0.0,0
101,B,LSU,Texas A&M,Chris Hilton Jr.,Receiver,0,0,0.0,0,0,0,0,0.0,0,3,3,16.7,0
101,B,LSU,Texas A&M,Bauer Sharp,Receiver,0,0,0.0,0,0,0,0,0.0,0,3,6,35.9,0
101,B,LSU,Texas A&M,Aaron Anderson,Receiver,0,0,0.0,0,0,0,0,0.0,0,4,4,75.8,1
101,B,LSU,Texas A&M,Zavion Thomas,Receiver,0,0,0.0,0,0,0,0,0.0,0,2,2,1.7,0
101,B,LSU,Texas A&M,Other WR,Receiver,0,0,0.0,0,0,0,0,0.0,0,2,4,22.4,0
102,A,LSU,Texas A&M,Garrett Nussmeier,QB,26,14,182.9,0,0,2,0,0.0,0,0,0,0.0,0
102,A,LSU,Texas A&M,Kaleb Jackson,Rusher,0,0,0.0,0,0,0,1,0.9,0,0,0,0.0,0
102,A,LSU,Texas A&M,Caden Durham,Rusher,0,0,0.0,0,0,0,15,79.8,1,0,0,0.0,0
102,A,LSU,Texas A&M,Ju'Juan Johnson,Rusher,0,0,0.0,0,0,0,4,2.1,1,0,0,0.0,0
102,A,LSU,Texas A&M,Harlem Berry,Rusher,0,0,0.0,0,0,0,3,22.4,0,0,0,0.0,0
102,A,LSU,Texas A&M,Other RB,Rusher,0,0,0.0,0,0,0,1,5.1,0,0,0,0.0,0
102,A,LSU,Texas A&M,Garrett Nussmeier,Rusher,0,0,0.0,0,0,0,1,-0.6,0,0,0,0.0,0
102,A,LSU,Texas A&M,Aaron Anderson,Receiver,0,0,0.0,0,0,0,0,0.0,0,3,4,32.1,0
102,A,LSU,Texas A&M,Barion Brown,Receiver,0,0,0.0,0,0,0,0,0.0,0,2,4,38.0,0
102,A,LSU,Texas A&M,Bauer Sharp,Receiver,0,0,0.0,0,0,0,0,0.0,0,3,3,36.6,0
102,A,LSU,Texas A&M,Trey'Dez Green,Receiver,0,0,0.0,0,0,0,0,0.0,0,2,5,24.8,0
102,A,LSU,Texas A&M,Kyle Parker,Receiver,0,0,0.0,0,0,0,0,0.0,0,1,2,11.0,0
102,A,LSU,Texas A&M,Zavion Thomas,Receiver,0,0,0.0,0,0,0,0,0.0,0,1,4,18.7,0
102,A,LSU,Texas A&M,Chris Hilton Jr.,Receiver,0,0,0.0,0,0,0,0,0.0,0,2,2,21.6,0
102,A,LSU,Texas A&M,Nic Anderson,Receiver,0,0,0.0,0,0,0,0,0.0,0,0,1,0.0,0
102,A,LSU,Texas A&M,Other WR,Receiver,0,0,0.0,0,0,0,0,0.0,0,0,1,0.0,0
102,A,Texas A&M,LSU,Marcel Reed,QB,26,16,179.1,1,0,3,0,0.0,0,0,0,0.0,0
102,A,Texas A&M,LSU,Le'Veon Moss,Rusher,0,0,0.0,0,0,0,19,95.5,2,0,0,0.0,0
102,A,Texas A&M,LSU,Marcel Reed,Rusher,0,0,0.0,0,0,0,10,34.8,0,0,0,0.0,0
102,A,Texas A&M,LSU,Amari Daniels,Rusher,0,0,0.0,0,0,0,5,25.3,0,0,0,0.0,0
102,A,Texas A&M,LSU,Jamarion Morrow,Rusher,0,0,0.0,0,0,0,5,20.4,0,0,0,0.0,0
102,A,Texas A&M,LSU,Rueben Owens,Rusher,0,0,0.0,0,0,0,2,14.3,0,0,0,0.0,0
102,A,Texas A&M,LSU,Other RB,Rusher,0,0,0.0,0,0,0,1,5.7,0,0,0,0.0,0
102,A,Texas A&M,LSU,E.J. Smith,Rusher,0,0,0.0,0,0,0,1,2.3,0,0,0,0.0,0
102,A,Texas A&M,LSU,Mario Craver,Receiver,0,0,0.0,0,0,0,0,0.0,0,6,10,68.4,1
102,A,Texas A&M,LSU,Kevin Concepcion,Receiver,0,0,0.0,0,0,0,0,0.0,0,4,5,41.5,0
102,A,Texas A&M,LSU,Theo Melin Ohrstrom,Receiver,0,0,0.0,0,0,0,0,0.0,0,0,1,0.0,0
102,A,Texas A&M,LSU,Nate Boerkircher,Receiver,0,0,0.0,0,0,0,0,0.0,0,1,1,13.9,0
102,A,Texas A&M,LSU,Ashton Bethel-Roman,Receiver,0,0,0.0,0,0,0,0,0.0,0,2,2,25.5,0
102,A,Texas A&M,LSU,Amari Niblack,Receiver,0,0,0.0,0,0,0,0,0.0,0,0,1,0.0,0
102,A,Texas A&M,LSU,Other WR,Receiver,0,0,0.0,0,0,0,0,0.0,0,2,5,16.4,0
102,A,Texas A&M,LSU,Terry Bussey,Receiver,0,0,0.0,0,0,0,0,0.0,0,1,1,13.5,0
103,B,Texas A&M,LSU,Marcel Reed,QB,26,15,175.5,2,0,1,0,0.0,0,0,0,0.0,0
103,B,Texas A&M,LSU,Le'Veon Moss,Rusher,0,0,0.0,0,0,0,17,89.4,1,0,0,0.0,0
103,B,Texas A&M,LSU,Rueben Owens,Rusher,0,0,0.0,0,0,0,8,33.5,0,0,0,0.0,0
103,B,Texas A&M,LSU,Amari Daniels,Rusher,0,0,0.0,0,0,0,9,44.0,0,0,0,0.0,0
103,B,Texas A&M,LSU,Marcel Reed,Rusher,0,0,0.0,0,0,0,4,21.3,0,0,0,0.0,0
103,B,Texas A&M,LSU,Jamarion Morrow,Rusher,0,0,0.0,0,0,0,1,2.4,0,0,0,0.0,0
103,B,Texas A&M,LSU,E.J. Smith,Rusher,0,0,0.0,0,0,0,2,5.6,0,0,0,0.0,0
103,B,Texas A&M,LSU,Theo Melin Ohrstrom,Receiver,0,0,0.0,0,0,0,0,0.0,0,3,5,30.2,0
103,B,Texas A&M,LSU,Kevin Concepcion,Receiver,0,0,0.0,0,0,0,0,0.0,0,3,5,36.3,1
103,B,Texas A&M,LSU,Ashton Bethel-Roman,Receiver,0,0,0.0,0,0,0,0,0.0,0,3,5,39.8,0
103,B,Texas A&M,LSU,Mario Craver,Receiver,0,0,0.0,0,0,0,0,0.0,0,3,4,30.3,0
103,B,Texas A&M,LSU,Other WR,Receiver,0,0,0.0,0,0,0,0,0.0,0,2,6,31.2,1
103,B,Texas A&M,LSU,Terry Bussey,Receiver,0,0,0.0,0,0,0,0,0.0,0,1,1,7.6,0
103,B,LSU,Texas A&M,Garrett Nussmeier,QB,26,17,174.8,0,0,1,0,0.0,0,0,0,0.0,0
103,B,LSU,Texas A&M,Harlem Berry,Rusher,0,0,0.0,0,0,0,5,34.8,1,0,0,0.0,0
103,B,LSU,Texas A&M,Ju'Juan Johnson,Rusher,0,0,0.0,0,0,0,9,9.6,0,0,0,0.0,0
103,B,LSU,Texas A&M,Caden Durham,Rusher,0,0,0.0,0,0,0,7,30.6,0,0,0,0.0,0
103,B,LSU,Texas A&M,Kaleb Jackson,Rusher,0,0,0.0,0,0,0,2,7.4,0,0,0,0.0,0
103,B,LSU,Texas A&M,Other RB,Rusher,0,0,0.0,0,0,0,2,-0.4,0,0,0,0.0,0
103,B,LSU,Texas A&M,Garrett Nussmeier,Rusher,0,0,0.0,0,0,0,2,10.5,0,0,0,0.0,0
103,B,LSU,Texas A&M,Aaron Anderson,Receiver,0,0,0.0,0,0,0,0,0.0,0,2,7,5.5,0
103,B,LSU,Texas A&M,Nic Anderson,Receiver,0,0,0.0,0,0,0,0,0.0,0,3,3,48.0,0
103,B,LSU,Texas A&M,Barion Brown,Receiver,0,0,0.0,0,0,0,0,0.0,0,4,4,54.3,0
103,B,LSU,Texas A&M,Chris Hilton Jr.,Receiver,0,0,0.0,0,0,0,0,0.0,0,3,3,26.6,0
103,B,LSU,Texas A&M,Kyle Parker,Receiver,0,0,0.0,0,0,0,0,0.0,0,1,4,1.1,0
103,B,LSU,Texas A&M,Trey'Dez Green,Receiver,0,0,0.0,0,0,0,0,0.0,0,4,4,39.3,0
103,B,LSU,Texas A&M,Other WR,Receiver,0,0,0.0,0,0,0,0,0.0,0,0,1,0.0,0
104,A,LSU,Texas A&M,Garrett Nussmeier,QB,23,12,94.9,1,0,2,0,0.0,0,0,0,0.0,0
104,A,LSU,Texas A&M,Harlem Berry,Rusher,0,0,0.0,0,0,0,7,39.5,0,0,0,0.0,0
104,A,LSU,Texas A&M,Caden Durham,Rusher,0,0,0.0,0,0,0,7,28.3,1,0,0,0.0,0
104,A,LSU,Texas A&M,Other RB,Rusher,0,0,0.0,0,0,0,4,28.2,0,0,0,0.0,0
104,A,LSU,Texas A&M,Kaleb Jackson,Rusher,0,0,0.0,0,0,0,2,8.8,0,0,0,0.0,0
104,A,LSU,Texas A&M,Ju'Juan Johnson,Rusher,0,0,0.0,0,0,0,7,16.4,0,0,0,0.0,0
104,A,LSU,Texas A&M,Garrett Nussmeier,Rusher,0,0,0.0,0,0,0,1,3.7,0,0,0,0.0,0
104,A,LSU,Texas A&M,Aaron Anderson,Receiver,0,0,0.0,0,0,0,0,0.0,0,4,5,43.1,1
104,A,LSU,Texas A&M,Zavion Thomas,Receiver,0,0,0.0,0,0,0,0,0.0,0,3,4,25.5,0
104,A,LSU,Texas A&M,Nic Anderson,Receiver,0,0,0.0,0,0,0,0,0.0,0,0,1,0.0,0
104,A,LSU,Texas A&M,Barion Brown,Receiver,0,0,0.0,0,0,0,0,0.0,0,0,5,0.0,0
104,A,LSU,Texas A&M,Trey'Dez Green,Receiver,0,0,0.0,0,0,0,0,0.0,0,3,5,18.4,0
104,A,LSU,Texas A&M,Bauer Sharp,Receiver,0,0,0.0,0,0,0,0,0.0,0,1,1,0.0,0
104,A,LSU,Texas A&M,Kyle Parker,Receiver,0,0,0.0,0,0,0,0,0.0,0,1,1,7.8,0
104,A,LSU,Texas A&M,Other WR,Receiver,0,0,0.0,0,0,0,0,0.0,0,0,1,0.0,0
104,A,Texas A&M,LSU,Marcel Reed,QB,33,18,159.7,0,0,7,0,0.0,0,0,0,0.0,0
104,A,Texas A&M,LSU,Marcel Reed,Rusher,0,0,0.0,0,0,0,6,26.6,0,0,0,0.0,0
104,A,Texas A&M,LSU,Rueben Owens,Rusher,0,0,0.0,0,0,0,5,17.2,0,0,0,0.0,0
104,A,Texas A&M,LSU,Le'Veon Moss,Rusher,0,0,0.0,0,0,0,14,32.0,0,0,0,0.0,0
104,A,Texas A&M,LSU,Amari Daniels,Rusher,0,0,0.0,0,0,0,4,1.4,0,0,0,0.0,0
104,A,Texas A&M,LSU,Kevin Concepcion,Receiver,0,0,0.0,0,0,0,0,0.0,0,2,4,12.2,0
104,A,Texas A&M,LSU,Theo Melin Ohrstrom,Receiver,0,0,0.0,0,0,0,0,0.0,0,1,4,9.1,0
104,A,Texas A&M,LSU,Ashton Bethel-Roman,Receiver,0,0,0.0,0,0,0,0,0.0,0,2,4,0.0,0
104,A,Texas A&M,LSU,Other WR,Receiver,0,0,0.0,0,0,0,0,0.0,0,6,11,78.4,0
104,A,Texas A&M,LSU,Mario Craver,Receiver,0,0,0.0,0,0,0,0,0.0,0,3,5,10.3,0
104,A,Texas A&M,LSU,Nate Boerkircher,Receiver,0,0,0.0,0,0,0,0,0.0,0,3,3,44.0,0
104,A,Texas A&M,LSU,Terry Bussey,Receiver,0,0,0.0,0,0,0,0,0.0,0,1,2,5.7,0
105,B,Texas A&M,LSU,Marcel Reed,QB,20,14,120.7,0,0,3,0,0.0,0,0,0,0.0,0
105,B,Texas A&M,LSU,Marcel Reed,Rusher,0,0,0.0,0,0,0,8,56.7,0,0,0,0.0,0
105,B,Texas A&M,LSU,Rueben Owens,Rusher,0,0,0.0,0,0,0,5,28.8,0,0,0,0.0,0
105,B,Texas A&M,LSU,Le'Veon Moss,Rusher,0,0,0.0,0,0,0,16,93.0,2,0,0,0.0,0
105,B,Texas A&M,LSU,Amari Daniels,Rusher,0,0,0.0,0,0,0,6,30.0,1,0,0,0.0,0
105,B,Texas A&M,LSU,Miles O'Neill,Rusher,0,0,0.0,0,0,0,1,3.8,0,0,0,0.0,0
105,B,Texas A&M,LSU,Jamarion Morrow,Rusher,0,0,0.0,0,0,0,2,14.9,0,0,0,0.0,0
105,B,Texas A&M,LSU,Kevin Concepcion,Receiver,0,0,0.0,0,0,0,0,0.0,0,4,4,23.4,0
105,B,Texas A&M,LSU,Other WR,Receiver,0,0,0.0,0,0,0,0,0.0,0,2,6,23.2,0
105,B,Texas A&M,LSU,Mario Craver,Receiver,0,0,0.0,0,0,0,0,0.0,0,6,7,58.1,0
105,B,Texas A&M,LSU,Ashton Bethel-Roman,Receiver,0,0,0.0,0,0,0,0,0.0,0,1,1,16.0,0
105,B,Texas A&M,LSU,Nate Boerkircher,Receiver,0,0,0.0,0,0,0,0,0.0,0,1,1,0.0,0
105,B,Texas A&M,LSU,Theo Melin Ohrstrom,Receiver,0,0,0.0,0,0,0,0,0.0,0,0,1,0.0,0
105,B,LSU,Texas A&M,Garrett Nussmeier,QB,36,19,200.6,1,0,0,0,0.0,0,0,0,0.0,0
105,B,LSU,Texas A&M,Caden Durham,Rusher,0,0,0.0,0,0,0,16,61.4,0,0,0,0.0,0
105,B,LSU,Texas A&M,Ju'Juan Johnson,Rusher,0,0,0.0,0,0,0,6,13.6,0,0,0,0.0,0
105,B,LSU,Texas A&M,Other RB,Rusher,0,0,0.0,0,0,0,3,25.1,0,0,0,0.0,0
105,B,LSU,Texas A&M,Harlem Berry,Rusher,0,0,0.0,0,0,0,4,4.4,0,0,0,0.0,0
105,B,LSU,Texas A&M,Aaron Anderson,Receiver,0,0,0.0,0,0,0,0,0.0,0,4,10,41.1,0
105,B,LSU,Texas A&M,Other WR,Receiver,0,0,0.0,0,0,0,0,0.0,0,2,5,8.9,0
105,B,LSU,Texas A&M,Nic Anderson,Receiver,0,0,0.0,0,0,0,0,0.0,0,3,4,41.2,1
105,B,LSU,Texas A&M,Bauer Sharp,Receiver,0,0,0.0,0,0,0,0,0.0,0,1,4,0.0,0
105,B,LSU,Texas A&M,Trey'Dez Green,Receiver,0,0,0.0,0,0,0,0,0.0,0,5,5,51.3,0
105,B,LSU,Texas A&M,Zavion Thomas,Receiver,0,0,0.0,0,0,0,0,0.0,0,2,2,29.0,0
105,B,LSU,Texas A&M,Barion Brown,Receiver,0,0,0.0,0,0,0,0,0.0,0,1,4,17.8,0
105,B,LSU,Texas A&M,Chris Hilton Jr.,Receiver,0,0,0.0,0,0,0,0,0.0,0,1,1,11.4,0
105,B,LSU,Texas A&M,Kyle Parker,Receiver,0,0,0.0,0,0,0,0,0.0,0,0,1,0.0,0
106,A,LSU,Texas A&M,Garrett Nussmeier,QB,23,16,163.6,0,0,1,0,0.0,0,0,0,0.0,0
106,A,LSU,Texas A&M,Caden Durham,Rusher,0,0,0.0,0,0,0,12,42.1,0,0,0,0.0,0
106,A,LSU,Texas A&M,Ju'Juan Johnson,Rusher,0,0,0.0,0,0,0,5,12.6,0,0,0,0.0,0
106,A,LSU,Texas A&M,Harlem Berry,Rusher,0,0,0.0,0,0,0,8,41.1,0,0,0,0.0,0
106,A,LSU,Texas A&M,Other RB,Rusher,0,0,0.0,0,0,0,4,17.7,1,0,0,0.0,0
106,A,LSU,Texas A&M,Garrett Nussmeier,Rusher,0,0,0.0,0,0,0,2,18.2,1,0,0,0.0,0
106,A,LSU,Texas A&M,Kaleb Jackson,Rusher,0,0,0.0,0,0,0,2,12.1,0,0,0,0.0,0
106,A,LSU,Texas A&M,Aaron Anderson,Receiver,0,0,0.0,0,0,0,0,0.0,0,3,3,47.2,0
106,A,LSU,Texas A&M,Barion Brown,Receiver,0,0,0.0,0,0,0,0,0.0,0,1,2,12.4,0
106,A,LSU,Texas A&M,Chris Hilton Jr.,Receiver,0,0,0.0,0,0,0,0,0.0,0,0,2,0.0,0
106,A,LSU,Texas A&M,Bauer Sharp,Receiver,0,0,0.0,0,0,0,0,0.0,0,1,3,0.6,0
106,A,LSU,Texas A&M,Trey'Dez Green,Receiver,0,0,0.0,0,0,0,0,0.0,0,3,4,21.5,0
106,A,LSU,Texas A&M,Zavion Thomas,Receiver,0,0,0.0,0,0,0,0,0.0,0,3,3,30.7,0
106,A,LSU,Texas A&M,Other WR,Receiver,0,0,0.0,0,0,0,0,0.0,0,2,2,33.1,0
106,A,LSU,Texas A&M,Kyle Parker,Receiver,0,0,0.0,0,0,0,0,0.0,0,3,4,18.0,0
106,A,Texas A&M,LSU,Marcel Reed,QB,27,20,227.6,1,0,6,0,0.0,0,0,0,0.0,0
106,A,Texas A&M,LSU,Le'Veon Moss,Rusher,0,0,0.0,0,0,0,13,30.0,0,0,0,0.0,0
106,A,Texas A&M,LSU,Marcel Reed,Rusher,0,0,0.0,0,0,0,4,6.1,1,0,0,0.0,0
106,A,Texas A&M,LSU,Amari Daniels,Rusher,0,0,0.0,0,0,0,2,4.9,0,0,0,0.0,0
106,A,Texas A&M,LSU,Rueben Owens,Rusher,0,0,0.0,0,0,0,5,31.8,0,0,0,0.0,0
106,A,Texas A&M,LSU,Jamarion Morrow,Rusher,0,0,0.0,0,0,0,2,0.5,0,0,0,0.0,0
106,A,Texas A&M,LSU,Mario Craver,Receiver,0,0,0.0,0,0,0,0,0.0,0,7,8,57.4,1
106,A,Texas A&M,LSU,Nate Boerkircher,Receiver,0,0,0.0,0,0,0,0,0.0,0,1,1,14.2,0
106,A,Texas A&M,LSU,Ashton Bethel-Roman,Receiver,0,0,0.0,0,0,0,0,0.0,0,1,3,5.2,0
106,A,Texas A&M,LSU,Kevin Concepcion,Receiver,0,0,0.0,0,0,0,0,0.0,0,4,5,54.9,0
106,A,Texas A&M,LSU,Terry Bussey,Receiver,0,0,0.0,0,0,0,0,0.0,0,1,2,19.0,0
106,A,Texas A&M,LSU,Amari Niblack,Receiver,0,0,0.0,0,0,0,0,0.0,0,0,2,0.0,0
106,A,Texas A&M,LSU,Other WR,Receiver,0,0,0.0,0,0,0,0,0.0,0,5,5,76.9,0
106,A,Texas A&M,LSU,Theo Melin Ohrstrom,Receiver,0,0,0.0,0,0,0,0,0.0,0,1,1,0.0,0
107,B,Texas A&M,LSU,Marcel Reed,QB,30,19,288.6,2,0,1,0,0.0,0,0,0,0.0,0
107,B,Texas A&M,LSU,Le'Veon Moss,Rusher,0,0,0.0,0,0,0,16,73.5,0,0,0,0.0,0
107,B,Texas A&M,LSU,Marcel Reed,Rusher,0,0,0.0,0,0,0,5,17.4,1,0,0,0.0,0
107,B,Texas A&M,LSU,Rueben Owens,Rusher,0,0,0.0,0,0,0,6,46.2,0,0,0,0.0,0
107,B,Texas A&M,LSU,E.J. Smith,Rusher,0,0,0.0,0,0,0,2,9.2,0,0,0,0.0,0
107,B,Texas A&M,LSU,Amari Daniels,Rusher,0,0,0.0,0,0,0,2,15.1,1,0,0,0.0,0
107,B,Texas A&M,LSU,Other RB,Rusher,0,0,0.0,0,0,0,1,2.6,0,0,0,0.0,0
107,B,Texas A&M,LSU,Miles O'Neill,Rusher,0,0,0.0,0,0,0,1,3.0,0,0,0,0.0,0
107,B,Texas A&M,LSU,Theo Melin Ohrstrom,Receiver,0,0,0.0,0,0,0,0,0.0,0,1,4,16.2,0
107,B,Texas A&M,LSU,Kevin Concepcion,Receiver,0,0,0.0,0,0,0,0,0.0,0,3,6,43.9,1
107,B,Texas A&M,LSU,Terry Bussey,Receiver,0,0,0.0,0,0,0,0,0.0,0,1,1,28.2,0
107,B,Texas A&M,LSU,Nate Boerkircher,Receiver,0,0,0.0,0,0,0,0,0.0,0,1,2,18.6,0
107,B,Texas A&M,LSU,Other WR,Receiver,0,0,0.0,0,0,0,0,0.0,0,3,4,59.3,1
107,B,Texas A&M,LSU,Ashton Bethel-Roman,Receiver,0,0,0.0,0,0,0,0,0.0,0,3,4,24.5,0
107,B,Texas A&M,LSU,Mario Craver,Receiver,0,0,0.0,0,0,0,0,0.0,0,7,9,97.9,0
107,B,LSU,Texas A&M,Garrett Nussmeier,QB,35,25,184.3,1,0,5,0,0.0,0,0,0,0.0,0
107,B,LSU,Texas A&M,Harlem Berry,Rusher,0,0,0.0,0,0,0,5,29.1,0,0,0,0.0,0
107,B,LSU,Texas A&M,Ju'Juan Johnson,Rusher,0,0,0.0,0,0,0,3,13.4,0,0,0,0.0,0
107,B,LSU,Texas A&M,Other RB,Rusher,0,0,0.0,0,0,0,4,39.6,1,0,0,0.0,0
107,B,LSU,Texas A&M,Caden Durham,Rusher,0,0,0.0,0,0,0,8,38.6,1,0,0,0.0,0
107,B,LSU,Texas A&M,Kaleb Jackson,Rusher,0,0,0.0,0,0,0,2,11.6,0,0,0,0.0,0
107,B,LSU,Texas A&M,Aaron Anderson,Receiver,0,0,0.0,0,0,0,0,0.0,0,2,5,8.9,0
107,B,LSU,Texas A&M,Nic Anderson,Receiver,0,0,0.0,0,0,0,0,0.0,0,7,8,41.2,0
107,B,LSU,Texas A&M,Zavion Thomas,Receiver,0,0,0.0,0,0,0,0,0.0,0,3,3,18.5,0
107,B,LSU,Texas A&M,Barion Brown,Receiver,0,0,0.0,0,0,0,0,0.0,0,4,7,54.9,0
107,B,LSU,Texas A&M,Trey'Dez Green,Receiver,0,0,0.0,0,0,0,0,0.0,0,4,5,14.8,0
107,B,LSU,Texas A&M,Kyle Parker,Receiver,0,0,0.0,0,0,0,0,0.0,0,2,3,32.5,0
107,B,LSU,Texas A&M,Other WR,Receiver,0,0,0.0,0,0,0,0,0.0,0,1,1,1.1,0
107,B,LSU,Texas A&M,Chris Hilton Jr.,Receiver,0,0,0.0,0,0,0,0,0.0,0,0,0,0.0,0
107,B,LSU,Texas A&M,Bauer Sharp,Receiver,0,0,0.0,0,0,0,0,0.0,0,2,3,12.5,1
108,A,LSU,Texas A&M,Garrett Nussmeier,QB,35,24,221.5,2,0,4,0,0.0,0,0,0,0.0,0
108,A,LSU,Texas A&M,Caden Durham,Rusher,0,0,0.0,0,0,0,15,34.4,0,0,0,0.0,0
108,A,LSU,Texas A&M,Garrett Nussmeier,Rusher,0,0,0.0,0,0,0,2,8.0,0,0,0,0.0,0
108,A,LSU,Texas A&M,Harlem Berry,Rusher,0,0,0.0,0,0,0,3,0.1,0,0,0,0.0,0
108,A,LSU,Texas A&M,Ju'Juan Johnson,Rusher,0,0,0.0,0,0,0,6,5.4,0,0,0,0.0,0
108,A,LSU,Texas A&M,Other RB,Rusher,0,0,0.0,0,0,0,1,4.0,0,0,0,0.0,0
108,A,LSU,Texas A&M,Kaleb Jackson,Rusher,0,0,0.0,0,0,0,1,2.3,0,0,0,0.0,0
108,A,LSU,Texas A&M,Barion Brown,Receiver,0,0,0.0,0,0,0,0,0.0,0,3,5,11.4,0
108,A,LSU,Texas A&M,Aaron Anderson,Receiver,0,0,0.0,0,0,0,0,0.0,0,7,10,65.5,0
108,A,LSU,Texas A&M,Trey'Dez Green,Receiver,0,0,0.0,0,0,0,0,0.0,0,2,3,1.3,0
108,A,LSU,Texas A&M,Zavion Thomas,Receiver,0,0,0.0,0,0,0,0,0.0,0,4,4,15.0,1
108,A,LSU,Texas A&M,Kyle Parker,Receiver,0,0,0.0,0,0,0,0,0.0,0,1,1,11.9,0
108,A,LSU,Texas A&M,Bauer Sharp,Receiver,0,0,0.0,0,0,0,0,0.0,0,1,3,6.6,1
108,A,LSU,Texas A&M,Other WR,Receiver,0,0,0.0,0,0,0,0,0.0,0,3,4,71.6,0
108,A,LSU,Texas A&M,Chris Hilton Jr.,Receiver,0,0,0.0,0,0,0,0,0.0,0,1,3,7.8,0
108,A,LSU,Texas A&M,Nic Anderson,Receiver,0,0,0.0,0,0,0,0,0.0,0,2,2,30.3,0
108,A,Texas A&M,LSU,Marcel Reed,QB,12,6,45.5,0,0,5,0,0.0,0,0,0,0.0,0
108,A,Texas A&M,LSU,Amari Daniels,Rusher,0,0,0.0,0,0,0,6,18.5,0,0,0,0.0,0
108,A,Texas A&M,LSU,Le'Veon Moss,Rusher,0,0,0.0,0,0,0,15,83.4,2,0,0,0.0,0
108,A,Texas A&M,LSU,E.J. Smith,Rusher,0,0,0.0,0,0,0,2,8.1,0,0,0,0.0,0
108,A,Texas A&M,LSU,Marcel Reed,Rusher,0,0,0.0,0,0,0,7,41.3,0,0,0,0.0,0
108,A,Texas A&M,LSU,Kevin Concepcion,Receiver,0,0,0.0,0,0,0,0,0.0,0,0,3,0.0,0
108,A,Texas A&M,LSU,Other WR,Receiver,0,0,0.0,0,0,0,0,0.0,0,0,2,0.0,0
108,A,Texas A&M,LSU,Terry Bussey,Receiver,0,0,0.0,0,0,0,0,0.0,0,1,1,9.4,0
108,A,Texas A&M,LSU,Mario Craver,Receiver,0,0,0.0,0,0,0,0,0.0,0,3,3,29.0,0
108,A,Texas A&M,LSU,Theo Melin Ohrstrom,Receiver,0,0,0.0,0,0,0,0,0.0,0,1,1,0.0,0
108,A,Texas A&M,LSU,Amari Niblack,Receiver,0,0,0.0,0,0,0,0,0.0,0,1,1,7.0,0
108,A,Texas A&M,LSU,Nate Boerkircher,Receiver,0,0,0.0,0,0,0,0,0.0,0,0,1,0.0,0
109,B,Texas A&M,LSU,Marcel Reed,QB,24,12,205.0,1,0,2,0,0.0,0,0,0,0.0,0
109,B,Texas A&M,LSU,Rueben Owens,Rusher,0,0,0.0,0,0,0,4,8.0,0,0,0,0.0,0
109,B,Texas A&M,LSU,Le'Veon Moss,Rusher,0,0,0.0,0,0,0,14,69.3,1,0,0,0.0,0
109,B,Texas A&M,LSU,Amari Daniels,Rusher,0,0,0.0,0,0,0,9,29.3,0,0,0,0.0,0
109,B,Texas A&M,LSU,E.J. Smith,Rusher,0,0,0.0,0,0,0,3,12.6,0,0,0,0.0,0
109,B,Texas A&M,LSU,Marcel Reed,Rusher,0,0,0.0,0,0,0,6,36.7,1,0,0,0.0,0
109,B,Texas A&M,LSU,Jamarion Morrow,Rusher,0,0,0.0,0,0,0,1,4.8,0,0,0,0.0,0
109,B,Texas A&M,LSU,Miles O'Neill,Rusher,0,0,0.0,0,0,0,1,7.6,0,0,0,0.0,0
109,B,Texas A&M,LSU,Theo Melin Ohrstrom,Receiver,0,0,0.0,0,0,0,0,0.0,0,2,3,18.3,0
109,B,Texas A&M,LSU,Mario Craver,Receiver,0,0,0.0,0,0,0,0,0.0,0,2,5,33.7,1
109,B,Texas A&M,LSU,Nate Boerkircher,Receiver,0,0,0.0,0,0,0,0,0.0,0,1,3,21.0,0
109,B,Texas A&M,LSU,Other WR,Receiver,0,0,0.0,0,0,0,0,0.0,0,2,3,60.1,0
109,B,Texas A&M,LSU,Kevin Concepcion,Receiver,0,0,0.0,0,0,0,0,0.0,0,2,6,23.3,0
109,B,Texas A&M,LSU,Ashton Bethel-Roman,Receiver,0,0,0.0,0,0,0,0,0.0,0,2,2,23.6,0
109,B,Texas A&M,LSU,Terry Bussey,Receiver,0,0,0.0,0,0,0,0,0.0,0,1,2,25.0,0
109,B,LSU,Texas A&M,Garrett Nussmeier,QB,31,17,141.4,1,0,3,0,0.0,0,0,0,0.0,0
109,B,LSU,Texas A&M,Other RB,Rusher,0,0,0.0,0,0,0,1,-2.3,0,0,0,0.0,0
109,B,LSU,Texas A&M,Harlem Berry,Rusher,0,0,0.0,0,0,0,9,44.2,0,0,0,0.0,0
109,B,LSU,Texas A&M,Caden Durham,Rusher,0,0,0.0,0,0,0,9,28.7,0,0,0,0.0,0
109,B,LSU,Texas A&M,Ju'Juan Johnson,Rusher,0,0,0.0,0,0,0,6,23.0,0,0,0,0.0,0
109,B,LSU,Texas A&M,Garrett Nussmeier,Rusher,0,0,0.0,0,0,0,2,8.0,0,0,0,0.0,0
109,B,LSU,Texas A&M,Barion Brown,Receiver,0,0,0.0,0,0,0,0,0.0,0,2,4,16.9,0
109,B,LSU,Texas A&M,Aaron Anderson,Receiver,0,0,0.0,0,0,0,0,0.0,0,2,5,31.4,0
109,B,LSU,Texas A&M,Bauer Sharp,Receiver,0,0,0.0,0,0,0,0,0.0,0,5,7,33.6,0
109,B,LSU,Texas A&M,Zavion Thomas,Receiver,0,0,0.0,0,0,0,0,0.0,0,4,6,36.6,1
109,B,LSU,Texas A&M,Trey'Dez Green,Receiver,0,0,0.0,0,0,0,0,0.0,0,2,5,5.0,0
109,B,LSU,Texas A&M,Nic Anderson,Receiver,0,0,0.0,0,0,0,0,0.0,0,2,2,18.0,0
109,B,LSU,Texas A&M,Kyle Parker,Receiver,0,0,0.0,0,0,0,0,0.0,0,0,1,0.0,0
109,B,LSU,Texas A&M,Chris Hilton Jr.,Receiver,0,0,0.0,0,0,0,0,0.0,0,0,1,0.0,0
110,A,LSU,Texas A&M,Garrett Nussmeier,QB,33,17,211.1,1,0,2,0,0.0,0,0,0,0.0,0
110,A,LSU,Texas A&M,Other RB,Rusher,0,0,0.0,0,0,0,2,-7.4,0,0,0,0.0,0
110,A,LSU,Texas A&M,Caden Durham,Rusher,0,0,0.0,0,0,0,24,71.5,1,0,0,0.0,0
110,A,LSU,Texas A&M,Ju'Juan Johnson,Rusher,0,0,0.0,0,0,0,6,32.0,0,0,0,0.0,0
110,A,LSU,Texas A&M,Kaleb Jackson,Rusher,0,0,0.0,0,0,0,2,5.9,0,0,0,0.0,0
110,A,LSU,Texas A&M,Harlem Berry,Rusher,0,0,0.0,0,0,0,2,7.8,0,0,0,0.0,0
110,A,LSU,Texas A&M,Garrett Nussmeier,Rusher,0,0,0.0,0,0,0,1,10.7,0,0,0,0.0,0
110,A,LSU,Texas A&M,Barion Brown,Receiver,0,0,0.0,0,0,0,0,0.0,0,7,11,112.2,1
110,A,LSU,Texas A&M,Aaron Anderson,Receiver,0,0,0.0,0,0,0,0,0.0,0,4,5,52.7,0
110,A,LSU,Texas A&M,Bauer Sharp,Receiver,0,0,0.0,0,0,0,0,0.0,0,1,4,4.3,0
110,A,LSU,Texas A&M,Trey'Dez Green,Receiver,0,0,0.0,0,0,0,0,0.0,0,2,5,28.0,0
110,A,LSU,Texas A&M,Kyle Parker,Receiver,0,0,0.0,0,0,0,0,0.0,0,0,3,0.0,0
110,A,LSU,Texas A&M,Nic Anderson,Receiver,0,0,0.0,0,0,0,0,0.0,0,1,3,6.1,0
110,A,LSU,Texas A&M,Zavion Thomas,Receiver,0,0,0.0,0,0,0,0,0.0,0,1,1,1.3,0
110,A,LSU,Texas A&M,Chris Hilton Jr.,Receiver,0,0,0.0,0,0,0,0,0.0,0,1,1,6.7,0
110,A,Texas A&M,LSU,Marcel Reed,QB,25,15,164.6,1,0,4,0,0.0,0,0,0,0.0,0
110,A,Texas A&M,LSU,Le'Veon Moss,Rusher,0,0,0.0,0,0,0,11,33.3,1,0,0,0.0,0
110,A,Texas A&M,LSU,Rueben Owens,Rusher,0,0,0.0,0,0,0,5,19.9,1,0,0,0.0,0
110,A,Texas A&M,LSU,Marcel Reed,Rusher,0,0,0.0,0,0,0,5,31.3,0,0,0,0.0,0
110,A,Texas A&M,LSU,Amari Daniels,Rusher,0,0,0.0,0,0,0,2,5.1,0,0,0,0.0,0
110,A,Texas A&M,LSU,Miles O'Neill,Rusher,0,0,0.0,0,0,0,1,1.0,0,0,0,0.0,0
110,A,Texas A&M,LSU,Ashton Bethel-Roman,Receiver,0,0,0.0,0,0,0,0,0.0,0,1,2,19.5,0
110,A,Texas A&M,LSU,Mario Craver,Receiver,0,0,0.0,0,0,0,0,0.0,0,2,4,22.8,0
110,A,Texas A&M,LSU,Nate Boerkircher,Receiver,0,0,0.0,0,0,0,0,0.0,0,1,1,19.7,0
110,A,Texas A&M,LSU,Terry Bussey,Receiver,0,0,0.0,0,0,0,0,0.0,0,2,4,16.2,0
110,A,Texas A&M,LSU,Kevin Concepcion,Receiver,0,0,0.0,0,0,0,0,0.0,0,6,7,49.9,0
110,A,Texas A&M,LSU,Other WR,Receiver,0,0,0.0,0,0,0,0,0.0,0,2,4,32.7,1
110,A,Texas A&M,LSU,Theo Melin Ohrstrom,Receiver,0,0,0.0,0,0,0,0,0.0,0,0,1,0.0,0
110,A,Texas A&M,LSU,Amari Niblack,Receiver,0,0,0.0,0,0,0,0,0.0,0,1,2,3.9,0
111,B,Texas A&M,LSU,Marcel Reed,QB,23,13,110.9,1,0,2,0,0.0,0,0,0,0.0,0
111,B,Texas A&M,LSU,E.J. Smith,Rusher,0,0,0.0,0,0,0,4,19.9,0,0,0,0.0,0
111,B,Texas A&M,LSU,Le'Veon Moss,Rusher,0,0,0.0,0,0,0,10,46.8,0,0,0,0.0,0
111,B,Texas A&M,LSU,Marcel Reed,Rusher,0,0,0.0,0,0,0,8,40.3,0,0,0,0.0,0
111,B,Texas A&M,LSU,Rueben Owens,Rusher,0,0,0.0,0,0,0,4,6.2,0,0,0,0.0,0
111,B,Texas A&M,LSU,Miles O'Neill,Rusher,0,0,0.0,0,0,0,4,17.5,0,0,0,0.0,0
111,B,Texas A&M,LSU,Amari Daniels,Rusher,0,0,0.0,0,0,0,2,-8.0,0,0,0,0.0,0
111,B,Texas A&M,LSU,Kevin Concepcion,Receiver,0,0,0.0,0,0,0,0,0.0,0,4,6,38.5,0
111,B,Texas A&M,LSU,Mario Craver,Receiver,0,0,0.0,0,0,0,0,0.0,0,4,8,42.9,0
111,B,Texas A&M,LSU,Theo Melin Ohrstrom,Receiver,0,0,0.0,0,0,0,0,0.0,0,0,3,0.0,0
111,B,Texas A&M,LSU,Other WR,Receiver,0,0,0.0,0,0,0,0,0.0,0,3,4,29.4,0
111,B,Texas A&M,LSU,Terry Bussey,Receiver,0,0,0.0,0,0,0,0,0.0,0,1,1,0.0,1
111,B,Texas A&M,LSU,Nate Boerkircher,Receiver,0,0,0.0,0,0,0,0,0.0,0,1,1,0.0,0
111,B,LSU,Texas A&M,Garrett Nussmeier,QB,18,12,134.3,2,0,1,0,0.0,0,0,0,0.0,0
111,B,LSU,Texas A&M,Other RB,Rusher,0,0,0.0,0,0,0,7,35.0,0,0,0,0.0,0
111,B,LSU,Texas A&M,Caden Durham,Rusher,0,0,0.0,0,0,0,22,85.3,0,0,0,0.0,0
111,B,LSU,Texas A&M,Harlem Berry,Rusher,0,0,0.0,0,0,0,4,10.5,0,0,0,0.0,0
111,B,LSU,Texas A&M,Ju'Juan Johnson,Rusher,0,0,0.0,0,0,0,3,9.8,0,0,0,0.0,0
111,B,LSU,Texas A&M,Garrett Nussmeier,Rusher,0,0,0.0,0,0,0,3,-9.6,0,0,0,0.0,0
111,B,LSU,Texas A&M,Kaleb Jackson,Rusher,0,0,0.0,0,0,0,1,9.5,0,0,0,0.0,0
111,B,LSU,Texas A&M,Trey'Dez Green,Receiver,0,0,0.0,0,0,0,0,0.0,0,4,5,34.3,0
111,B,LSU,Texas A&M,Aaron Anderson,Receiver,0,0,0.0,0,0,0,0,0.0,0,3,4,34.6,0
111,B,LSU,Texas A&M,Barion Brown,Receiver,0,0,0.0,0,0,0,0,0.0,0,2,3,18.5,1
111,B,LSU,Texas A&M,Other WR,Receiver,0,0,0.0,0,0,0,0,0.0,0,2,3,32.1,1
111,B,LSU,Texas A&M,Zavion Thomas,Receiver,0,0,0.0,0,0,0,0,0.0,0,1,1,14.7,0
111,B,LSU,Texas A&M,Chris Hilton Jr.,Receiver,0,0,0.0,0,0,0,0,0.0,0,0,1,0.0,0
111,B,LSU,Texas A&M,Kyle Parker,Receiver,0,0,0.0,0,0,0,0,0.0,0,0,1,0.0,0
80,A,LSU,Texas A&M,Garrett Nussmeier,QB,39,22,194.5,2,0,2,0,0.0,0,0,0,0.0,0
80,A,LSU,Texas A&M,Garrett Nussmeier,Rusher,0,0,0.0,0,0,0,3,22.9,0,0,0,0.0,0
80,A,LSU,Texas A&M,Other RB,Rusher,0,0,0.0,0,0,0,2,-1.2,0,0,0,0.0,0
80,A,LSU,Texas A&M,Ju'Juan Johnson,Rusher,0,0,0.0,0,0,0,6,22.2,0,0,0,0.0,0
80,A,LSU,Texas A&M,Harlem Berry,Rusher,0,0,0.0,0,0,0,3,-2.5,0,0,0,0.0,0
80,A,LSU,Texas A&M,Caden Durham,Rusher,0,0,0.0,0,0,0,7,33.8,0,0,0,0.0,0
80,A,LSU,Texas A&M,Trey'Dez Green,Receiver,0,0,0.0,0,0,0,0,0.0,0,3,3,29.4,0
80,A,LSU,Texas A&M,Other WR,Receiver,0,0,0.0,0,0,0,0,0.0,0,3,3,24.7,0
80,A,LSU,Texas A&M,Nic Anderson,Receiver,0,0,0.0,0,0,0,0,0.0,0,2,6,1.0,0
80,A,LSU,Texas A&M,Aaron Anderson,Receiver,0,0,0.0,0,0,0,0,0.0,0,7,10,84.3,1
80,A,LSU,Texas A&M,Chris Hilton Jr.,Receiver,0,0,0.0,0,0,0,0,0.0,0,0,1,0.0,0
80,A,LSU,Texas A&M,Kyle Parker,Receiver,0,0,0.0,0,0,0,0,0.0,0,3,4,5.6,0
80,A,LSU,Texas A&M,Barion Brown,Receiver,0,0,0.0,0,0,0,0,0.0,0,2,4,29.6,1
80,A,LSU,Texas A&M,Zavion Thomas,Receiver,0,0,0.0,0,0,0,0,0.0,0,1,5,10.8,0
80,A,LSU,Texas A&M,Bauer Sharp,Receiver,0,0,0.0,0,0,0,0,0.0,0,1,3,9.1,0
80,A,Texas A&M,LSU,Marcel Reed,QB,18,13,172.7,1,0,4,0,0.0,0,0,0,0.0,0
80,A,Texas A&M,LSU,E.J. Smith,Rusher,0,0,0.0,0,0,0,1,7.5,0,0,0,0.0,0
80,A,Texas A&M,LSU,Le'Veon Moss,Rusher,0,0,0.0,0,0,0,15,74.1,1,0,0,0.0,0
80,A,Texas A&M,LSU,Marcel Reed,Rusher,0,0,0.0,0,0,0,8,25.0,0,0,0,0.0,0
80,A,Texas A&M,LSU,Miles O'Neill,Rusher,0,0,0.0,0,0,0,1,-1.3,0,0,0,0.0,0
80,A,Texas A&M,LSU,Amari Daniels,Rusher,0,0,0.0,0,0,0,4,12.6,1,0,0,0.0,0
80,A,Texas A&M,LSU,Rueben Owens,Rusher,0,0,0.0,0,0,0,4,10.6,0,0,0,0.0,0
80,A,Texas A&M,LSU,Jamarion Morrow,Rusher,0,0,0.0,0,0,0,1,2.2,0,0,0,0.0,0
80,A,Texas A&M,LSU,Mario Craver,Receiver,0,0,0.0,0,0,0,0,0.0,0,3,5,25.7,0
80,A,Texas A&M,LSU,Terry Bussey,Receiver,0,0,0.0,0,0,0,0,0.0,0,4,4,41.7,0
80,A,Texas A&M,LSU,Other WR,Receiver,0,0,0.0,0,0,0,0,0.0,0,3,4,32.8,0
80,A,Texas A&M,LSU,Kevin Concepcion,Receiver,0,0,0.0,0,0,0,0,0.0,0,1,1,31.5,0
80,A,Texas A&M,LSU,Theo Melin Ohrstrom,Receiver,0,0,0.0,0,0,0,0,0.0,0,2,3,41.0,1
80,A,Texas A&M,LSU,Nate Boerkircher,Receiver,0,0,0.0,0,0,0,0,0.0,0,0,1,0.0,0
81,B,Texas A&M,LSU,Marcel Reed,QB,27,16,176.4,1,0,0,0,0.0,0,0,0,0.0,0
81,B,Texas A&M,LSU,Marcel Reed,Rusher,0,0,0.0,0,0,0,5,23.6,0,0,0,0.0,0
81,B,Texas A&M,LSU,Le'Veon Moss,Rusher,0,0,0.0,0,0,0,22,87.2,1,0,0,0.0,0
81,B,Texas A&M,LSU,E.J. Smith,Rusher,0,0,0.0,0,0,0,1,6.7,0,0,0,0.0,0
81,B,Texas A&M,LSU,Miles O'Neill,Rusher,0,0,0.0,0,0,0,3,3.7,0,0,0,0.0,0
81,B,Texas A&M,LSU,Rueben Owens,Rusher,0,0,0.0,0,0,0,1,12.2,1,0,0,0.0,0
81,B,Texas A&M,LSU,Amari Daniels,Rusher,0,0,0.0,0,0,0,5,26.0,0,0,0,0.0,0
81,B,Texas A&M,LSU,Jamarion Morrow,Rusher,0,0,0.0,0,0,0,1,4.5,0,0,0,0.0,0
81,B,Texas A&M,LSU,Other WR,Receiver,0,0,0.0,0,0,0,0,0.0,0,2,7,38.0,1
81,B,Texas A&M,LSU,Ashton Bethel-Roman,Receiver,0,0,0.0,0,0,0,0,0.0,0,3,3,45.2,0
81,B,Texas A&M,LSU,Kevin Concepcion,Receiver,0,0,0.0,0,0,0,0,0.0,0,4,6,51.5,0
81,B,Texas A&M,LSU,Mario Craver,Receiver,0,0,0.0,0,0,0,0,0.0,0,2,5,0.6,0
81,B,Texas A&M,LSU,Theo Melin Ohrstrom,Receiver,0,0,0.0,0,0,0,0,0.0,0,1,2,18.7,0
81,B,Texas A&M,LSU,Terry Bussey,Receiver,0,0,0.0,0,0,0,0,0.0,0,3,3,15.6,0
81,B,Texas A&M,LSU,Nate Boerkircher,Receiver,0,0,0.0,0,0,0,0,0.0,0,1,1,6.8,0
81,B,LSU,Texas A&M,Garrett Nussmeier,QB,36,25,184.4,1,0,4,0,0.0,0,0,0,0.0,0
81,B,LSU,Texas A&M,Ju'Juan Johnson,Rusher,0,0,0.0,0,0,0,3,11.9,0,0,0,0.0,0
81,B,LSU,Texas A&M,Caden Durham,Rusher,0,0,0.0,0,0,0,10,43.3,0,0,0,0.0,0
81,B,LSU,Texas A&M,Garrett Nussmeier,Rusher,0,0,0.0,0,0,0,3,22.7,0,0,0,0.0,0
81,B,LSU,Texas A&M,Other RB,Rusher,0,0,0.0,0,0,0,2,-1.4,0,0,0,0.0,0
81,B,LSU,Texas A&M,Harlem Berry,Rusher,0,0,0.0,0,0,0,3,22.5,1,0,0,0.0,0
81,B,LSU,Texas A&M,Kaleb Jackson,Rusher,0,0,0.0,0,0,0,1,4.5,0,0,0,0.0,0
81,B,LSU,Texas A&M,Kyle Parker,Receiver,0,0,0.0,0,0,0,0,0.0,0,2,4,15.2,0
81,B,LSU,Texas A&M,Barion Brown,Receiver,0,0,0.0,0,0,0,0,0.0,0,3,7,11.4,0
81,B,LSU,Texas A&M,Zavion Thomas,Receiver,0,0,0.0,0,0,0,0,0.0,0,2,4,18.3,0
81,B,LSU,Texas A&M,Other WR,Receiver,0,0,0.0,0,0,0,0,0.0,0,1,1,15.8,0
81,B,LSU,Texas A&M,Aaron Anderson,Receiver,0,0,0.0,0,0,0,0,0.0,0,5,5,58.5,1
81,B,LSU,Texas A&M,Nic Anderson,Receiver,0,0,0.0,0,0,0,0,0.0,0,5,7,17.5,0
81,B,LSU,Texas A&M,Trey'Dez Green,Receiver,0,0,0.0,0,0,0,0,0.0,0,2,3,0.0,0
81,B,LSU,Texas A&M,Bauer Sharp,Receiver,0,0,0.0,0,0,0,0,0.0,0,2,2,22.7,0
81,B,LSU,Texas A&M,Chris Hilton Jr.,Receiver,0,0,0.0,0,0,0,0,0.0,0,3,3,24.9,0
82,A,LSU,Texas A&M,Garrett Nussmeier,QB,26,8,82.0,1,0,3,0,0.0,0,0,0,0.0,0
82,A,LSU,Texas A&M,Caden Durham,Rusher,0,0,0.0,0,0,0,12,30.1,0,0,0,0.0,0
82,A,LSU,Texas A&M,Ju'Juan Johnson,Rusher,0,0,0.0,0,0,0,3,21.1,0,0,0,0.0,0
82,A,LSU,Texas A&M,Harlem Berry,Rusher,0,0,0.0,0,0,0,2,0.2,0,0,0,0.0,0
82,A,LSU,Texas A&M,Garrett Nussmeier,Rusher,0,0,0.0,0,0,0,3,5.0,0,0,0,0.0,0
82,A,LSU,Texas A&M,Kaleb Jackson,Rusher,0,0,0.0,0,0,0,1,5.3,0,0,0,0.0,0
82,A,LSU,Texas A&M,Other RB,Rusher,0,0,0.0,0,0,0,1,-2.9,0,0,0,0.0,0
82,A,LSU,Texas A&M,Nic Anderson,Receiver,0,0,0.0,0,0,0,0,0.0,0,0,1,0.0,0
82,A,LSU,Texas A&M,Aaron Anderson,Receiver,0,0,0.0,0,0,0,0,0.0,0,0,4,0.0,0
82,A,LSU,Texas A&M,Bauer Sharp,Receiver,0,0,0.0,0,0,0,0,0.0,0,1,4,3.7,1
82,A,LSU,Texas A&M,Barion Brown,Receiver,0,0,0.0,0,0,0,0,0.0,0,4,7,40.6,0
82,A,LSU,Texas A&M,Zavion Thomas,Receiver,0,0,0.0,0,0,0,0,0.0,0,1,4,13.1,0
82,A,LSU,Texas A&M,Kyle Parker,Receiver,0,0,0.0,0,0,0,0,0.0,0,0,2,0.0,0
82,A,LSU,Texas A&M,Other WR,Receiver,0,0,0.0,0,0,0,0,0.0,0,1,3,16.8,0
82,A,LSU,Texas A&M,Chris Hilton Jr.,Receiver,0,0,0.0,0,0,0,0,0.0,0,1,1,7.8,0
82,A,Texas A&M,LSU,Marcel Reed,QB,29,18,210.7,0,0,5,0,0.0,0,0,0,0.0,0
82,A,Texas A&M,LSU,Le'Veon Moss,Rusher,0,0,0.0,0,0,0,20,114.8,0,0,0,0.0,0
82,A,Texas A&M,LSU,Rueben Owens,Rusher,0,0,0.0,0,0,0,5,30.1,0,0,0,0.0,0
82,A,Texas A&M,LSU,Amari Daniels,Rusher,0,0,0.0,0,0,0,5,17.5,1,0,0,0.0,0
82,A,Texas A&M,LSU,Marcel Reed,Rusher,0,0,0.0,0,0,0,7,27.6,0,0,0,0.0,0
82,A,Texas A&M,LSU,E.J. Smith,Rusher,0,0,0.0,0,0,0,2,10.6,1,0,0,0.0,0
82,A,Texas A&M,LSU,Other WR,Receiver,0,0,0.0,0,0,0,0,0.0,0,4,6,29.0,0
82,A,Texas A&M,LSU,Mario Craver,Receiver,0,0,0.0,0,0,0,0,0.0,0,6,9,90.3,0
82,A,Texas A&M,LSU,Theo Melin Ohrstrom,Receiver,0,0,0.0,0,0,0,0,0.0,0,3,5,13.4,0
82,A,Texas A&M,LSU,Terry Bussey,Receiver,0,0,0.0,0,0,0,0,0.0,0,1,1,14.6,0
82,A,Texas A&M,LSU,Kevin Concepcion,Receiver,0,0,0.0,0,0,0,0,0.0,0,2,6,38.0,0
82,A,Texas A&M,LSU,Ashton Bethel-Roman,Receiver,0,0,0.0,0,0,0,0,0.0,0,2,2,25.4,0
83,B,Texas A&M,LSU,Marcel Reed,QB,27,21,212.1,2,0,3,0,0.0,0,0,0,0.0,0
83,B,Texas A&M,LSU,Marcel Reed,Rusher,0,0,0.0,0,0,0,4,22.8,0,0,0,0.0,0
83,B,Texas A&M,LSU,Rueben Owens,Rusher,0,0,0.0,0,0,0,2,20.2,0,0,0,0.0,0
83,B,Texas A&M,LSU,Miles O'Neill,Rusher,0,0,0.0,0,0,0,1,2.8,0,0,0,0.0,0
83,B,Texas A&M,LSU,Le'Veon Moss,Rusher,0,0,0.0,0,0,0,13,39.8,0,0,0,0.0,0
83,B,Texas A&M,LSU,Amari Daniels,Rusher,0,0,0.0,0,0,0,4,13.6,1,0,0,0.0,0
83,B,Texas A&M,LSU,Mario Craver,Receiver,0,0,0.0,0,0,0,0,0.0,0,6,8,74.5,1
83,B,Texas A&M,LSU,Kevin Concepcion,Receiver,0,0,0.0,0,0,0,0,0.0,0,5,7,28.3,1
83,B,Texas A&M,LSU,Other WR,Receiver,0,0,0.0,0,0,0,0,0.0,0,4,4,66.5,0
83,B,Texas A&M,LSU,Theo Melin Ohrstrom,Receiver,0,0,0.0,0,0,0,0,0.0,0,2,4,2.2,0
83,B,Texas A&M,LSU,Ashton Bethel-Roman,Receiver,0,0,0.0,0,0,0,0,0.0,0,1,1,3.6,0
83,B,Texas A&M,LSU,Nate Boerkircher,Receiver,0,0,0.0,0,0,0,0,0.0,0,1,1,9.3,0
83,B,Texas A&M,LSU,Amari Niblack,Receiver,0,0,0.0,0,0,0,0,0.0,0,2,2,27.6,0
83,B,LSU,Texas A&M,Garrett Nussmeier,QB,36,20,179.5,0,0,0,0,0.0,0,0,0,0.0,0
83,B,LSU,Texas A&M,Garrett Nussmeier,Rusher,0,0,0.0,0,0,0,3,17.9,0,0,0,0.0,0
83,B,LSU,Texas A&M,Caden Durham,Rusher,0,0,0.0,0,0,0,16,96.4,1,0,0,0.0,0
83,B,LSU,Texas A&M,Other RB,Rusher,0,0,0.0,0,0,0,5,6.7,0,0,0,0.0,0
83,B,LSU,Texas A&M,Ju'Juan Johnson,Rusher,0,0,0.0,0,0,0,6,4.9,0,0,0,0.0,0
83,B,LSU,Texas A&M,Harlem Berry,Rusher,0,0,0.0,0,0,0,2,10.8,0,0,0,0.0,0
83,B,LSU,Texas A&M,Zavion Thomas,Receiver,0,0,0.0,0,0,0,0,0.0,0,4,9,27.8,0
83,B,LSU,Texas A&M,Bauer Sharp,Receiver,0,0,0.0,0,0,0,0,0.0,0,2,2,35.8,0
83,B,LSU,Texas A&M,Other WR,Receiver,0,0,0.0,0,0,0,0,0.0,0,0,2,0.0,0
83,B,LSU,Texas A&M,Trey'Dez Green,Receiver,0,0,0.0,0,0,0,0,0.0,0,3,4,11.1,0
83,B,LSU,Texas A&M,Barion Brown,Receiver,0,0,0.0,0,0,0,0,0.0,0,5,7,60.0,0
83,B,LSU,Texas A&M,Aaron Anderson,Receiver,0,0,0.0,0,0,0,0,0.0,0,5,6,39.9,0
83,B,LSU,Texas A&M,Kyle Parker,Receiver,0,0,0.0,0,0,0,0,0.0,0,0,3,0.0,0
83,B,LSU,Texas A&M,Nic Anderson,Receiver,0,0,0.0,0,0,0,0,0.0,0,1,3,4.8,0
84,A,LSU,Texas A&M,Garrett Nussmeier,QB,33,16,168.0,1,0,0,0,0.0,0,0,0,0.0,0
84,A,LSU,Texas A&M,Harlem Berry,Rusher,0,0,0.0,0,0,0,4,3.6,0,0,0,0.0,0
84,A,LSU,Texas A&M,Garrett Nussmeier,Rusher,0,0,0.0,0,0,0,9,32.1,0,0,0,0.0,0
84,A,LSU,Texas A&M,Other RB,Rusher,0,0,0.0,0,0,0,2,15.2,1,0,0,0.0,0
84,A,LSU,Texas A&M,Ju'Juan Johnson,Rusher,0,0,0.0,0,0,0,6,35.1,0,0,0,0.0,0
84,A,LSU,Texas A&M,Caden Durham,Rusher,0,0,0.0,0,0,0,9,30.5,0,0,0,0.0,0
84,A,LSU,Texas A&M,Kaleb Jackson,Rusher,0,0,0.0,0,0,0,1,6.5,0,0,0,0.0,0
84,A,LSU,Texas A&M,Trey'Dez Green,Receiver,0,0,0.0,0,0,0,0,0.0,0,1,3,3.7,0
84,A,LSU,Texas A&M,Bauer Sharp,Receiver,0,0,0.0,0,0,0,0,0.0,0,3,5,35.8,0
84,A,LSU,Texas A&M,Zavion Thomas,Receiver,0,0,0.0,0,0,0,0,0.0,0,2,6,16.4,0
84,A,LSU,Texas A&M,Barion Brown,Receiver,0,0,0.0,0,0,0,0,0.0,0,2,5,32.5,0
84,A,LSU,Texas A&M,Nic Anderson,Receiver,0,0,0.0,0,0,0,0,0.0,0,3,4,36.9,1
84,A,LSU,Texas A&M,Aaron Anderson,Receiver,0,0,0.0,0,0,0,0,0.0,0,3,4,20.4,0
84,A,LSU,Texas A&M,Chris Hilton Jr.,Receiver,0,0,0.0,0,0,0,0,0.0,0,0,1,0.0,0
84,A,LSU,Texas A&M,Other WR,Receiver,0,0,0.0,0,0,0,0,0.0,0,1,4,3.4,0
84,A,LSU,Texas A&M,Kyle Parker,Receiver,0,0,0.0,0,0,0,0,0.0,0,1,1,19.0,0
84,A,Texas A&M,LSU,Marcel Reed,QB,36,21,198.1,0,0,2,0,0.0,0,0,0,0.0,0
84,A,Texas A&M,LSU,E.J. Smith,Rusher,0,0,0.0,0,0,0,2,-0.7,0,0,0,0.0,0
84,A,Texas A&M,LSU,Rueben Owens,Rusher,0,0,0.0,0,0,0,3,23.9,0,0,0,0.0,0
84,A,Texas A&M,LSU,Le'Veon Moss,Rusher,0,0,0.0,0,0,0,14,57.6,1,0,0,0.0,0
84,A,Texas A&M,LSU,Amari Daniels,Rusher,0,0,0.0,0,0,0,2,11.8,0,0,0,0.0,0
84,A,Texas A&M,LSU,Miles O'Neill,Rusher,0,0,0.0,0,0,0,2,7.1,0,0,0,0.0,0
84,A,Texas A&M,LSU,Marcel Reed,Rusher,0,0,0.0,0,0,0,3,13.0,1,0,0,0.0,0
84,A,Texas A&M,LSU,Ashton Bethel-Roman,Receiver,0,0,0.0,0,0,0,0,0.0,0,4,5,44.7,0
84,A,Texas A&M,LSU,Kevin Concepcion,Receiver,0,0,0.0,0,0,0,0,0.0,0,4,9,51.9,0
84,A,Texas A&M,LSU,Other WR,Receiver,0,0,0.0,0,0,0,0,0.0,0,1,2,2.9,0
84,A,Texas A&M,LSU,Theo Melin Ohrstrom,Receiver,0,0,0.0,0,0,0,0,0.0,0,5,7,40.3,0
84,A,Texas A&M,LSU,Mario Craver,Receiver,0,0,0.0,0,0,0,0,0.0,0,4,6,34.8,0
84,A,Texas A&M,LSU,Nate Boerkircher,Receiver,0,0,0.0,0,0,0,0,0.0,0,2,3,11.2,0
84,A,Texas A&M,LSU,Terry Bussey,Receiver,0,0,0.0,0,0,0,0,0.0,0,1,3,12.3,0
84,A,Texas A&M,LSU,Amari Niblack,Receiver,0,0,0.0,0,0,0,0,0.0,0,0,1,0.0,0
85,B,Texas A&M,LSU,Marcel Reed,QB,22,15,141.3,0,0,6,0,0.0,0,0,0,0.0,0
85,B,Texas A&M,LSU,Le'Veon Moss,Rusher,0,0,0.0,0,0,0,15,74.1,1,0,0,0.0,0
85,B,Texas A&M,LSU,Amari Daniels,Rusher,0,0,0.0,0,0,0,3,16.5,0,0,0,0.0,0
85,B,Texas A&M,LSU,E.J. Smith,Rusher,0,0,0.0,0,0,0,1,0.4,0,0,0,0.0,0
85,B,Texas A&M,LSU,Marcel Reed,Rusher,0,0,0.0,0,0,0,3,20.3,0,0,0,0.0,0
85,B,Texas A&M,LSU,Rueben Owens,Rusher,0,0,0.0,0,0,0,5,2.4,0,0,0,0.0,0
85,B,Texas A&M,LSU,Jamarion Morrow,Rusher,0,0,0.0,0,0,0,2,-3.7,0,0,0,0.0,0
85,B,Texas A&M,LSU,Mario Craver,Receiver,0,0,0.0,0,0,0,0,0.0,0,3,5,16.2,0
85,B,Texas A&M,LSU,Other WR,Receiver,0,0,0.0,0,0,0,0,0.0,0,3,6,35.2,0
85,B,Texas A&M,LSU,Kevin Concepcion,Receiver,0,0,0.0,0,0,0,0,0.0,0,4,4,54.7,0
85,B,Texas A&M,LSU,Nate Boerkircher,Receiver,0,0,0.0,0,0,0,0,0.0,0,1,1,0.0,0
85,B,Texas A&M,LSU,Ashton Bethel-Roman,Receiver,0,0,0.0,0,0,0,0,0.0,0,1,2,0.0,0
85,B,Texas A&M,LSU,Theo Melin Ohrstrom,Receiver,0,0,0.0,0,0,0,0,0.0,0,2,2,23.2,0
85,B,Texas A&M,LSU,Terry Bussey,Receiver,0,0,0.0,0,0,0,0,0.0,0,1,2,12.0,0
85,B,LSU,Texas A&M,Garrett Nussmeier,QB,22,15,117.4,0,0,5,0,0.0,0,0,0,0.0,0
85,B,LSU,Texas A&M,Harlem Berry,Rusher,0,0,0.0,0,0,0,5,14.6,1,0,0,0.0,0
85,B,LSU,Texas A&M,Caden Durham,Rusher,0,0,0.0,0,0,0,11,38.8,0,0,0,0.0,0
85,B,LSU,Texas A&M,Kaleb Jackson,Rusher,0,0,0.0,0,0,0,1,7.3,0,0,0,0.0,0
85,B,LSU,Texas A&M,Other RB,Rusher,0,0,0.0,0,0,0,5,35.0,1,0,0,0.0,0
85,B,LSU,Texas A&M,Ju'Juan Johnson,Rusher,0,0,0.0,0,0,0,4,23.8,0,0,0,0.0,0
85,B,LSU,Texas A&M,Garrett Nussmeier,Rusher,0,0,0.0,0,0,0,1,-0.3,0,0,0,0.0,0
85,B,LSU,Texas A&M,Trey'Dez Green,Receiver,0,0,0.0,0,0,0,0,0.0,0,0,1,0.0,0
85,B,LSU,Texas A&M,Zavion Thomas,Receiver,0,0,0.0,0,0,0,0,0.0,0,4,5,11.7,0
85,B,LSU,Texas A&M,Nic Anderson,Receiver,0,0,0.0,0,0,0,0,0.0,0,3,3,22.8,0
85,B,LSU,Texas A&M,Kyle Parker,Receiver,0,0,0.0,0,0,0,0,0.0,0,2,2,23.3,0
85,B,LSU,Texas A&M,Barion Brown,Receiver,0,0,0.0,0,0,0,0,0.0,0,3,3,31.6,0
85,B,LSU,Texas A&M,Aaron Anderson,Receiver,0,0,0.0,0,0,0,0,0.0,0,0,2,0.0,0
85,B,LSU,Texas A&M,Bauer Sharp,Receiver,0,0,0.0,0,0,0,0,0.0,0,2,3,5.4,0
85,B,LSU,Texas A&M,Chris Hilton Jr.,Receiver,0,0,0.0,0,0,0,0,0.0,0,0,1,0.0,0
85,B,LSU,Texas A&M,Other WR,Receiver,0,0,0.0,0,0,0,0,0.0,0,1,2,22.6,0
86,A,LSU,Texas A&M,Garrett Nussmeier,QB,35,16,94.3,0,0,1,0,0.0,0,0,0,0.0,0
86,A,LSU,Texas A&M,Ju'Juan Johnson,Rusher,0,0,0.0,0,0,0,9,34.4,1,0,0,0.0,0
86,A,LSU,Texas A&M,Harlem Berry,Rusher,0,0,0.0,0,0,0,5,24.6,0,0,0,0.0,0
86,A,LSU,Texas A&M,Kaleb Jackson,Rusher,0,0,0.0,0,0,0,1,4.4,0,0,0,0.0,0
86,A,LSU,Texas A&M,Other RB,Rusher,0,0,0.0,0,0,0,5,9.5,0,0,0,0.0,0
86,A,LSU,Texas A&M,Caden Durham,Rusher,0,0,0.0,0,0,0,4,26.9,0,0,0,0.0,0
86,A,LSU,Texas A&M,Kyle Parker,Receiver,0,0,0.0,0,0,0,0,0.0,0,2,5,13.0,0
86,A,LSU,Texas A&M,Trey'Dez Green,Receiver,0,0,0.0,0,0,0,0,0.0,0,3,6,14.5,0
86,A,LSU,Texas A&M,Nic Anderson,Receiver,0,0,0.0,0,0,0,0,0.0,0,1,4,4.1,0
86,A,LSU,Texas A&M,Other WR,Receiver,0,0,0.0,0,0,0,0,0.0,0,1,2,18.0,0
86,A,LSU,Texas A&M,Barion Brown,Receiver,0,0,0.0,0,0,0,0,0.0,0,4,5,21.1,0
86,A,LSU,Texas A&M,Bauer Sharp,Receiver,0,0,0.0,0,0,0,0,0.0,0,2,5,16.3,0
86,A,LSU,Texas A&M,Aaron Anderson,Receiver,0,0,0.0,0,0,0,0,0.0,0,2,6,2.9,0
86,A,LSU,Texas A&M,Zavion Thomas,Receiver,0,0,0.0,0,0,0,0,0.0,0,1,2,4.3,0
86,A,Texas A&M,LSU,Marcel Reed,QB,21,15,164.1,1,0,4,0,0.0,0,0,0,0.0,0
86,A,Texas A&M,LSU,Marcel Reed,Rusher,0,0,0.0,0,0,0,7,38.3,1,0,0,0.0,0
86,A,Texas A&M,LSU,E.J. Smith,Rusher,0,0,0.0,0,0,0,2,4.7,0,0,0,0.0,0
86,A,Texas A&M,LSU,Le'Veon Moss,Rusher,0,0,0.0,0,0,0,17,82.0,1,0,0,0.0,0
86,A,Texas A&M,LSU,Amari Daniels,Rusher,0,0,0.0,0,0,0,6,11.8,0,0,0,0.0,0
86,A,Texas A&M,LSU,Jamarion Morrow,Rusher,0,0,0.0,0,0,0,4,18.9,1,0,0,0.0,0
86,A,Texas A&M,LSU,Rueben Owens,Rusher,0,0,0.0,0,0,0,5,31.3,0,0,0,0.0,0
86,A,Texas A&M,LSU,Other WR,Receiver,0,0,0.0,0,0,0,0,0.0,0,3,3,45.0,0
86,A,Texas A&M,LSU,Mario Craver,Receiver,0,0,0.0,0,0,0,0,0.0,0,5,7,44.2,1
86,A,Texas A&M,LSU,Kevin Concepcion,Receiver,0,0,0.0,0,0,0,0,0.0,0,5,6,48.4,0
86,A,Texas A&M,LSU,Theo Melin Ohrstrom,Receiver,0,0,0.0,0,0,0,0,0.0,0,1,3,18.0,0
86,A,Texas A&M,LSU,Ashton Bethel-Roman,Receiver,0,0,0.0,0,0,0,0,0.0,0,1,1,8.6,0
86,A,Texas A&M,LSU,Terry Bussey,Receiver,0,0,0.0,0,0,0,0,0.0,0,0,1,0.0,0
87,B,Texas A&M,LSU,Marcel Reed,QB,25,16,171.8,2,0,2,0,0.0,0,0,0,0.0,0
87,B,Texas A&M,LSU,Rueben Owens,Rusher,0,0,0.0,0,0,0,5,31.8,0,0,0,0.0,0
87,B,Texas A&M,LSU,Le'Veon Moss,Rusher,0,0,0.0,0,0,0,18,64.3,1,0,0,0.0,0
87,B,Texas A&M,LSU,E.J. Smith,Rusher,0,0,0.0,0,0,0,3,18.9,0,0,0,0.0,0
87,B,Texas A&M,LSU,Marcel Reed,Rusher,0,0,0.0,0,0,0,11,38.8,0,0,0,0.0,0
87,B,Texas A&M,LSU,Amari Daniels,Rusher,0,0,0.0,0,0,0,6,39.3,0,0,0,0.0,0
87,B,Texas A&M,LSU,Terry Bussey,Receiver,0,0,0.0,0,0,0,0,0.0,0,2,3,26.3,1
87,B,Texas A&M,LSU,Nate Boerkircher,Receiver,0,0,0.0,0,0,0,0,0.0,0,0,2,0.0,0
87,B,Texas A&M,LSU,Kevin Concepcion,Receiver,0,0,0.0,0,0,0,0,0.0,0,4,5,53.6,0
87,B,Texas A&M,LSU,Mario Craver,Receiver,0,0,0.0,0,0,0,0,0.0,0,4,6,61.2,1
87,B,Texas A&M,LSU,Theo Melin Ohrstrom,Receiver,0,0,0.0,0,0,0,0,0.0,0,0,3,0.0,0
87,B,Texas A&M,LSU,Other WR,Receiver,0,0,0.0,0,0,0,0,0.0,0,1,1,11.6,0
87,B,Texas A&M,LSU,Ashton Bethel-Roman,Receiver,0,0,0.0,0,0,0,0,0.0,0,3,3,9.7,0
87,B,Texas A&M,LSU,Amari Niblack,Receiver,0,0,0.0,0,0,0,0,0.0,0,2,2,9.4,0
87,B,LSU,Texas A&M,Garrett Nussmeier,QB,19,15,142.7,0,0,3,0,0.0,0,0,0,0.0,0
87,B,LSU,Texas A&M,Caden Durham,Rusher,0,0,0.0,0,0,0,11,42.3,0,0,0,0.0,0
87,B,LSU,Texas A&M,Harlem Berry,Rusher,0,0,0.0,0,0,0,3,5.3,0,0,0,0.0,0
87,B,LSU,Texas A&M,Garrett Nussmeier,Rusher,0,0,0.0,0,0,0,1,5.7,0,0,0,0.0,0
87,B,LSU,Texas A&M,Other RB,Rusher,0,0,0.0,0,0,0,4,7.1,0,0,0,0.0,0
87,B,LSU,Texas A&M,Ju'Juan Johnson,Rusher,0,0,0.0,0,0,0,4,34.8,1,0,0,0.0,0
87,B,LSU,Texas A&M,Kaleb Jackson,Rusher,0,0,0.0,0,0,0,1,7.5,0,0,0,0.0,0
87,B,LSU,Texas A&M,Zavion Thomas,Receiver,0,0,0.0,0,0,0,0,0.0,0,2,2,17.3,0
87,B,LSU,Texas A&M,Chris Hilton Jr.,Receiver,0,0,0.0,0,0,0,0,0.0,0,2,2,55.9,0
87,B,LSU,Texas A&M,Other WR,Receiver,0,0,0.0,0,0,0,0,0.0,0,0,0,0.0,0
87,B,LSU,Texas A&M,Barion Brown,Receiver,0,0,0.0,0,0,0,0,0.0,0,2,6,6.6,0
87,B,LSU,Texas A&M,Bauer Sharp,Receiver,0,0,0.0,0,0,0,0,0.0,0,1,1,0.0,0
87,B,LSU,Texas A&M,Aaron Anderson,Receiver,0,0,0.0,0,0,0,0,0.0,0,3,3,13.8,0
87,B,LSU,Texas A&M,Nic Anderson,Receiver,0,0,0.0,0,0,0,0,0.0,0,3,3,40.9,0
87,B,LSU,Texas A&M,Kyle Parker,Receiver,0,0,0.0,0,0,0,0,0.0,0,2,2,8.3,0
88,A,LSU,Texas A&M,Garrett Nussmeier,QB,35,26,196.1,0,1,3,0,0.0,0,0,0,0.0,0
88,A,LSU,Texas A&M,Caden Durham,Rusher,0,0,0.0,0,0,0,10,51.3,1,0,0,0.0,0
88,A,LSU,Texas A&M,Kaleb Jackson,Rusher,0,0,0.0,0,0,0,2,-6.4,0,0,0,0.0,0
88,A,LSU,Texas A&M,Ju'Juan Johnson,Rusher,0,0,0.0,0,0,0,3,12.2,0,0,0,0.0,0
88,A,LSU,Texas A&M,Garrett Nussmeier,Rusher,0,0,0.0,0,0,0,3,8.9,0,0,0,0.0,0
88,A,LSU,Texas A&M,Harlem Berry,Rusher,0,0,0.0,0,0,0,2,3.5,0,0,0,0.0,0
88,A,LSU,Texas A&M,Other RB,Rusher,0,0,0.0,0,0,0,2,4.3,0,0,0,0.0,0
88,A,LSU,Texas A&M,Chris Hilton Jr.,Receiver,0,0,0.0,0,0,0,0,0.0,0,0,2,0.0,0
88,A,LSU,Texas A&M,Trey'Dez Green,Receiver,0,0,0.0,0,0,0,0,0.0,0,5,6,33.8,0
88,A,LSU,Texas A&M,Aaron Anderson,Receiver,0,0,0.0,0,0,0,0,0.0,0,4,6,46.1,0
88,A,LSU,Texas A&M,Zavion Thomas,Receiver,0,0,0.0,0,0,0,0,0.0,0,7,8,27.5,0
88,A,LSU,Texas A&M,Barion Brown,Receiver,0,0,0.0,0,0,0,0,0.0,0,3,4,21.6,0
88,A,LSU,Texas A&M,Bauer Sharp,Receiver,0,0,0.0,0,0,0,0,0.0,0,0,1,0.0,0
88,A,LSU,Texas A&M,Nic Anderson,Receiver,0,0,0.0,0,0,0,0,0.0,0,4,5,42.5,0
88,A,LSU,Texas A&M,Other WR,Receiver,0,0,0.0,0,0,0,0,0.0,0,1,1,0.0,0
88,A,LSU,Texas A&M,Kyle Parker,Receiver,0,0,0.0,0,0,0,0,0.0,0,2,2,24.8,0
88,A,Texas A&M,LSU,Marcel Reed,QB,22,14,201.5,3,0,2,0,0.0,0,0,0,0.0,0
88,A,Texas A&M,LSU,Marcel Reed,Rusher,0,0,0.0,0,0,0,9,43.0,1,0,0,0.0,0
88,A,Texas A&M,LSU,Le'Veon Moss,Rusher,0,0,0.0,0,0,0,18,107.5,2,0,0,0.0,0
88,A,Texas A&M,LSU,Rueben Owens,Rusher,0,0,0.0,0,0,0,4,22.8,0,0,0,0.0,0
88,A,Texas A&M,LSU,E.J. Smith,Rusher,0,0,0.0,0,0,0,2,-0.9,0,0,0,0.0,0
88,A,Texas A&M,LSU,Miles O'Neill,Rusher,0,0,0.0,0,0,0,1,15.1,0,0,0,0.0,0
88,A,Texas A&M,LSU,Amari Daniels,Rusher,0,0,0.0,0,0,0,2,1.2,0,0,0,0.0,0
88,A,Texas A&M,LSU,Mario Craver,Receiver,0,0,0.0,0,0,0,0,0.0,0,3,7,27.5,0
88,A,Texas A&M,LSU,Kevin Concepcion,Receiver,0,0,0.0,0,0,0,0,0.0,0,7,8,133.7,3
88,A,Texas A&M,LSU,Theo Melin Ohrstrom,Receiver,0,0,0.0,0,0,0,0,0.0,0,1,2,17.6,0
88,A,Texas A&M,LSU,Other WR,Receiver,0,0,0.0,0,0,0,0,0.0,0,1,2,20.1,0
88,A,Texas A&M,LSU,Ashton Bethel-Roman,Receiver,0,0,0.0,0,0,0,0,0.0,0,1,2,1.2,0
88,A,Texas A&M,LSU,Terry Bussey,Receiver,0,0,0.0,0,0,0,0,0.0,0,1,1,1.4,0
89,B,Texas A&M,LSU,Marcel Reed,QB,26,17,161.2,2,0,3,0,0.0,0,0,0,0.0,0
89,B,Texas A&M,LSU,Le'Veon Moss,Rusher,0,0,0.0,0,0,0,14,82.5,0,0,0,0.0,0
89,B,Texas A&M,LSU,Amari Daniels,Rusher,0,0,0.0,0,0,0,8,32.9,0,0,0,0.0,0
89,B,Texas A&M,LSU,Rueben Owens,Rusher,0,0,0.0,0,0,0,4,15.8,0,0,0,0.0,0
89,B,Texas A&M,LSU,Marcel Reed,Rusher,0,0,0.0,0,0,0,1,-1.7,0,0,0,0.0,0
89,B,Texas A&M,LSU,Jamarion Morrow,Rusher,0,0,0.0,0,0,0,1,-1.4,0,0,0,0.0,0
89,B,Texas A&M,LSU,E.J. Smith,Rusher,0,0,0.0,0,0,0,2,-1.9,0,0,0,0.0,0
89,B,Texas A&M,LSU,Ashton Bethel-Roman,Receiver,0,0,0.0,0,0,0,0,0.0,0,4,5,36.3,1
89,B,Texas A&M,LSU,Theo Melin Ohrstrom,Receiver,0,0,0.0,0,0,0,0,0.0,0,4,4,40.9,0
89,B,Texas A&M,LSU,Mario Craver,Receiver,0,0,0.0,0,0,0,0,0.0,0,1,3,11.1,0
89,B,Texas A&M,LSU,Other WR,Receiver,0,0,0.0,0,0,0,0,0.0,0,2,4,15.8,0
89,B,Texas A&M,LSU,Kevin Concepcion,Receiver,0,0,0.0,0,0,0,0,0.0,0,2,5,33.9,1
89,B,Texas A&M,LSU,Terry Bussey,Receiver,0,0,0.0,0,0,0,0,0.0,0,2,2,9.8,0
89,B,Texas A&M,LSU,Nate Boerkircher,Receiver,0,0,0.0,0,0,0,0,0.0,0,1,2,3.9,0
89,B,Texas A&M,LSU,Amari Niblack,Receiver,0,0,0.0,0,0,0,0,0.0,0,1,1,9.5,0
89,B,LSU,Texas A&M,Garrett Nussmeier,QB,24,16,146.0,0,0,1,0,0.0,0,0,0,0.0,0
89,B,LSU,Texas A&M,Ju'Juan Johnson,Rusher,0,0,0.0,0,0,0,9,57.8,1,0,0,0.0,0
89,B,LSU,Texas A&M,Harlem Berry,Rusher,0,0,0.0,0,0,0,2,8.2,0,0,0,0.0,0
89,B,LSU,Texas A&M,Other RB,Rusher,0,0,0.0,0,0,0,3,-2.0,0,0,0,0.0,0
89,B,LSU,Texas A&M,Caden Durham,Rusher,0,0,0.0,0,0,0,15,68.3,1,0,0,0.0,0
89,B,LSU,Texas A&M,Kaleb Jackson,Rusher,0,0,0.0,0,0,0,2,13.2,0,0,0,0.0,0
89,B,LSU,Texas A&M,Garrett Nussmeier,Rusher,0,0,0.0,0,0,0,2,-2.2,0,0,0,0.0,0
89,B,LSU,Texas A&M,Aaron Anderson,Receiver,0,0,0.0,0,0,0,0,0.0,0,4,4,25.9,0
89,B,LSU,Texas A&M,Trey'Dez Green,Receiver,0,0,0.0,0,0,0,0,0.0,0,1,1,5.5,0
89,B,LSU,Texas A&M,Nic Anderson,Receiver,0,0,0.0,0,0,0,0,0.0,0,1,3,12.6,0
89,B,LSU,Texas A&M,Kyle Parker,Receiver,0,0,0.0,0,0,0,0,0.0,0,2,3,16.8,0
89,B,LSU,Texas A&M,Zavion Thomas,Receiver,0,0,0.0,0,0,0,0,0.0,0,4,4,33.7,0
89,B,LSU,Texas A&M,Bauer Sharp,Receiver,0,0,0.0,0,0,0,0,0.0,0,2,4,17.4,0
89,B,LSU,Texas A&M,Chris Hilton Jr.,Receiver,0,0,0.0,0,0,0,0,0.0,0,0,2,0.0,0
89,B,LSU,Texas A&M,Barion Brown,Receiver,0,0,0.0,0,0,0,0,0.0,0,2,3,34.2,0
90,A,LSU,Texas A&M,Garrett Nussmeier,QB,32,17,95.2,0,1,0,0,0.0,0,0,0,0.0,0
90,A,LSU,Texas A&M,Caden Durham,Rusher,0,0,0.0,0,0,0,15,91.1,2,0,0,0.0,0
90,A,LSU,Texas A&M,Ju'Juan Johnson,Rusher,0,0,0.0,0,0,0,4,29.7,0,0,0,0.0,0
90,A,LSU,Texas A&M,Other RB,Rusher,0,0,0.0,0,0,0,6,25.6,0,0,0,0.0,0
90,A,LSU,Texas A&M,Garrett Nussmeier,Rusher,0,0,0.0,0,0,0,3,11.7,0,0,0,0.0,0
90,A,LSU,Texas A&M,Harlem Berry,Rusher,0,0,0.0,0,0,0,2,5.3,0,0,0,0.0,0
90,A,LSU,Texas A&M,Kaleb Jackson,Rusher,0,0,0.0,0,0,0,1,-0.6,0,0,0,0.0,0
90,A,LSU,Texas A&M,Trey'Dez Green,Receiver,0,0,0.0,0,0,0,0,0.0,0,5,8,17.3,0
90,A,LSU,Texas A&M,Barion Brown,Receiver,0,0,0.0,0,0,0,0,0.0,0,2,5,0.0,0
90,A,LSU,Texas A&M,Bauer Sharp,Receiver,0,0,0.0,0,0,0,0,0.0,0,3,3,23.3,0
90,A,LSU,Texas A&M,Aaron Anderson,Receiver,0,0,0.0,0,0,0,0,0.0,0,3,7,33.1,0
90,A,LSU,Texas A&M,Zavion Thomas,Receiver,0,0,0.0,0,0,0,0,0.0,0,0,2,0.0,0
90,A,LSU,Texas A&M,Chris Hilton Jr.,Receiver,0,0,0.0,0,0,0,0,0.0,0,1,1,0.7,0
90,A,LSU,Texas A&M,Kyle Parker,Receiver,0,0,0.0,0,0,0,0,0.0,0,2,3,13.7,0
90,A,LSU,Texas A&M,Nic Anderson,Receiver,0,0,0.0,0,0,0,0,0.0,0,1,1,7.0,0
90,A,LSU,Texas A&M,Other WR,Receiver,0,0,0.0,0,0,0,0,0.0,0,0,2,0.0,0
90,A,Texas A&M,LSU,Marcel Reed,QB,22,16,173.7,1,0,5,0,0.0,0,0,0,0.0,0
90,A,Texas A&M,LSU,Le'Veon Moss,Rusher,0,0,0.0,0,0,0,14,74.3,1,0,0,0.0,0
90,A,Texas A&M,LSU,Marcel Reed,Rusher,0,0,0.0,0,0,0,9,49.5,0,0,0,0.0,0
90,A,Texas A&M,LSU,Amari Daniels,Rusher,0,0,0.0,0,0,0,2,19.2,0,0,0,0.0,0
90,A,Texas A&M,LSU,E.J. Smith,Rusher,0,0,0.0,0,0,0,3,7.5,0,0,0,0.0,0
90,A,Texas A&M,LSU,Jamarion Morrow,Rusher,0,0,0.0,0,0,0,2,-3.1,0,0,0,0.0,0
90,A,Texas A&M,LSU,Other RB,Rusher,0,0,0.0,0,0,0,1,0.9,0,0,0,0.0,0
90,A,Texas A&M,LSU,Rueben Owens,Rusher,0,0,0.0,0,0,0,2,3.8,0,0,0,0.0,0
90,A,Texas A&M,LSU,Kevin Concepcion,Receiver,0,0,0.0,0,0,0,0,0.0,0,4,6,68.8,0
90,A,Texas A&M,LSU,Ashton Bethel-Roman,Receiver,0,0,0.0,0,0,0,0,0.0,0,4,4,27.6,0
90,A,Texas A&M,LSU,Theo Melin Ohrstrom,Receiver,0,0,0.0,0,0,0,0,0.0,0,1,1,23.0,1
90,A,Texas A&M,LSU,Mario Craver,Receiver,0,0,0.0,0,0,0,0,0.0,0,4,6,41.3,0
90,A,Texas A&M,LSU,Other WR,Receiver,0,0,0.0,0,0,0,0,0.0,0,2,4,13.0,0
90,A,Texas A&M,LSU,Terry Bussey,Receiver,0,0,0.0,0,0,0,0,0.0,0,1,1,0.0,0
91,B,Texas A&M,LSU,Marcel Reed,QB,22,11,109.5,0,0,8,0,0.0,0,0,0,0.0,0
91,B,Texas A&M,LSU,Marcel Reed,Rusher,0,0,0.0,0,0,0,8,53.9,2,0,0,0.0,0
91,B,Texas A&M,LSU,Le'Veon Moss,Rusher,0,0,0.0,0,0,0,11,23.1,0,0,0,0.0,0
91,B,Texas A&M,LSU,Miles O'Neill,Rusher,0,0,0.0,0,0,0,1,4.1,0,0,0,0.0,0
91,B,Texas A&M,LSU,Rueben Owens,Rusher,0,0,0.0,0,0,0,6,38.7,0,0,0,0.0,0
91,B,Texas A&M,LSU,E.J. Smith,Rusher,0,0,0.0,0,0,0,3,13.8,0,0,0,0.0,0
91,B,Texas A&M,LSU,Amari Daniels,Rusher,0,0,0.0,0,0,0,7,15.8,0,0,0,0.0,0
91,B,Texas A&M,LSU,Theo Melin Ohrstrom,Receiver,0,0,0.0,0,0,0,0,0.0,0,1,1,29.2,0
91,B,Texas A&M,LSU,Other WR,Receiver,0,0,0.0,0,0,0,0,0.0,0,2,3,24.2,0
91,B,Texas A&M,LSU,Mario Craver,Receiver,0,0,0.0,0,0,0,0,0.0,0,2,6,0.2,0
91,B,Texas A&M,LSU,Terry Bussey,Receiver,0,0,0.0,0,0,0,0,0.0,0,1,2,0.0,0
91,B,Texas A&M,LSU,Ashton Bethel-Roman,Receiver,0,0,0.0,0,0,0,0,0.0,0,4,5,35.3,0
91,B,Texas A&M,LSU,Kevin Concepcion,Receiver,0,0,0.0,0,0,0,0,0.0,0,1,4,20.6,0
91,B,Texas A&M,LSU,Nate Boerkircher,Receiver,0,0,0.0,0,0,0,0,0.0,0,0,1,0.0,0
91,B,Texas A&M,LSU,Amari Niblack,Receiver,0,0,0.0,0,0,0,0,0.0,0,0,0,0.0,0
91,B,LSU,Texas A&M,Garrett Nussmeier,QB,26,14,108.5,0,0,3,0,0.0,0,0,0,0.0,0
91,B,LSU,Texas A&M,Ju'Juan Johnson,Rusher,0,0,0.0,0,0,0,4,16.6,0,0,0,0.0,0
91,B,LSU,Texas A&M,Caden Durham,Rusher,0,0,0.0,0,0,0,14,79.6,2,0,0,0.0,0
91,B,LSU,Texas A&M,Harlem Berry,Rusher,0,0,0.0,0,0,0,6,30.4,0,0,0,0.0,0
91,B,LSU,Texas A&M,Kaleb Jackson,Rusher,0,0,0.0,0,0,0,2,1.7,0,0,0,0.0,0
91,B,LSU,Texas A&M,Garrett Nussmeier,Rusher,0,0,0.0,0,0,0,1,-0.7,0,0,0,0.0,0
91,B,LSU,Texas A&M,Bauer Sharp,Receiver,0,0,0.0,0,0,0,0,0.0,0,1,2,1.0,0
91,B,LSU,Texas A&M,Chris Hilton Jr.,Receiver,0,0,0.0,0,0,0,0,0.0,0,0,2,0.0,0
91,B,LSU,Texas A&M,Nic Anderson,Receiver,0,0,0.0,0,0,0,0,0.0,0,4,4,27.0,0
91,B,LSU,Texas A&M,Barion Brown,Receiver,0,0,0.0,0,0,0,0,0.0,0,0,3,0.0,0
91,B,LSU,Texas A&M,Aaron Anderson,Receiver,0,0,0.0,0,0,0,0,0.0,0,2,5,9.5,0
91,B,LSU,Texas A&M,Zavion Thomas,Receiver,0,0,0.0,0,0,0,0,0.0,0,3,4,1.6,0
91,B,LSU,Texas A&M,Kyle Parker,Receiver,0,0,0.0,0,0,0,0,0.0,0,1,3,0.0,0
91,B,LSU,Texas A&M,Other WR,Receiver,0,0,0.0,0,0,0,0,0.0,0,2,2,36.9,0
91,B,LSU,Texas A&M,Trey'Dez Green,Receiver,0,0,0.0,0,0,0,0,0.0,0,1,1,32.5,0
92,A,LSU,Texas A&M,Garrett Nussmeier,QB,28,16,167.3,1,0,2,0,0.0,0,0,0,0.0,0
92,A,LSU,Texas A&M,Caden Durham,Rusher,0,0,0.0,0,0,0,19,54.1,0,0,0,0.0,0
92,A,LSU,Texas A&M,Harlem Berry,Rusher,0,0,0.0,0,0,0,4,16.1,0,0,0,0.0,0
92,A,LSU,Texas A&M,Ju'Juan Johnson,Rusher,0,0,0.0,0,0,0,9,26.7,0,0,0,0.0,0
92,A,LSU,Texas A&M,Other RB,Rusher,0,0,0.0,0,0,0,3,14.8,0,0,0,0.0,0
92,A,LSU,Texas A&M,Kaleb Jackson,Rusher,0,0,0.0,0,0,0,2,19.4,0,0,0,0.0,0
92,A,LSU,Texas A&M,Garrett Nussmeier,Rusher,0,0,0.0,0,0,0,1,2.4,0,0,0,0.0,0
92,A,LSU,Texas A&M,Barion Brown,Receiver,0,0,0.0,0,0,0,0,0.0,0,5,8,78.0,0
92,A,LSU,Texas A&M,Nic Anderson,Receiver,0,0,0.0,0,0,0,0,0.0,0,1,2,33.0,0
92,A,LSU,Texas A&M,Aaron Anderson,Receiver,0,0,0.0,0,0,0,0,0.0,0,5,9,35.4,1
92,A,LSU,Texas A&M,Bauer Sharp,Receiver,0,0,0.0,0,0,0,0,0.0,0,1,1,4.0,0
92,A,LSU,Texas A&M,Zavion Thomas,Receiver,0,0,0.0,0,0,0,0,0.0,0,2,4,8.0,0
92,A,LSU,Texas A&M,Trey'Dez Green,Receiver,0,0,0.0,0,0,0,0,0.0,0,2,4,8.8,0
92,A,Texas A&M,LSU,Marcel Reed,QB,25,15,115.7,1,0,3,0,0.0,0,0,0,0.0,0
92,A,Texas A&M,LSU,Marcel Reed,Rusher,0,0,0.0,0,0,0,4,31.0,0,0,0,0.0,0
92,A,Texas A&M,LSU,Rueben Owens,Rusher,0,0,0.0,0,0,0,5,28.0,0,0,0,0.0,0
92,A,Texas A&M,LSU,Amari Daniels,Rusher,0,0,0.0,0,0,0,4,21.9,0,0,0,0.0,0
92,A,Texas A&M,LSU,Le'Veon Moss,Rusher,0,0,0.0,0,0,0,14,55.8,0,0,0,0.0,0
92,A,Texas A&M,LSU,Jamarion Morrow,Rusher,0,0,0.0,0,0,0,2,6.5,1,0,0,0.0,0
92,A,Texas A&M,LSU,E.J. Smith,Rusher,0,0,0.0,0,0,0,2,12.4,0,0,0,0.0,0
92,A,Texas A&M,LSU,Kevin Concepcion,Receiver,0,0,0.0,0,0,0,0,0.0,0,5,11,45.2,1
92,A,Texas A&M,LSU,Mario Craver,Receiver,0,0,0.0,0,0,0,0,0.0,0,0,1,0.0,0
92,A,Texas A&M,LSU,Other WR,Receiver,0,0,0.0,0,0,0,0,0.0,0,2,2,8.8,0
92,A,Texas A&M,LSU,Terry Bussey,Receiver,0,0,0.0,0,0,0,0,0.0,0,1,2,9.3,0
92,A,Texas A&M,LSU,Theo Melin Ohrstrom,Receiver,0,0,0.0,0,0,0,0,0.0,0,3,3,20.8,0
92,A,Texas A&M,LSU,Ashton Bethel-Roman,Receiver,0,0,0.0,0,0,0,0,0.0,0,3,3,28.1,0
92,A,Texas A&M,LSU,Nate Boerkircher,Receiver,0,0,0.0,0,0,0,0,0.0,0,1,2,3.6,0
92,A,Texas A&M,LSU,Amari Niblack,Receiver,0,0,0.0,0,0,0,0,0.0,0,0,1,0.0,0
93,B,Texas A&M,LSU,Marcel Reed,QB,25,19,277.4,2,0,1,0,0.0,0,0,0,0.0,0
93,B,Texas A&M,LSU,Amari Daniels,Rusher,0,0,0.0,0,0,0,2,10.3,0,0,0,0.0,0
93,B,Texas A&M,LSU,Le'Veon Moss,Rusher,0,0,0.0,0,0,0,16,100.8,2,0,0,0.0,0
93,B,Texas A&M,LSU,Jamarion Morrow,Rusher,0,0,0.0,0,0,0,4,12.7,0,0,0,0.0,0
93,B,Texas A&M,LSU,E.J. Smith,Rusher,0,0,0.0,0,0,0,2,-4.0,0,0,0,0.0,0
93,B,Texas A&M,LSU,Marcel Reed,Rusher,0,0,0.0,0,0,0,10,51.6,1,0,0,0.0,0
93,B,Texas A&M,LSU,Miles O'Neill,Rusher,0,0,0.0,0,0,0,2,6.8,0,0,0,0.0,0
93,B,Texas A&M,LSU,Rueben Owens,Rusher,0,0,0.0,0,0,0,5,43.1,1,0,0,0.0,0
93,B,Texas A&M,LSU,Amari Niblack,Receiver,0,0,0.0,0,0,0,0,0.0,0,3,3,59.9,0
93,B,Texas A&M,LSU,Kevin Concepcion,Receiver,0,0,0.0,0,0,0,0,0.0,0,4,5,76.7,0
93,B,Texas A&M,LSU,Terry Bussey,Receiver,0,0,0.0,0,0,0,0,0.0,0,3,3,59.1,2
93,B,Texas A&M,LSU,Nate Boerkircher,Receiver,0,0,0.0,0,0,0,0,0.0,0,1,2,14.7,0
93,B,Texas A&M,LSU,Theo Melin Ohrstrom,Receiver,0,0,0.0,0,0,0,0,0.0,0,2,3,31.7,0
93,B,Texas A&M,LSU,Mario Craver,Receiver,0,0,0.0,0,0,0,0,0.0,0,4,5,19.3,0
93,B,Texas A&M,LSU,Ashton Bethel-Roman,Receiver,0,0,0.0,0,0,0,0,0.0,0,2,3,16.1,0
93,B,Texas A&M,LSU,Other WR,Receiver,0,0,0.0,0,0,0,0,0.0,0,0,1,0.0,0
93,B,LSU,Texas A&M,Garrett Nussmeier,QB,37,23,240.8,2,0,2,0,0.0,0,0,0,0.0,0
93,B,LSU,Texas A&M,Caden Durham,Rusher,0,0,0.0,0,0,0,8,43.8,0,0,0,0.0,0
93,B,LSU,Texas A&M,Ju'Juan Johnson,Rusher,0,0,0.0,0,0,0,5,23.9,0,0,0,0.0,0
93,B,LSU,Texas A&M,Harlem Berry,Rusher,0,0,0.0,0,0,0,2,-0.5,0,0,0,0.0,0
93,B,LSU,Texas A&M,Other RB,Rusher,0,0,0.0,0,0,0,3,14.5,1,0,0,0.0,0
93,B,LSU,Texas A&M,Other WR,Receiver,0,0,0.0,0,0,0,0,0.0,0,6,8,58.8,0
93,B,LSU,Texas A&M,Aaron Anderson,Receiver,0,0,0.0,0,0,0,0,0.0,0,4,5,80.0,0
93,B,LSU,Texas A&M,Barion Brown,Receiver,0,0,0.0,0,0,0,0,0.0,0,3,5,7.4,1
93,B,LSU,Texas A&M,Trey'Dez Green,Receiver,0,0,0.0,0,0,0,0,0.0,0,3,4,15.9,0
93,B,LSU,Texas A&M,Nic Anderson,Receiver,0,0,0.0,0,0,0,0,0.0,0,3,5,51.9,1
93,B,LSU,Texas A&M,Kyle Parker,Receiver,0,0,0.0,0,0,0,0,0.0,0,2,4,8.4,0
93,B,LSU,Texas A&M,Bauer Sharp,Receiver,0,0,0.0,0,0,0,0,0.0,0,1,2,8.0,0
93,B,LSU,Texas A&M,Chris Hilton Jr.,Receiver,0,0,0.0,0,0,0,0,0.0,0,0,2,0.0,0
93,B,LSU,Texas A&M,Zavion Thomas,Receiver,0,0,0.0,0,0,0,0,0.0,0,1,2,10.4,0
94,A,LSU,Texas A&M,Garrett Nussmeier,QB,29,17,211.1,1,0,2,0,0.0,0,0,0,0.0,0
94,A,LSU,Texas A&M,Kaleb Jackson,Rusher,0,0,0.0,0,0,0,1,-1.5,0,0,0,0.0,0
94,A,LSU,Texas A&M,Caden Durham,Rusher,0,0,0.0,0,0,0,14,41.1,1,0,0,0.0,0
94,A,LSU,Texas A&M,Harlem Berry,Rusher,0,0,0.0,0,0,0,3,12.2,0,0,0,0.0,0
94,A,LSU,Texas A&M,Ju'Juan Johnson,Rusher,0,0,0.0,0,0,0,3,13.4,0,0,0,0.0,0
94,A,LSU,Texas A&M,Other RB,Rusher,0,0,0.0,0,0,0,3,16.8,0,0,0,0.0,0
94,A,LSU,Texas A&M,Garrett Nussmeier,Rusher,0,0,0.0,0,0,0,1,-2.7,0,0,0,0.0,0
94,A,LSU,Texas A&M,Chris Hilton Jr.,Receiver,0,0,0.0,0,0,0,0,0.0,0,0,2,0.0,0
94,A,LSU,Texas A&M,Zavion Thomas,Receiver,0,0,0.0,0,0,0,0,0.0,0,2,3,21.6,0
94,A,LSU,Texas A&M,Trey'Dez Green,Receiver,0,0,0.0,0,0,0,0,0.0,0,3,3,24.2,0
94,A,LSU,Texas A&M,Barion Brown,Receiver,0,0,0.0,0,0,0,0,0.0,0,3,6,39.2,0
94,A,LSU,Texas A&M,Nic Anderson,Receiver,0,0,0.0,0,0,0,0,0.0,0,3,6,26.6,0
94,A,LSU,Texas A&M,Other WR,Receiver,0,0,0.0,0,0,0,0,0.0,0,2,2,48.4,0
94,A,LSU,Texas A&M,Aaron Anderson,Receiver,0,0,0.0,0,0,0,0,0.0,0,3,4,42.1,1
94,A,LSU,Texas A&M,Kyle Parker,Receiver,0,0,0.0,0,0,0,0,0.0,0,1,3,9.1,0
94,A,Texas A&M,LSU,Marcel Reed,QB,18,11,141.9,0,0,5,0,0.0,0,0,0,0.0,0
94,A,Texas A&M,LSU,Marcel Reed,Rusher,0,0,0.0,0,0,0,8,52.9,1,0,0,0.0,0
94,A,Texas A&M,LSU,Le'Veon Moss,Rusher,0,0,0.0,0,0,0,21,91.4,1,0,0,0.0,0
94,A,Texas A&M,LSU,Amari Daniels,Rusher,0,0,0.0,0,0,0,5,20.3,0,0,0,0.0,0
94,A,Texas A&M,LSU,Jamarion Morrow,Rusher,0,0,0.0,0,0,0,1,1.8,0,0,0,0.0,0
94,A,Texas A&M,LSU,Other RB,Rusher,0,0,0.0,0,0,0,1,11.1,0,0,0,0.0,0
94,A,Texas A&M,LSU,Rueben Owens,Rusher,0,0,0.0,0,0,0,3,8.6,0,0,0,0.0,0
94,A,Texas A&M,LSU,E.J. Smith,Rusher,0,0,0.0,0,0,0,1,6.6,0,0,0,0.0,0
94,A,Texas A&M,LSU,Theo Melin Ohrstrom,Receiver,0,0,0.0,0,0,0,0,0.0,0,2,3,45.2,0
94,A,Texas A&M,LSU,Other WR,Receiver,0,0,0.0,0,0,0,0,0.0,0,1,4,20.5,0
94,A,Texas A&M,LSU,Mario Craver,Receiver,0,0,0.0,0,0,0,0,0.0,0,4,4,54.1,0
94,A,Texas A&M,LSU,Ashton Bethel-Roman,Receiver,0,0,0.0,0,0,0,0,0.0,0,2,2,21.3,0
94,A,Texas A&M,LSU,Terry Bussey,Receiver,0,0,0.0,0,0,0,0,0.0,0,1,2,0.8,0
94,A,Texas A&M,LSU,Kevin Concepcion,Receiver,0,0,0.0,0,0,0,0,0.0,0,1,2,0.0,0
94,A,Texas A&M,LSU,Amari Niblack,Receiver,0,0,0.0,0,0,0,0,0.0,0,0,1,0.0,0
95,B,Texas A&M,LSU,Marcel Reed,QB,26,16,138.6,1,0,5,0,0.0,0,0,0,0.0,0
95,B,Texas A&M,LSU,Marcel Reed,Rusher,0,0,0.0,0,0,0,7,30.4,0,0,0,0.0,0
95,B,Texas A&M,LSU,Rueben Owens,Rusher,0,0,0.0,0,0,0,6,30.3,0,0,0,0.0,0
95,B,Texas A&M,LSU,Le'Veon Moss,Rusher,0,0,0.0,0,0,0,17,68.4,1,0,0,0.0,0
95,B,Texas A&M,LSU,Amari Daniels,Rusher,0,0,0.0,0,0,0,3,10.3,0,0,0,0.0,0
95,B,Texas A&M,LSU,Theo Melin Ohrstrom,Receiver,0,0,0.0,0,0,0,0,0.0,0,2,3,9.7,0
95,B,Texas A&M,LSU,Other WR,Receiver,0,0,0.0,0,0,0,0,0.0,0,1,5,12.4,0
95,B,Texas A&M,LSU,Nate Boerkircher,Receiver,0,0,0.0,0,0,0,0,0.0,0,0,1,0.0,0
95,B,Texas A&M,LSU,Mario Craver,Receiver,0,0,0.0,0,0,0,0,0.0,0,4,6,60.3,0
95,B,Texas A&M,LSU,Ashton Bethel-Roman,Receiver,0,0,0.0,0,0,0,0,0.0,0,1,1,16.9,0
95,B,Texas A&M,LSU,Terry Bussey,Receiver,0,0,0.0,0,0,0,0,0.0,0,4,6,21.6,1
95,B,Texas A&M,LSU,Kevin Concepcion,Receiver,0,0,0.0,0,0,0,0,0.0,0,4,4,17.6,0
95,B,LSU,Texas A&M,Garrett Nussmeier,QB,23,17,185.2,0,0,1,0,0.0,0,0,0,0.0,0
95,B,LSU,Texas A&M,Garrett Nussmeier,Rusher,0,0,0.0,0,0,0,3,14.9,1,0,0,0.0,0
95,B,LSU,Texas A&M,Caden Durham,Rusher,0,0,0.0,0,0,0,13,53.0,0,0,0,0.0,0
95,B,LSU,Texas A&M,Harlem Berry,Rusher,0,0,0.0,0,0,0,5,4.7,0,0,0,0.0,0
95,B,LSU,Texas A&M,Kaleb Jackson,Rusher,0,0,0.0,0,0,0,3,13.0,0,0,0,0.0,0
95,B,LSU,Texas A&M,Other RB,Rusher,0,0,0.0,0,0,0,4,13.4,0,0,0,0.0,0
95,B,LSU,Texas A&M,Ju'Juan Johnson,Rusher,0,0,0.0,0,0,0,2,16.1,1,0,0,0.0,0
95,B,LSU,Texas A&M,Bauer Sharp,Receiver,0,0,0.0,0,0,0,0,0.0,0,1,1,0.0,0
95,B,LSU,Texas A&M,Trey'Dez Green,Receiver,0,0,0.0,0,0,0,0,0.0,0,1,1,9.9,0
95,B,LSU,Texas A&M,Zavion Thomas,Receiver,0,0,0.0,0,0,0,0,0.0,0,3,3,44.8,0
95,B,LSU,Texas A&M,Aaron Anderson,Receiver,0,0,0.0,0,0,0,0,0.0,0,4,6,44.3,0
95,B,LSU,Texas A&M,Other WR,Receiver,0,0,0.0,0,0,0,0,0.0,0,2,3,53.5,0
95,B,LSU,Texas A&M,Kyle Parker,Receiver,0,0,0.0,0,0,0,0,0.0,0,3,4,0.0,0
95,B,LSU,Texas A&M,Barion Brown,Receiver,0,0,0.0,0,0,0,0,0.0,0,3,5,32.8,0
95,B,LSU,Texas A&M,Nic Anderson,Receiver,0,0,0.0,0,0,0,0,0.0,0,0,0,0.0,0
112,A,LSU,Texas A&M,Garrett Nussmeier,QB,25,12,162.8,0,0,3,0,0.0,0,0,0,0.0,0
112,A,LSU,Texas A&M,Ju'Juan Johnson,Rusher,0,0,0.0,0,0,0,3,4.0,0,0,0,0.0,0
112,A,LSU,Texas A&M,Caden Durham,Rusher,0,0,0.0,0,0,0,15,77.0,1,0,0,0.0,0
112,A,LSU,Texas A&M,Harlem Berry,Rusher,0,0,0.0,0,0,0,3,-4.8,0,0,0,0.0,0
112,A,LSU,Texas A&M,Kaleb Jackson,Rusher,0,0,0.0,0,0,0,2,10.4,0,0,0,0.0,0
112,A,LSU,Texas A&M,Other RB,Rusher,0,0,0.0,0,0,0,2,-1.3,0,0,0,0.0,0
112,A,LSU,Texas A&M,Garrett Nussmeier,Rusher,0,0,0.0,0,0,0,3,23.5,0,0,0,0.0,0
112,A,LSU,Texas A&M,Aaron Anderson,Receiver,0,0,0.0,0,0,0,0,0.0,0,4,6,61.5,0
112,A,LSU,Texas A&M,Nic Anderson,Receiver,0,0,0.0,0,0,0,0,0.0,0,1,3,1.4,0
112,A,LSU,Texas A&M,Barion Brown,Receiver,0,0,0.0,0,0,0,0,0.0,0,2,4,41.0,0
112,A,LSU,Texas A&M,Zavion Thomas,Receiver,0,0,0.0,0,0,0,0,0.0,0,1,3,6.1,0
112,A,LSU,Texas A&M,Other WR,Receiver,0,0,0.0,0,0,0,0,0.0,0,1,2,36.1,0
112,A,LSU,Texas A&M,Kyle Parker,Receiver,0,0,0.0,0,0,0,0,0.0,0,1,2,0.0,0
112,A,LSU,Texas A&M,Bauer Sharp,Receiver,0,0,0.0,0,0,0,0,0.0,0,0,1,0.0,0
112,A,LSU,Texas A&M,Chris Hilton Jr.,Receiver,0,0,0.0,0,0,0,0,0.0,0,1,2,2.1,0
112,A,LSU,Texas A&M,Trey'Dez Green,Receiver,0,0,0.0,0,0,0,0,0.0,0,1,2,14.5,0
112,A,Texas A&M,LSU,Marcel Reed,QB,31,18,206.8,2,0,7,0,0.0,0,0,0,0.0,0
112,A,Texas A&M,LSU,Le'Veon Moss,Rusher,0,0,0.0,0,0,0,17,74.6,1,0,0,0.0,0
112,A,Texas A&M,LSU,Marcel Reed,Rusher,0,0,0.0,0,0,0,8,16.7,0,0,0,0.0,0
112,A,Texas A&M,LSU,Rueben Owens,Rusher,0,0,0.0,0,0,0,2,10.6,0,0,0,0.0,0
112,A,Texas A&M,LSU,Amari Daniels,Rusher,0,0,0.0,0,0,0,2,12.0,0,0,0,0.0,0
112,A,Texas A&M,LSU,Miles O'Neill,Rusher,0,0,0.0,0,0,0,1,6.9,0,0,0,0.0,0
112,A,Texas A&M,LSU,Ashton Bethel-Roman,Receiver,0,0,0.0,0,0,0,0,0.0,0,2,3,35.2,0
112,A,Texas A&M,LSU,Terry Bussey,Receiver,0,0,0.0,0,0,0,0,0.0,0,2,5,2.3,0
112,A,Texas A&M,LSU,Mario Craver,Receiver,0,0,0.0,0,0,0,0,0.0,0,8,11,112.3,2
112,A,Texas A&M,LSU,Other WR,Receiver,0,0,0.0,0,0,0,0,0.0,0,2,4,23.2,0
112,A,Texas A&M,LSU,Theo Melin Ohrstrom,Receiver,0,0,0.0,0,0,0,0,0.0,0,2,3,15.2,0
112,A,Texas A&M,LSU,Nate Boerkircher,Receiver,0,0,0.0,0,0,0,0,0.0,0,0,0,0.0,0
112,A,Texas A&M,LSU,Kevin Concepcion,Receiver,0,0,0.0,0,0,0,0,0.0,0,2,5,18.6,0
113,B,Texas A&M,LSU,Marcel Reed,QB,21,14,177.2,3,0,7,0,0.0,0,0,0,0.0,0
113,B,Texas A&M,LSU,Amari Daniels,Rusher,0,0,0.0,0,0,0,6,49.6,0,0,0,0.0,0
113,B,Texas A&M,LSU,Le'Veon Moss,Rusher,0,0,0.0,0,0,0,11,59.8,0,0,0,0.0,0
113,B,Texas A&M,LSU,Marcel Reed,Rusher,0,0,0.0,0,0,0,8,25.1,0,0,0,0.0,0
113,B,Texas A&M,LSU,Miles O'Neill,Rusher,0,0,0.0,0,0,0,1,-0.9,0,0,0,0.0,0
113,B,Texas A&M,LSU,Jamarion Morrow,Rusher,0,0,0.0,0,0,0,2,0.6,0,0,0,0.0,0
113,B,Texas A&M,LSU,Rueben Owens,Rusher,0,0,0.0,0,0,0,1,3.8,0,0,0,0.0,0
113,B,Texas A&M,LSU,E.J. Smith,Rusher,0,0,0.0,0,0,0,1,-4.0,0,0,0,0.0,0
113,B,Texas A&M,LSU,Theo Melin Ohrstrom,Receiver,0,0,0.0,0,0,0,0,0.0,0,2,3,6.5,0
113,B,Texas A&M,LSU,Mario Craver,Receiver,0,0,0.0,0,0,0,0,0.0,0,2,3,26.7,1
113,B,Texas A&M,LSU,Other WR,Receiver,0,0,0.0,0,0,0,0,0.0,0,4,7,61.2,0
113,B,Texas A&M,LSU,Kevin Concepcion,Receiver,0,0,0.0,0,0,0,0,0.0,0,1,2,0.0,0
113,B,Texas A&M,LSU,Terry Bussey,Receiver,0,0,0.0,0,0,0,0,0.0,0,2,3,28.5,1
113,B,Texas A&M,LSU,Ashton Bethel-Roman,Receiver,0,0,0.0,0,0,0,0,0.0,0,3,3,54.2,1
113,B,Texas A&M,LSU,Amari Niblack,Receiver,0,0,0.0,0,0,0,0,0.0,0,0,0,0.0,0
113,B,LSU,Texas A&M,Garrett Nussmeier,QB,19,12,133.7,0,0,2,0,0.0,0,0,0,0.0,0
113,B,LSU,Texas A&M,Caden Durham,Rusher,0,0,0.0,0,0,0,17,80.0,1,0,0,0.0,0
113,B,LSU,Texas A&M,Other RB,Rusher,0,0,0.0,0,0,0,5,26.2,0,0,0,0.0,0
113,B,LSU,Texas A&M,Kaleb Jackson,Rusher,0,0,0.0,0,0,0,2,22.3,0,0,0,0.0,0
113,B,LSU,Texas A&M,Garrett Nussmeier,Rusher,0,0,0.0,0,0,0,4,24.0,1,0,0,0.0,0
113,B,LSU,Texas A&M,Ju'Juan Johnson,Rusher,0,0,0.0,0,0,0,3,20.3,0,0,0,0.0,0
113,B,LSU,Texas A&M,Harlem Berry,Rusher,0,0,0.0,0,0,0,4,21.9,1,0,0,0.0,0
113,B,LSU,Texas A&M,Barion Brown,Receiver,0,0,0.0,0,0,0,0,0.0,0,3,5,42.1,0
113,B,LSU,Texas A&M,Trey'Dez Green,Receiver,0,0,0.0,0,0,0,0,0.0,0,3,4,23.9,0
113,B,LSU,Texas A&M,Zavion Thomas,Receiver,0,0,0.0,0,0,0,0,0.0,0,3,3,42.7,0
113,B,LSU,Texas A&M,Nic Anderson,Receiver,0,0,0.0,0,0,0,0,0.0,0,1,1,12.0,0
113,B,LSU,Texas A&M,Aaron Anderson,Receiver,0,0,0.0,0,0,0,0,0.0,0,1,2,8.4,0
113,B,LSU,Texas A&M,Bauer Sharp,Receiver,0,0,0.0,0,0,0,0,0.0,0,0,2,0.0,0
113,B,LSU,Texas A&M,Chris Hilton Jr.,Receiver,0,0,0.0,0,0,0,0,0.0,0,1,1,4.6,0
113,B,LSU,Texas A&M,Other WR,Receiver,0,0,0.0,0,0,0,0,0.0,0,0,1,0.0,0
114,A,LSU,Texas A&M,Garrett Nussmeier,QB,32,16,160.5,3,0,2,0,0.0,0,0,0,0.0,0
114,A,LSU,Texas A&M,Harlem Berry,Rusher,0,0,0.0,0,0,0,2,5.5,0,0,0,0.0,0
114,A,LSU,Texas A&M,Caden Durham,Rusher,0,0,0.0,0,0,0,17,69.7,1,0,0,0.0,0
114,A,LSU,Texas A&M,Ju'Juan Johnson,Rusher,0,0,0.0,0,0,0,8,23.6,0,0,0,0.0,0
114,A,LSU,Texas A&M,Kaleb Jackson,Rusher,0,0,0.0,0,0,0,2,-2.6,0,0,0,0.0,0
114,A,LSU,Texas A&M,Garrett Nussmeier,Rusher,0,0,0.0,0,0,0,2,5.2,0,0,0,0.0,0
114,A,LSU,Texas A&M,Barion Brown,Receiver,0,0,0.0,0,0,0,0,0.0,0,4,10,60.3,0
114,A,LSU,Texas A&M,Aaron Anderson,Receiver,0,0,0.0,0,0,0,0,0.0,0,5,10,48.4,2
114,A,LSU,Texas A&M,Chris Hilton Jr.,Receiver,0,0,0.0,0,0,0,0,0.0,0,0,1,0.0,0
114,A,LSU,Texas A&M,Bauer Sharp,Receiver,0,0,0.0,0,0,0,0,0.0,0,1,2,14.6,0
114,A,LSU,Texas A&M,Trey'Dez Green,Receiver,0,0,0.0,0,0,0,0,0.0,0,2,2,16.1,0
114,A,LSU,Texas A&M,Nic Anderson,Receiver,0,0,0.0,0,0,0,0,0.0,0,1,2,12.1,1
114,A,LSU,Texas A&M,Zavion Thomas,Receiver,0,0,0.0,0,0,0,0,0.0,0,3,4,9.0,0
114,A,LSU,Texas A&M,Other WR,Receiver,0,0,0.0,0,0,0,0,0.0,0,0,1,0.0,0
114,A,Texas A&M,LSU,Marcel Reed,QB,24,15,127.0,1,0,7,0,0.0,0,0,0,0.0,0
114,A,Texas A&M,LSU,Jamarion Morrow,Rusher,0,0,0.0,0,0,0,1,9.9,0,0,0,0.0,0
114,A,Texas A&M,LSU,Le'Veon Moss,Rusher,0,0,0.0,0,0,0,12,52.8,1,0,0,0.0,0
114,A,Texas A&M,LSU,Rueben Owens,Rusher,0,0,0.0,0,0,0,3,2.3,0,0,0,0.0,0
114,A,Texas A&M,LSU,Marcel Reed,Rusher,0,0,0.0,0,0,0,7,23.0,0,0,0,0.0,0
114,A,Texas A&M,LSU,Amari Daniels,Rusher,0,0,0.0,0,0,0,8,17.8,0,0,0,0.0,0
114,A,Texas A&M,LSU,Miles O'Neill,Rusher,0,0,0.0,0,0,0,1,10.2,0,0,0,0.0,0
114,A,Texas A&M,LSU,Other WR,Receiver,0,0,0.0,0,0,0,0,0.0,0,5,6,52.9,0
114,A,Texas A&M,LSU,Mario Craver,Receiver,0,0,0.0,0,0,0,0,0.0,0,3,5,20.2,1
114,A,Texas A&M,LSU,Kevin Concepcion,Receiver,0,0,0.0,0,0,0,0,0.0,0,2,3,11.9,0
114,A,Texas A&M,LSU,Ashton Bethel-Roman,Receiver,0,0,0.0,0,0,0,0,0.0,0,2,5,8.0,0
114,A,Texas A&M,LSU,Terry Bussey,Receiver,0,0,0.0,0,0,0,0,0.0,0,1,1,25.1,0
114,A,Texas A&M,LSU,Theo Melin Ohrstrom,Receiver,0,0,0.0,0,0,0,0,0.0,0,2,2,8.8,0
114,A,Texas A&M,LSU,Nate Boerkircher,Receiver,0,0,0.0,0,0,0,0,0.0,0,0,2,0.0,0
115,B,Texas A&M,LSU,Marcel Reed,QB,24,17,133.3,1,0,2,0,0.0,0,0,0,0.0,0
115,B,Texas A&M,LSU,Jamarion Morrow,Rusher,0,0,0.0,0,0,0,2,4.9,0,0,0,0.0,0
115,B,Texas A&M,LSU,Amari Daniels,Rusher,0,0,0.0,0,0,0,6,6.4,0,0,0,0.0,0
115,B,Texas A&M,LSU,Le'Veon Moss,Rusher,0,0,0.0,0,0,0,15,57.4,1,0,0,0.0,0
115,B,Texas A&M,LSU,Miles O'Neill,Rusher,0,0,0.0,0,0,0,1,5.5,0,0,0,0.0,0
115,B,Texas A&M,LSU,Marcel Reed,Rusher,0,0,0.0,0,0,0,6,12.9,0,0,0,0.0,0
115,B,Texas A&M,LSU,Rueben Owens,Rusher,0,0,0.0,0,0,0,6,33.2,0,0,0,0.0,0
115,B,Texas A&M,LSU,E.J. Smith,Rusher,0,0,0.0,0,0,0,4,21.2,0,0,0,0.0,0
115,B,Texas A&M,LSU,Other WR,Receiver,0,0,0.0,0,0,0,0,0.0,0,7,9,54.4,0
115,B,Texas A&M,LSU,Kevin Concepcion,Receiver,0,0,0.0,0,0,0,0,0.0,0,3,6,15.4,0
115,B,Texas A&M,LSU,Mario Craver,Receiver,0,0,0.0,0,0,0,0,0.0,0,1,2,0.0,0
115,B,Texas A&M,LSU,Nate Boerkircher,Receiver,0,0,0.0,0,0,0,0,0.0,0,1,1,16.8,0
115,B,Texas A&M,LSU,Terry Bussey,Receiver,0,0,0.0,0,0,0,0,0.0,0,1,2,8.2,1
115,B,Texas A&M,LSU,Ashton Bethel-Roman,Receiver,0,0,0.0,0,0,0,0,0.0,0,2,2,24.3,0
115,B,Texas A&M,LSU,Theo Melin Ohrstrom,Receiver,0,0,0.0,0,0,0,0,0.0,0,2,2,14.2,0
115,B,LSU,Texas A&M,Garrett Nussmeier,QB,18,11,69.7,0,0,1,0,0.0,0,0,0,0.0,0
115,B,LSU,Texas A&M,Caden Durham,Rusher,0,0,0.0,0,0,0,19,45.6,0,0,0,0.0,0
115,B,LSU,Texas A&M,Other RB,Rusher,0,0,0.0,0,0,0,4,15.0,0,0,0,0.0,0
115,B,LSU,Texas A&M,Garrett Nussmeier,Rusher,0,0,0.0,0,0,0,2,25.1,1,0,0,0.0,0
115,B,LSU,Texas A&M,Harlem Berry,Rusher,0,0,0.0,0,0,0,3,31.4,0,0,0,0.0,0
115,B,LSU,Texas A&M,Ju'Juan Johnson,Rusher,0,0,0.0,0,0,0,4,21.6,0,0,0,0.0,0
115,B,LSU,Texas A&M,Other WR,Receiver,0,0,0.0,0,0,0,0,0.0,0,0,3,0.0,0
115,B,LSU,Texas A&M,Zavion Thomas,Receiver,0,0,0.0,0,0,0,0,0.0,0,1,2,1.3,0
115,B,LSU,Texas A&M,Barion Brown,Receiver,0,0,0.0,0,0,0,0,0.0,0,3,3,20.8,0
115,B,LSU,Texas A&M,Kyle Parker,Receiver,0,0,0.0,0,0,0,0,0.0,0,3,4,9.0,0
115,B,LSU,Texas A&M,Aaron Anderson,Receiver,0,0,0.0,0,0,0,0,0.0,0,3,3,37.5,0
115,B,LSU,Texas A&M,Chris Hilton Jr.,Receiver,0,0,0.0,0,0,0,0,0.0,0,0,1,0.0,0
115,B,LSU,Texas A&M,Bauer Sharp,Receiver,0,0,0.0,0,0,0,0,0.0,0,0,1,0.0,0
115,B,LSU,Texas A&M,Nic Anderson,Receiver,0,0,0.0,0,0,0,0,0.0,0,1,1,1.1,0
116,A,LSU,Texas A&M,Garrett Nussmeier,QB,35,21,204.9,1,0,2,0,0.0,0,0,0,0.0,0
116,A,LSU,Texas A&M,Ju'Juan Johnson,Rusher,0,0,0.0,0,0,0,4,18.5,0,0,0,0.0,0
116,A,LSU,Texas A&M,Other RB,Rusher,0,0,0.0,0,0,0,5,16.9,0,0,0,0.0,0
116,A,LSU,Texas A&M,Caden Durham,Rusher,0,0,0.0,0,0,0,17,86.3,0,0,0,0.0,0
116,A,LSU,Texas A&M,Garrett Nussmeier,Rusher,0,0,0.0,0,0,0,1,1.9,0,0,0,0.0,0
116,A,LSU,Texas A&M,Harlem Berry,Rusher,0,0,0.0,0,0,0,3,6.7,0,0,0,0.0,0
116,A,LSU,Texas A&M,Kaleb Jackson,Rusher,0,0,0.0,0,0,0,3,5.9,0,0,0,0.0,0
116,A,LSU,Texas A&M,Barion Brown,Receiver,0,0,0.0,0,0,0,0,0.0,0,5,5,59.2,1
116,A,LSU,Texas A&M,Trey'Dez Green,Receiver,0,0,0.0,0,0,0,0,0.0,0,1,6,11.7,0
116,A,LSU,Texas A&M,Nic Anderson,Receiver,0,0,0.0,0,0,0,0,0.0,0,2,4,17.5,0
116,A,LSU,Texas A&M,Aaron Anderson,Receiver,0,0,0.0,0,0,0,0,0.0,0,5,8,40.5,0
116,A,LSU,Texas A&M,Zavion Thomas,Receiver,0,0,0.0,0,0,0,0,0.0,0,0,4,0.0,0
116,A,LSU,Texas A&M,Kyle Parker,Receiver,0,0,0.0,0,0,0,0,0.0,0,3,3,37.2,0
116,A,LSU,Texas A&M,Chris Hilton Jr.,Receiver,0,0,0.0,0,0,0,0,0.0,0,3,3,20.6,0
116,A,LSU,Texas A&M,Bauer Sharp,Receiver,0,0,0.0,0,0,0,0,0.0,0,2,2,18.2,0
116,A,Texas A&M,LSU,Marcel Reed,QB,16,13,158.8,2,0,1,0,0.0,0,0,0,0.0,0
116,A,Texas A&M,LSU,Le'Veon Moss,Rusher,0,0,0.0,0,0,0,11,51.0,0,0,0,0.0,0
116,A,Texas A&M,LSU,Rueben Owens,Rusher,0,0,0.0,0,0,0,6,27.6,0,0,0,0.0,0
116,A,Texas A&M,LSU,Marcel Reed,Rusher,0,0,0.0,0,0,0,7,16.9,0,0,0,0.0,0
116,A,Texas A&M,LSU,Miles O'Neill,Rusher,0,0,0.0,0,0,0,1,-1.3,0,0,0,0.0,0
116,A,Texas A&M,LSU,Amari Daniels,Rusher,0,0,0.0,0,0,0,3,-7.0,0,0,0,0.0,0
116,A,Texas A&M,LSU,Jamarion Morrow,Rusher,0,0,0.0,0,0,0,1,7.4,0,0,0,0.0,0
116,A,Texas A&M,LSU,Other WR,Receiver,0,0,0.0,0,0,0,0,0.0,0,4,4,91.4,0
116,A,Texas A&M,LSU,Kevin Concepcion,Receiver,0,0,0.0,0,0,0,0,0.0,0,1,2,0.0,0
116,A,Texas A&M,LSU,Ashton Bethel-Roman,Receiver,0,0,0.0,0,0,0,0,0.0,0,1,1,9.6,0
116,A,Texas A&M,LSU,Mario Craver,Receiver,0,0,0.0,0,0,0,0,0.0,0,3,4,26.0,1
116,A,Texas A&M,LSU,Theo Melin Ohrstrom,Receiver,0,0,0.0,0,0,0,0,0.0,0,1,1,7.3,0
116,A,Texas A&M,LSU,Amari Niblack,Receiver,0,0,0.0,0,0,0,0,0.0,0,1,1,0.0,0
116,A,Texas A&M,LSU,Terry Bussey,Receiver,0,0,0.0,0,0,0,0,0.0,0,2,3,24.5,1
117,B,Texas A&M,LSU,Marcel Reed,QB,23,17,149.8,0,0,5,0,0.0,0,0,0,0.0,0
117,B,Texas A&M,LSU,Rueben Owens,Rusher,0,0,0.0,0,0,0,4,43.6,1,0,0,0.0,0
117,B,Texas A&M,LSU,Miles O'Neill,Rusher,0,0,0.0,0,0,0,1,20.8,1,0,0,0.0,0
117,B,Texas A&M,LSU,Le'Veon Moss,Rusher,0,0,0.0,0,0,0,9,40.2,0,0,0,0.0,0
117,B,Texas A&M,LSU,Marcel Reed,Rusher,0,0,0.0,0,0,0,7,-0.0,0,0,0,0.0,0
117,B,Texas A&M,LSU,Amari Daniels,Rusher,0,0,0.0,0,0,0,3,34.5,0,0,0,0.0,0
117,B,Texas A&M,LSU,E.J. Smith,Rusher,0,0,0.0,0,0,0,1,-4.0,0,0,0,0.0,0
117,B,Texas A&M,LSU,Other WR,Receiver,0,0,0.0,0,0,0,0,0.0,0,3,3,9.7,0
117,B,Texas A&M,LSU,Mario Craver,Receiver,0,0,0.0,0,0,0,0,0.0,0,4,6,61.5,0
117,B,Texas A&M,LSU,Kevin Concepcion,Receiver,0,0,0.0,0,0,0,0,0.0,0,4,5,14.7,0
117,B,Texas A&M,LSU,Theo Melin Ohrstrom,Receiver,0,0,0.0,0,0,0,0,0.0,0,2,3,23.0,0
117,B,Texas A&M,LSU,Amari Niblack,Receiver,0,0,0.0,0,0,0,0,0.0,0,1,1,18.9,0
117,B,Texas A&M,LSU,Ashton Bethel-Roman,Receiver,0,0,0.0,0,0,0,0,0.0,0,1,2,3.4,0
117,B,Texas A&M,LSU,Terry Bussey,Receiver,0,0,0.0,0,0,0,0,0.0,0,1,2,11.4,0
117,B,Texas A&M,LSU,Nate Boerkircher,Receiver,0,0,0.0,0,0,0,0,0.0,0,1,1,7.2,0
117,B,LSU,Texas A&M,Garrett Nussmeier,QB,19,14,182.5,1,0,1,0,0.0,0,0,0,0.0,0
117,B,LSU,Texas A&M,Ju'Juan Johnson,Rusher,0,0,0.0,0,0,0,11,65.4,1,0,0,0.0,0
117,B,LSU,Texas A&M,Caden Durham,Rusher,0,0,0.0,0,0,0,17,101.3,2,0,0,0.0,0
117,B,LSU,Texas A&M,Other RB,Rusher,0,0,0.0,0,0,0,7,43.5,1,0,0,0.0,0
117,B,LSU,Texas A&M,Harlem Berry,Rusher,0,0,0.0,0,0,0,4,20.0,0,0,0,0.0,0
117,B,LSU,Texas A&M,Garrett Nussmeier,Rusher,0,0,0.0,0,0,0,1,4.7,0,0,0,0.0,0
117,B,LSU,Texas A&M,Zavion Thomas,Receiver,0,0,0.0,0,0,0,0,0.0,0,4,6,33.1,0
117,B,LSU,Texas A&M,Nic Anderson,Receiver,0,0,0.0,0,0,0,0,0.0,0,1,1,13.0,0
117,B,LSU,Texas A&M,Aaron Anderson,Receiver,0,0,0.0,0,0,0,0,0.0,0,2,2,26.1,0
117,B,LSU,Texas A&M,Barion Brown,Receiver,0,0,0.0,0,0,0,0,0.0,0,2,2,31.7,0
117,B,LSU,Texas A&M,Trey'Dez Green,Receiver,0,0,0.0,0,0,0,0,0.0,0,3,4,44.0,1
117,B,LSU,Texas A&M,Other WR,Receiver,0,0,0.0,0,0,0,0,0.0,0,1,1,16.9,0
117,B,LSU,Texas A&M,Chris Hilton Jr.,Receiver,0,0,0.0,0,0,0,0,0.0,0,0,1,0.0,0
117,B,LSU,Texas A&M,Kyle Parker,Receiver,0,0,0.0,0,0,0,0,0.0,0,1,2,17.9,0
118,A,LSU,Texas A&M,Garrett Nussmeier,QB,29,22,263.6,1,0,4,0,0.0,0,0,0,0.0,0
118,A,LSU,Texas A&M,Caden Durham,Rusher,0,0,0.0,0,0,0,17,74.1,2,0,0,0.0,0
118,A,LSU,Texas A&M,Harlem Berry,Rusher,0,0,0.0,0,0,0,5,35.3,1,0,0,0.0,0
118,A,LSU,Texas A&M,Ju'Juan Johnson,Rusher,0,0,0.0,0,0,0,3,6.0,0,0,0,0.0,0
118,A,LSU,Texas A&M,Other RB,Rusher,0,0,0.0,0,0,0,4,21.1,0,0,0,0.0,0
118,A,LSU,Texas A&M,Kaleb Jackson,Rusher,0,0,0.0,0,0,0,1,8.4,0,0,0,0.0,0
118,A,LSU,Texas A&M,Garrett Nussmeier,Rusher,0,0,0.0,0,0,0,2,12.9,0,0,0,0.0,0
118,A,LSU,Texas A&M,Aaron Anderson,Receiver,0,0,0.0,0,0,0,0,0.0,0,6,6,70.0,1
118,A,LSU,Texas A&M,Other WR,Receiver,0,0,0.0,0,0,0,0,0.0,0,1,3,26.1,0
118,A,LSU,Texas A&M,Bauer Sharp,Receiver,0,0,0.0,0,0,0,0,0.0,0,4,4,47.9,0
118,A,LSU,Texas A&M,Nic Anderson,Receiver,0,0,0.0,0,0,0,0,0.0,0,2,3,12.5,0
118,A,LSU,Texas A&M,Trey'Dez Green,Receiver,0,0,0.0,0,0,0,0,0.0,0,1,3,29.5,0
118,A,LSU,Texas A&M,Chris Hilton Jr.,Receiver,0,0,0.0,0,0,0,0,0.0,0,3,3,27.2,0
118,A,LSU,Texas A&M,Kyle Parker,Receiver,0,0,0.0,0,0,0,0,0.0,0,1,1,0.0,0
118,A,LSU,Texas A&M,Zavion Thomas,Receiver,0,0,0.0,0,0,0,0,0.0,0,2,4,1.6,0
118,A,LSU,Texas A&M,Barion Brown,Receiver,0,0,0.0,0,0,0,0,0.0,0,2,2,48.6,0
118,A,Texas A&M,LSU,Marcel Reed,QB,28,17,224.2,1,0,1,0,0.0,0,0,0,0.0,0
118,A,Texas A&M,LSU,Marcel Reed,Rusher,0,0,0.0,0,0,0,7,35.8,1,0,0,0.0,0
118,A,Texas A&M,LSU,Rueben Owens,Rusher,0,0,0.0,0,0,0,2,12.1,0,0,0,0.0,0
118,A,Texas A&M,LSU,Le'Veon Moss,Rusher,0,0,0.0,0,0,0,12,64.4,1,0,0,0.0,0
118,A,Texas A&M,LSU,Amari Daniels,Rusher,0,0,0.0,0,0,0,6,34.9,1,0,0,0.0,0
118,A,Texas A&M,LSU,E.J. Smith,Rusher,0,0,0.0,0,0,0,2,-5.7,0,0,0,0.0,0
118,A,Texas A&M,LSU,Kevin Concepcion,Receiver,0,0,0.0,0,0,0,0,0.0,0,6,7,65.6,0
118,A,Texas A&M,LSU,Mario Craver,Receiver,0,0,0.0,0,0,0,0,0.0,0,2,7,32.8,1
118,A,Texas A&M,LSU,Ashton Bethel-Roman,Receiver,0,0,0.0,0,0,0,0,0.0,0,4,4,44.0,0
118,A,Texas A&M,LSU,Amari Niblack,Receiver,0,0,0.0,0,0,0,0,0.0,0,1,1,14.2,0
118,A,Texas A&M,LSU,Theo Melin Ohrstrom,Receiver,0,0,0.0,0,0,0,0,0.0,0,1,3,20.9,0
118,A,Texas A&M,LSU,Terry Bussey,Receiver,0,0,0.0,0,0,0,0,0.0,0,2,3,28.9,0
118,A,Texas A&M,LSU,Other WR,Receiver,0,0,0.0,0,0,0,0,0.0,0,1,3,17.8,0
119,B,Texas A&M,LSU,Marcel Reed,QB,27,20,231.0,2,0,2,0,0.0,0,0,0,0.0,0
119,B,Texas A&M,LSU,Miles O'Neill,Rusher,0,0,0.0,0,0,0,2,17.6,0,0,0,0.0,0
119,B,Texas A&M,LSU,Le'Veon Moss,Rusher,0,0,0.0,0,0,0,13,27.1,1,0,0,0.0,0
119,B,Texas A&M,LSU,Marcel Reed,Rusher,0,0,0.0,0,0,0,5,24.6,0,0,0,0.0,0
119,B,Texas A&M,LSU,E.J. Smith,Rusher,0,0,0.0,0,0,0,4,28.2,0,0,0,0.0,0
119,B,Texas A&M,LSU,Jamarion Morrow,Rusher,0,0,0.0,0,0,0,1,8.7,0,0,0,0.0,0
119,B,Texas A&M,LSU,Rueben Owens,Rusher,0,0,0.0,0,0,0,4,32.5,0,0,0,0.0,0
119,B,Texas A&M,LSU,Amari Daniels,Rusher,0,0,0.0,0,0,0,4,19.9,1,0,0,0.0,0
119,B,Texas A&M,LSU,Other WR,Receiver,0,0,0.0,0,0,0,0,0.0,0,2,3,24.3,0
119,B,Texas A&M,LSU,Kevin Concepcion,Receiver,0,0,0.0,0,0,0,0,0.0,0,8,8,107.9,1
119,B,Texas A&M,LSU,Theo Melin Ohrstrom,Receiver,0,0,0.0,0,0,0,0,0.0,0,1,4,5.6,0
119,B,Texas A&M,LSU,Amari Niblack,Receiver,0,0,0.0,0,0,0,0,0.0,0,2,2,21.5,1
119,B,Texas A&M,LSU,Terry Bussey,Receiver,0,0,0.0,0,0,0,0,0.0,0,2,4,41.0,0
119,B,Texas A&M,LSU,Mario Craver,Receiver,0,0,0.0,0,0,0,0,0.0,0,4,4,30.7,0
119,B,Texas A&M,LSU,Nate Boerkircher,Receiver,0,0,0.0,0,0,0,0,0.0,0,0,1,0.0,0
119,B,Texas A&M,LSU,Ashton Bethel-Roman,Receiver,0,0,0.0,0,0,0,0,0.0,0,1,1,0.0,0
119,B,LSU,Texas A&M,Garrett Nussmeier,QB,31,17,205.1,1,0,3,0,0.0,0,0,0,0.0,0
119,B,LSU,Texas A&M,Caden Durham,Rusher,0,0,0.0,0,0,0,11,47.2,0,0,0,0.0,0
119,B,LSU,Texas A&M,Ju'Juan Johnson,Rusher,0,0,0.0,0,0,0,4,20.2,1,0,0,0.0,0
119,B,LSU,Texas A&M,Harlem Berry,Rusher,0,0,0.0,0,0,0,7,33.8,0,0,0,0.0,0
119,B,LSU,Texas A&M,Kaleb Jackson,Rusher,0,0,0.0,0,0,0,3,10.9,0,0,0,0.0,0
119,B,LSU,Texas A&M,Other RB,Rusher,0,0,0.0,0,0,0,1,13.3,0,0,0,0.0,0
119,B,LSU,Texas A&M,Nic Anderson,Receiver,0,0,0.0,0,0,0,0,0.0,0,0,1,0.0,0
119,B,LSU,Texas A&M,Zavion Thomas,Receiver,0,0,0.0,0,0,0,0,0.0,0,1,2,4.6,0
119,B,LSU,Texas A&M,Trey'Dez Green,Receiver,0,0,0.0,0,0,0,0,0.0,0,2,4,43.1,1
119,B,LSU,Texas A&M,Chris Hilton Jr.,Receiver,0,0,0.0,0,0,0,0,0.0,0,3,5,31.3,0
119,B,LSU,Texas A&M,Barion Brown,Receiver,0,0,0.0,0,0,0,0,0.0,0,4,7,22.2,0
119,B,LSU,Texas A&M,Aaron Anderson,Receiver,0,0,0.0,0,0,0,0,0.0,0,2,5,24.4,0
119,B,LSU,Texas A&M,Bauer Sharp,Receiver,0,0,0.0,0,0,0,0,0.0,0,0,1,0.0,0
119,B,LSU,Texas A&M,Kyle Parker,Receiver,0,0,0.0,0,0,0,0,0.0,0,3,4,31.3,0
119,B,LSU,Texas A&M,Other WR,Receiver,0,0,0.0,0,0,0,0,0.0,0,2,2,48.3,0
120,A,LSU,Texas A&M,Garrett Nussmeier,QB,38,17,185.0,1,0,2,0,0.0,0,0,0,0.0,0
120,A,LSU,Texas A&M,Other RB,Rusher,0,0,0.0,0,0,0,7,37.6,0,0,0,0.0,0
120,A,LSU,Texas A&M,Harlem Berry,Rusher,0,0,0.0,0,0,0,4,18.7,0,0,0,0.0,0
120,A,LSU,Texas A&M,Caden Durham,Rusher,0,0,0.0,0,0,0,12,21.8,0,0,0,0.0,0
120,A,LSU,Texas A&M,Garrett Nussmeier,Rusher,0,0,0.0,0,0,0,2,5.3,0,0,0,0.0,0
120,A,LSU,Texas A&M,Kaleb Jackson,Rusher,0,0,0.0,0,0,0,2,22.6,1,0,0,0.0,0
120,A,LSU,Texas A&M,Ju'Juan Johnson,Rusher,0,0,0.0,0,0,0,1,2.6,0,0,0,0.0,0
120,A,LSU,Texas A&M,Trey'Dez Green,Receiver,0,0,0.0,0,0,0,0,0.0,0,1,3,13.6,0
120,A,LSU,Texas A&M,Chris Hilton Jr.,Receiver,0,0,0.0,0,0,0,0,0.0,0,2,2,18.4,0
120,A,LSU,Texas A&M,Barion Brown,Receiver,0,0,0.0,0,0,0,0,0.0,0,1,8,3.5,0
120,A,LSU,Texas A&M,Zavion Thomas,Receiver,0,0,0.0,0,0,0,0,0.0,0,5,6,48.7,0
120,A,LSU,Texas A&M,Bauer Sharp,Receiver,0,0,0.0,0,0,0,0,0.0,0,3,6,25.5,1
120,A,LSU,Texas A&M,Other WR,Receiver,0,0,0.0,0,0,0,0,0.0,0,2,5,47.2,0
120,A,LSU,Texas A&M,Nic Anderson,Receiver,0,0,0.0,0,0,0,0,0.0,0,1,3,6.7,0
120,A,LSU,Texas A&M,Aaron Anderson,Receiver,0,0,0.0,0,0,0,0,0.0,0,0,3,0.0,0
120,A,LSU,Texas A&M,Kyle Parker,Receiver,0,0,0.0,0,0,0,0,0.0,0,2,2,21.5,0
120,A,Texas A&M,LSU,Marcel Reed,QB,24,13,142.6,1,0,3,0,0.0,0,0,0,0.0,0
120,A,Texas A&M,LSU,Marcel Reed,Rusher,0,0,0.0,0,0,0,10,49.7,0,0,0,0.0,0
120,A,Texas A&M,LSU,Le'Veon Moss,Rusher,0,0,0.0,0,0,0,12,82.4,1,0,0,0.0,0
120,A,Texas A&M,LSU,Rueben Owens,Rusher,0,0,0.0,0,0,0,4,25.8,1,0,0,0.0,0
120,A,Texas A&M,LSU,E.J. Smith,Rusher,0,0,0.0,0,0,0,2,15.3,0,0,0,0.0,0
120,A,Texas A&M,LSU,Amari Daniels,Rusher,0,0,0.0,0,0,0,4,32.1,1,0,0,0.0,0
120,A,Texas A&M,LSU,Jamarion Morrow,Rusher,0,0,0.0,0,0,0,1,5.7,0,0,0,0.0,0
120,A,Texas A&M,LSU,Mario Craver,Receiver,0,0,0.0,0,0,0,0,0.0,0,5,8,44.9,1
120,A,Texas A&M,LSU,Ashton Bethel-Roman,Receiver,0,0,0.0,0,0,0,0,0.0,0,1,2,34.9,0
120,A,Texas A&M,LSU,Kevin Concepcion,Receiver,0,0,0.0,0,0,0,0,0.0,0,2,7,23.3,0
120,A,Texas A&M,LSU,Nate Boerkircher,Receiver,0,0,0.0,0,0,0,0,0.0,0,2,3,14.6,0
120,A,Texas A&M,LSU,Terry Bussey,Receiver,0,0,0.0,0,0,0,0,0.0,0,1,1,20.3,0
120,A,Texas A&M,LSU,Other WR,Receiver,0,0,0.0,0,0,0,0,0.0,0,2,3,4.6,0
121,B,Texas A&M,LSU,Marcel Reed,QB,23,21,189.6,1,0,8,0,0.0,0,0,0,0.0,0
121,B,Texas A&M,LSU,Le'Veon Moss,Rusher,0,0,0.0,0,0,0,8,36.1,0,0,0,0.0,0
121,B,Texas A&M,LSU,Amari Daniels,Rusher,0,0,0.0,0,0,0,2,8.9,0,0,0,0.0,0
121,B,Texas A&M,LSU,Marcel Reed,Rusher,0,0,0.0,0,0,0,6,22.1,0,0,0,0.0,0
121,B,Texas A&M,LSU,Rueben Owens,Rusher,0,0,0.0,0,0,0,4,13.5,0,0,0,0.0,0
121,B,Texas A&M,LSU,Jamarion Morrow,Rusher,0,0,0.0,0,0,0,1,-3.6,0,0,0,0.0,0
121,B,Texas A&M,LSU,E.J. Smith,Rusher,0,0,0.0,0,0,0,1,4.5,0,0,0,0.0,0
121,B,Texas A&M,LSU,Terry Bussey,Receiver,0,0,0.0,0,0,0,0,0.0,0,2,2,33.6,0
121,B,Texas A&M,LSU,Nate Boerkircher,Receiver,0,0,0.0,0,0,0,0,0.0,0,1,1,7.8,0
121,B,Texas A&M,LSU,Kevin Concepcion,Receiver,0,0,0.0,0,0,0,0,0.0,0,5,5,47.3,1
121,B,Texas A&M,LSU,Mario Craver,Receiver,0,0,0.0,0,0,0,0,0.0,0,4,5,36.6,0
121,B,Texas A&M,LSU,Other WR,Receiver,0,0,0.0,0,0,0,0,0.0,0,3,4,22.5,0
121,B,Texas A&M,LSU,Ashton Bethel-Roman,Receiver,0,0,0.0,0,0,0,0,0.0,0,3,3,8.1,0
121,B,Texas A&M,LSU,Amari Niblack,Receiver,0,0,0.0,0,0,0,0,0.0,0,2,2,33.7,0
121,B,Texas A&M,LSU,Theo Melin Ohrstrom,Receiver,0,0,0.0,0,0,0,0,0.0,0,1,1,0.0,0
121,B,LSU,Texas A&M,Garrett Nussmeier,QB,30,18,266.4,2,0,1,0,0.0,0,0,0,0.0,0
121,B,LSU,Texas A&M,Caden Durham,Rusher,0,0,0.0,0,0,0,18,31.3,0,0,0,0.0,0
121,B,LSU,Texas A&M,Ju'Juan Johnson,Rusher,0,0,0.0,0,0,0,4,32.2,0,0,0,0.0,0
121,B,LSU,Texas A&M,Harlem Berry,Rusher,0,0,0.0,0,0,0,2,10.8,1,0,0,0.0,0
121,B,LSU,Texas A&M,Other RB,Rusher,0,0,0.0,0,0,0,2,3.3,0,0,0,0.0,0
121,B,LSU,Texas A&M,Kaleb Jackson,Rusher,0,0,0.0,0,0,0,4,13.5,0,0,0,0.0,0
121,B,LSU,Texas A&M,Garrett Nussmeier,Rusher,0,0,0.0,0,0,0,2,4.0,0,0,0,0.0,0
121,B,LSU,Texas A&M,Barion Brown,Receiver,0,0,0.0,0,0,0,0,0.0,0,3,5,18.9,0
121,B,LSU,Texas A&M,Aaron Anderson,Receiver,0,0,0.0,0,0,0,0,0.0,0,3,8,53.2,1
121,B,LSU,Texas A&M,Bauer Sharp,Receiver,0,0,0.0,0,0,0,0,0.0,0,3,4,61.3,1
121,B,LSU,Texas A&M,Kyle Parker,Receiver,0,0,0.0,0,0,0,0,0.0,0,2,3,39.9,0
121,B,LSU,Texas A&M,Other WR,Receiver,0,0,0.0,0,0,0,0,0.0,0,2,2,36.2,0
121,B,LSU,Texas A&M,Zavion Thomas,Receiver,0,0,0.0,0,0,0,0,0.0,0,2,3,33.3,0
121,B,LSU,Texas A&M,Trey'Dez Green,Receiver,0,0,0.0,0,0,0,0,0.0,0,3,4,23.7,0
121,B,LSU,Texas A&M,Nic Anderson,Receiver,0,0,0.0,0,0,0,0,0.0,0,0,1,0.0,0
122,A,LSU,Texas A&M,Garrett Nussmeier,QB,34,22,233.2,2,0,2,0,0.0,0,0,0,0.0,0
122,A,LSU,Texas A&M,Caden Durham,Rusher,0,0,0.0,0,0,0,12,80.6,1,0,0,0.0,0
122,A,LSU,Texas A&M,Harlem Berry,Rusher,0,0,0.0,0,0,0,3,10.5,0,0,0,0.0,0
122,A,LSU,Texas A&M,Ju'Juan Johnson,Rusher,0,0,0.0,0,0,0,8,48.5,1,0,0,0.0,0
122,A,LSU,Texas A&M,Kaleb Jackson,Rusher,0,0,0.0,0,0,0,2,14.9,1,0,0,0.0,0
122,A,LSU,Texas A&M,Other RB,Rusher,0,0,0.0,0,0,0,1,5.2,0,0,0,0.0,0
122,A,LSU,Texas A&M,Garrett Nussmeier,Rusher,0,0,0.0,0,0,0,3,8.7,0,0,0,0.0,0
122,A,LSU,Texas A&M,Kyle Parker,Receiver,0,0,0.0,0,0,0,0,0.0,0,3,3,19.4,0
122,A,LSU,Texas A&M,Barion Brown,Receiver,0,0,0.0,0,0,0,0,0.0,0,2,4,29.2,0
122,A,LSU,Texas A&M,Zavion Thomas,Receiver,0,0,0.0,0,0,0,0,0.0,0,2,3,13.0,0
122,A,LSU,Texas A&M,Bauer Sharp,Receiver,0,0,0.0,0,0,0,0,0.0,0,2,2,27.4,0
122,A,LSU,Texas A&M,Aaron Anderson,Receiver,0,0,0.0,0,0,0,0,0.0,0,5,10,44.4,1
122,A,LSU,Texas A&M,Trey'Dez Green,Receiver,0,0,0.0,0,0,0,0,0.0,0,3,4,32.3,0
122,A,LSU,Texas A&M,Chris Hilton Jr.,Receiver,0,0,0.0,0,0,0,0,0.0,0,2,2,15.6,0
122,A,LSU,Texas A&M,Nic Anderson,Receiver,0,0,0.0,0,0,0,0,0.0,0,1,4,24.6,1
122,A,LSU,Texas A&M,Other WR,Receiver,0,0,0.0,0,0,0,0,0.0,0,2,2,27.5,0
122,A,Texas A&M,LSU,Marcel Reed,QB,25,18,236.3,2,0,3,0,0.0,0,0,0,0.0,0
122,A,Texas A&M,LSU,Le'Veon Moss,Rusher,0,0,0.0,0,0,0,12,82.7,2,0,0,0.0,0
122,A,Texas A&M,LSU,Amari Daniels,Rusher,0,0,0.0,0,0,0,6,19.2,0,0,0,0.0,0
122,A,Texas A&M,LSU,Marcel Reed,Rusher,0,0,0.0,0,0,0,5,24.6,0,0,0,0.0,0
122,A,Texas A&M,LSU,Rueben Owens,Rusher,0,0,0.0,0,0,0,10,64.7,1,0,0,0.0,0
122,A,Texas A&M,LSU,E.J. Smith,Rusher,0,0,0.0,0,0,0,1,2.5,0,0,0,0.0,0
122,A,Texas A&M,LSU,Other WR,Receiver,0,0,0.0,0,0,0,0,0.0,0,6,8,116.0,0
122,A,Texas A&M,LSU,Kevin Concepcion,Receiver,0,0,0.0,0,0,0,0,0.0,0,5,8,42.4,0
122,A,Texas A&M,LSU,Ashton Bethel-Roman,Receiver,0,0,0.0,0,0,0,0,0.0,0,3,3,12.9,0
122,A,Texas A&M,LSU,Mario Craver,Receiver,0,0,0.0,0,0,0,0,0.0,0,3,4,47.9,1
122,A,Texas A&M,LSU,Amari Niblack,Receiver,0,0,0.0,0,0,0,0,0.0,0,0,1,0.0,0
122,A,Texas A&M,LSU,Terry Bussey,Receiver,0,0,0.0,0,0,0,0,0.0,0,1,1,17.1,1
122,A,Texas A&M,LSU,Nate Boerkircher,Receiver,0,0,0.0,0,0,0,0,0.0,0,0,0,0.0,0
123,B,Texas A&M,LSU,Marcel Reed,QB,24,16,156.9,0,0,3,0,0.0,0,0,0,0.0,0
123,B,Texas A&M,LSU,Le'Veon Moss,Rusher,0,0,0.0,0,0,0,9,18.1,0,0,0,0.0,0
123,B,Texas A&M,LSU,Marcel Reed,Rusher,0,0,0.0,0,0,0,8,20.1,1,0,0,0.0,0
123,B,Texas A&M,LSU,Miles O'Neill,Rusher,0,0,0.0,0,0,0,1,6.2,0,0,0,0.0,0
123,B,Texas A&M,LSU,Rueben Owens,Rusher,0,0,0.0,0,0,0,4,-5.9,0,0,0,0.0,0
123,B,Texas A&M,LSU,Amari Daniels,Rusher,0,0,0.0,0,0,0,3,5.8,0,0,0,0.0,0
123,B,Texas A&M,LSU,Other RB,Rusher,0,0,0.0,0,0,0,1,-4.0,0,0,0,0.0,0
123,B,Texas A&M,LSU,Kevin Concepcion,Receiver,0,0,0.0,0,0,0,0,0.0,0,3,5,35.1,0
123,B,Texas A&M,LSU,Amari Niblack,Receiver,0,0,0.0,0,0,0,0,0.0,0,1,1,1.6,0
123,B,Texas A&M,LSU,Ashton Bethel-Roman,Receiver,0,0,0.0,0,0,0,0,0.0,0,1,1,8.3,0
123,B,Texas A&M,LSU,Mario Craver,Receiver,0,0,0.0,0,0,0,0,0.0,0,7,10,65.1,0
123,B,Texas A&M,LSU,Terry Bussey,Receiver,0,0,0.0,0,0,0,0,0.0,0,2,3,13.3,0
123,B,Texas A&M,LSU,Theo Melin Ohrstrom,Receiver,0,0,0.0,0,0,0,0,0.0,0,0,2,0.0,0
123,B,Texas A&M,LSU,Other WR,Receiver,0,0,0.0,0,0,0,0,0.0,0,2,2,33.5,0
123,B,LSU,Texas A&M,Garrett Nussmeier,QB,23,16,173.1,0,0,5,0,0.0,0,0,0,0.0,0
123,B,LSU,Texas A&M,Garrett Nussmeier,Rusher,0,0,0.0,0,0,0,3,24.8,0,0,0,0.0,0
123,B,LSU,Texas A&M,Other RB,Rusher,0,0,0.0,0,0,0,6,13.3,0,0,0,0.0,0
123,B,LSU,Texas A&M,Ju'Juan Johnson,Rusher,0,0,0.0,0,0,0,8,41.1,0,0,0,0.0,0
123,B,LSU,Texas A&M,Caden Durham,Rusher,0,0,0.0,0,0,0,13,55.9,1,0,0,0.0,0
123,B,LSU,Texas A&M,Harlem Berry,Rusher,0,0,0.0,0,0,0,5,19.7,1,0,0,0.0,0
123,B,LSU,Texas A&M,Kaleb Jackson,Rusher,0,0,0.0,0,0,0,2,14.3,0,0,0,0.0,0
123,B,LSU,Texas A&M,Barion Brown,Receiver,0,0,0.0,0,0,0,0,0.0,0,3,4,42.5,0
123,B,LSU,Texas A&M,Bauer Sharp,Receiver,0,0,0.0,0,0,0,0,0.0,0,4,4,45.5,0
123,B,LSU,Texas A&M,Other WR,Receiver,0,0,0.0,0,0,0,0,0.0,0,2,3,0.6,0
123,B,LSU,Texas A&M,Zavion Thomas,Receiver,0,0,0.0,0,0,0,0,0.0,0,1,3,13.2,0
123,B,LSU,Texas A&M,Trey'Dez Green,Receiver,0,0,0.0,0,0,0,0,0.0,0,2,3,9.4,0
123,B,LSU,Texas A&M,Aaron Anderson,Receiver,0,0,0.0,0,0,0,0,0.0,0,3,4,52.4,0
123,B,LSU,Texas A&M,Nic Anderson,Receiver,0,0,0.0,0,0,0,0,0.0,0,1,1,9.5,0
123,B,LSU,Texas A&M,Kyle Parker,Receiver,0,0,0.0,0,0,0,0,0.0,0,0,1,0.0,0
124,A,LSU,Texas A&M,Garrett Nussmeier,QB,24,18,157.1,1,0,1,0,0.0,0,0,0,0.0,0
124,A,LSU,Texas A&M,Harlem Berry,Rusher,0,0,0.0,0,0,0,5,25.0,0,0,0,0.0,0
124,A,LSU,Texas A&M,Caden Durham,Rusher,0,0,0.0,0,0,0,25,160.8,3,0,0,0.0,0
124,A,LSU,Texas A&M,Ju'Juan Johnson,Rusher,0,0,0.0,0,0,0,7,26.8,0,0,0,0.0,0
124,A,LSU,Texas A&M,Other RB,Rusher,0,0,0.0,0,0,0,4,30.4,0,0,0,0.0,0
124,A,LSU,Texas A&M,Garrett Nussmeier,Rusher,0,0,0.0,0,0,0,1,-2.7,0,0,0,0.0,0
124,A,LSU,Texas A&M,Aaron Anderson,Receiver,0,0,0.0,0,0,0,0,0.0,0,7,8,59.6,0
124,A,LSU,Texas A&M,Barion Brown,Receiver,0,0,0.0,0,0,0,0,0.0,0,5,6,40.4,0
124,A,LSU,Texas A&M,Kyle Parker,Receiver,0,0,0.0,0,0,0,0,0.0,0,2,3,4.6,0
124,A,LSU,Texas A&M,Zavion Thomas,Receiver,0,0,0.0,0,0,0,0,0.0,0,2,2,35.1,1
124,A,LSU,Texas A&M,Other WR,Receiver,0,0,0.0,0,0,0,0,0.0,0,1,1,6.6,0
124,A,LSU,Texas A&M,Chris Hilton Jr.,Receiver,0,0,0.0,0,0,0,0,0.0,0,1,3,10.7,0
124,A,LSU,Texas A&M,Trey'Dez Green,Receiver,0,0,0.0,0,0,0,0,0.0,0,0,0,0.0,0
124,A,LSU,Texas A&M,Bauer Sharp,Receiver,0,0,0.0,0,0,0,0,0.0,0,0,1,0.0,0
124,A,Texas A&M,LSU,Marcel Reed,QB,24,18,137.8,1,0,7,0,0.0,0,0,0,0.0,0
124,A,Texas A&M,LSU,Amari Daniels,Rusher,0,0,0.0,0,0,0,5,7.0,0,0,0,0.0,0
124,A,Texas A&M,LSU,Le'Veon Moss,Rusher,0,0,0.0,0,0,0,7,24.9,1,0,0,0.0,0
124,A,Texas A&M,LSU,E.J. Smith,Rusher,0,0,0.0,0,0,0,2,15.5,0,0,0,0.0,0
124,A,Texas A&M,LSU,Rueben Owens,Rusher,0,0,0.0,0,0,0,4,28.1,0,0,0,0.0,0
124,A,Texas A&M,LSU,Marcel Reed,Rusher,0,0,0.0,0,0,0,4,12.7,0,0,0,0.0,0
124,A,Texas A&M,LSU,Miles O'Neill,Rusher,0,0,0.0,0,0,0,1,0.2,0,0,0,0.0,0
124,A,Texas A&M,LSU,Kevin Concepcion,Receiver,0,0,0.0,0,0,0,0,0.0,0,7,7,52.2,1
124,A,Texas A&M,LSU,Mario Craver,Receiver,0,0,0.0,0,0,0,0,0.0,0,4,7,25.0,0
124,A,Texas A&M,LSU,Other WR,Receiver,0,0,0.0,0,0,0,0,0.0,0,4,4,43.0,0
124,A,Texas A&M,LSU,Nate Boerkircher,Receiver,0,0,0.0,0,0,0,0,0.0,0,1,1,5.8,0
124,A,Texas A&M,LSU,Terry Bussey,Receiver,0,0,0.0,0,0,0,0,0.0,0,0,2,0.0,0
124,A,Texas A&M,LSU,Ashton Bethel-Roman,Receiver,0,0,0.0,0,0,0,0,0.0,0,1,1,0.0,0
124,A,Texas A&M,LSU,Theo Melin Ohrstrom,Receiver,0,0,0.0,0,0,0,0,0.0,0,1,2,11.7,0
125,B,Texas A&M,LSU,Marcel Reed,QB,25,13,102.4,0,1,6,0,0.0,0,0,0,0.0,0
125,B,Texas A&M,LSU,Le'Veon Moss,Rusher,0,0,0.0,0,0,0,8,27.3,0,0,0,0.0,0
125,B,Texas A&M,LSU,Rueben Owens,Rusher,0,0,0.0,0,0,0,5,15.8,0,0,0,0.0,0
125,B,Texas A&M,LSU,Marcel Reed,Rusher,0,0,0.0,0,0,0,6,7.2,0,0,0,0.0,0
125,B,Texas A&M,LSU,Amari Daniels,Rusher,0,0,0.0,0,0,0,3,13.9,0,0,0,0.0,0
125,B,Texas A&M,LSU,Kevin Concepcion,Receiver,0,0,0.0,0,0,0,0,0.0,0,3,4,44.7,0
125,B,Texas A&M,LSU,Theo Melin Ohrstrom,Receiver,0,0,0.0,0,0,0,0,0.0,0,0,1,0.0,0
125,B,Texas A&M,LSU,Mario Craver,Receiver,0,0,0.0,0,0,0,0,0.0,0,6,12,29.1,0
125,B,Texas A&M,LSU,Terry Bussey,Receiver,0,0,0.0,0,0,0,0,0.0,0,1,2,18.7,0
125,B,Texas A&M,LSU,Other WR,Receiver,0,0,0.0,0,0,0,0,0.0,0,1,3,9.9,0
125,B,Texas A&M,LSU,Amari Niblack,Receiver,0,0,0.0,0,0,0,0,0.0,0,0,0,0.0,0
125,B,Texas A&M,LSU,Nate Boerkircher,Receiver,0,0,0.0,0,0,0,0,0.0,0,0,1,0.0,0
125,B,Texas A&M,LSU,Ashton Bethel-Roman,Receiver,0,0,0.0,0,0,0,0,0.0,0,2,2,0.0,0
125,B,LSU,Texas A&M,Garrett Nussmeier,QB,28,17,197.7,1,0,3,0,0.0,0,0,0,0.0,0
125,B,LSU,Texas A&M,Caden Durham,Rusher,0,0,0.0,0,0,0,22,105.6,1,0,0,0.0,0
125,B,LSU,Texas A&M,Ju'Juan Johnson,Rusher,0,0,0.0,0,0,0,2,9.0,0,0,0,0.0,0
125,B,LSU,Texas A&M,Other RB,Rusher,0,0,0.0,0,0,0,4,16.9,1,0,0,0.0,0
125,B,LSU,Texas A&M,Kaleb Jackson,Rusher,0,0,0.0,0,0,0,1,-3.9,0,0,0,0.0,0
125,B,LSU,Texas A&M,Harlem Berry,Rusher,0,0,0.0,0,0,0,4,20.5,0,0,0,0.0,0
125,B,LSU,Texas A&M,Garrett Nussmeier,Rusher,0,0,0.0,0,0,0,1,4.3,0,0,0,0.0,0
125,B,LSU,Texas A&M,Nic Anderson,Receiver,0,0,0.0,0,0,0,0,0.0,0,4,5,23.2,0
125,B,LSU,Texas A&M,Aaron Anderson,Receiver,0,0,0.0,0,0,0,0,0.0,0,5,12,73.1,1
125,B,LSU,Texas A&M,Barion Brown,Receiver,0,0,0.0,0,0,0,0,0.0,0,3,4,21.5,0
125,B,LSU,Texas A&M,Trey'Dez Green,Receiver,0,0,0.0,0,0,0,0,0.0,0,2,2,28.8,0
125,B,LSU,Texas A&M,Bauer Sharp,Receiver,0,0,0.0,0,0,0,0,0.0,0,2,2,30.7,0
125,B,LSU,Texas A&M,Chris Hilton Jr.,Receiver,0,0,0.0,0,0,0,0,0.0,0,0,0,0.0,0
125,B,LSU,Texas A&M,Zavion Thomas,Receiver,0,0,0.0,0,0,0,0,0.0,0,0,1,0.0,0
125,B,LSU,Texas A&M,Other WR,Receiver,0,0,0.0,0,0,0,0,0.0,0,1,2,20.4,0
126,A,LSU,Texas A&M,Garrett Nussmeier,QB,35,16,129.2,0,0,4,0,0.0,0,0,0,0.0,0
126,A,LSU,Texas A&M,Caden Durham,Rusher,0,0,0.0,0,0,0,13,62.4,1,0,0,0.0,0
126,A,LSU,Texas A&M,Garrett Nussmeier,Rusher,0,0,0.0,0,0,0,2,13.6,0,0,0,0.0,0
126,A,LSU,Texas A&M,Harlem Berry,Rusher,0,0,0.0,0,0,0,3,-3.9,0,0,0,0.0,0
126,A,LSU,Texas A&M,Kaleb Jackson,Rusher,0,0,0.0,0,0,0,2,8.1,0,0,0,0.0,0
126,A,LSU,Texas A&M,Ju'Juan Johnson,Rusher,0,0,0.0,0,0,0,2,21.3,1,0,0,0.0,0
126,A,LSU,Texas A&M,Other RB,Rusher,0,0,0.0,0,0,0,2,2.6,0,0,0,0.0,0
126,A,LSU,Texas A&M,Kyle Parker,Receiver,0,0,0.0,0,0,0,0,0.0,0,1,3,6.8,0
126,A,LSU,Texas A&M,Trey'Dez Green,Receiver,0,0,0.0,0,0,0,0,0.0,0,3,7,14.1,0
126,A,LSU,Texas A&M,Bauer Sharp,Receiver,0,0,0.0,0,0,0,0,0.0,0,1,2,0.0,0
126,A,LSU,Texas A&M,Nic Anderson,Receiver,0,0,0.0,0,0,0,0,0.0,0,2,4,19.6,0
126,A,LSU,Texas A&M,Barion Brown,Receiver,0,0,0.0,0,0,0,0,0.0,0,4,7,38.3,0
126,A,LSU,Texas A&M,Aaron Anderson,Receiver,0,0,0.0,0,0,0,0,0.0,0,3,5,28.7,0
126,A,LSU,Texas A&M,Other WR,Receiver,0,0,0.0,0,0,0,0,0.0,0,1,2,5.0,0
126,A,LSU,Texas A&M,Zavion Thomas,Receiver,0,0,0.0,0,0,0,0,0.0,0,1,4,16.5,0
126,A,LSU,Texas A&M,Chris Hilton Jr.,Receiver,0,0,0.0,0,0,0,0,0.0,0,0,1,0.0,0
126,A,Texas A&M,LSU,Marcel Reed,QB,23,17,148.1,0,0,6,0,0.0,0,0,0,0.0,0
126,A,Texas A&M,LSU,Miles O'Neill,Rusher,0,0,0.0,0,0,0,1,1.4,0,0,0,0.0,0
126,A,Texas A&M,LSU,Amari Daniels,Rusher,0,0,0.0,0,0,0,5,23.9,0,0,0,0.0,0
126,A,Texas A&M,LSU,Rueben Owens,Rusher,0,0,0.0,0,0,0,7,39.3,0,0,0,0.0,0
126,A,Texas A&M,LSU,E.J. Smith,Rusher,0,0,0.0,0,0,0,2,16.0,0,0,0,0.0,0
126,A,Texas A&M,LSU,Marcel Reed,Rusher,0,0,0.0,0,0,0,4,23.6,1,0,0,0.0,0
126,A,Texas A&M,LSU,Le'Veon Moss,Rusher,0,0,0.0,0,0,0,13,75.1,1,0,0,0.0,0
126,A,Texas A&M,LSU,Other RB,Rusher,0,0,0.0,0,0,0,1,0.0,0,0,0,0.0,0
126,A,Texas A&M,LSU,Jamarion Morrow,Rusher,0,0,0.0,0,0,0,2,-5.2,0,0,0,0.0,0
126,A,Texas A&M,LSU,Mario Craver,Receiver,0,0,0.0,0,0,0,0,0.0,0,6,9,60.3,0
126,A,Texas A&M,LSU,Kevin Concepcion,Receiver,0,0,0.0,0,0,0,0,0.0,0,5,5,53.3,0
126,A,Texas A&M,LSU,Theo Melin Ohrstrom,Receiver,0,0,0.0,0,0,0,0,0.0,0,3,3,26.2,0
126,A,Texas A&M,LSU,Nate Boerkircher,Receiver,0,0,0.0,0,0,0,0,0.0,0,0,1,0.0,0
126,A,Texas A&M,LSU,Amari Niblack,Receiver,0,0,0.0,0,0,0,0,0.0,0,1,2,8.2,0
126,A,Texas A&M,LSU,Ashton Bethel-Roman,Receiver,0,0,0.0,0,0,0,0,0.0,0,1,2,0.0,0
126,A,Texas A&M,LSU,Terry Bussey,Receiver,0,0,0.0,0,0,0,0,0.0,0,0,0,0.0,0
126,A,Texas A&M,LSU,Other WR,Receiver,0,0,0.0,0,0,0,0,0.0,0,1,1,0.0,0
127,B,Texas A&M,LSU,Marcel Reed,QB,19,11,158.3,1,0,7,0,0.0,0,0,0,0.0,0
127,B,Texas A&M,LSU,Le'Veon Moss,Rusher,0,0,0.0,0,0,0,10,42.5,1,0,0,0.0,0
127,B,Texas A&M,LSU,Marcel Reed,Rusher,0,0,0.0,0,0,0,6,8.7,0,0,0,0.0,0
127,B,Texas A&M,LSU,Amari Daniels,Rusher,0,0,0.0,0,0,0,5,18.8,0,0,0,0.0,0
127,B,Texas A&M,LSU,Miles O'Neill,Rusher,0,0,0.0,0,0,0,1,-3.1,0,0,0,0.0,0
127,B,Texas A&M,LSU,Rueben Owens,Rusher,0,0,0.0,0,0,0,4,8.0,0,0,0,0.0,0
127,B,Texas A&M,LSU,E.J. Smith,Rusher,0,0,0.0,0,0,0,1,-4.0,0,0,0,0.0,0
127,B,Texas A&M,LSU,Kevin Concepcion,Receiver,0,0,0.0,0,0,0,0,0.0,0,4,4,26.4,0
127,B,Texas A&M,LSU,Other WR,Receiver,0,0,0.0,0,0,0,0,0.0,0,5,5,128.7,1
127,B,Texas A&M,LSU,Ashton Bethel-Roman,Receiver,0,0,0.0,0,0,0,0,0.0,0,0,0,0.0,0
127,B,Texas A&M,LSU,Mario Craver,Receiver,0,0,0.0,0,0,0,0,0.0,0,1,5,0.0,0
127,B,Texas A&M,LSU,Theo Melin Ohrstrom,Receiver,0,0,0.0,0,0,0,0,0.0,0,0,2,0.0,0
127,B,Texas A&M,LSU,Terry Bussey,Receiver,0,0,0.0,0,0,0,0,0.0,0,1,2,3.2,0
127,B,Texas A&M,LSU,Nate Boerkircher,Receiver,0,0,0.0,0,0,0,0,0.0,0,0,1,0.0,0
127,B,LSU,Texas A&M,Garrett Nussmeier,QB,31,16,184.8,0,0,2,0,0.0,0,0,0,0.0,0
127,B,LSU,Texas A&M,Caden Durham,Rusher,0,0,0.0,0,0,0,20,72.3,2,0,0,0.0,0
127,B,LSU,Texas A&M,Other RB,Rusher,0,0,0.0,0,0,0,4,27.1,0,0,0,0.0,0
127,B,LSU,Texas A&M,Harlem Berry,Rusher,0,0,0.0,0,0,0,6,25.3,0,0,0,0.0,0
127,B,LSU,Texas A&M,Ju'Juan Johnson,Rusher,0,0,0.0,0,0,0,3,-4.3,0,0,0,0.0,0
127,B,LSU,Texas A&M,Garrett Nussmeier,Rusher,0,0,0.0,0,0,0,2,-1.6,0,0,0,0.0,0
127,B,LSU,Texas A&M,Chris Hilton Jr.,Receiver,0,0,0.0,0,0,0,0,0.0,0,1,3,20.4,0
127,B,LSU,Texas A&M,Barion Brown,Receiver,0,0,0.0,0,0,0,0,0.0,0,1,3,11.3,0
127,B,LSU,Texas A&M,Zavion Thomas,Receiver,0,0,0.0,0,0,0,0,0.0,0,1,4,14.0,0
127,B,LSU,Texas A&M,Aaron Anderson,Receiver,0,0,0.0,0,0,0,0,0.0,0,4,4,48.3,0
127,B,LSU,Texas A&M,Trey'Dez Green,Receiver,0,0,0.0,0,0,0,0,0.0,0,2,3,39.4,0
127,B,LSU,Texas A&M,Bauer Sharp,Receiver,0,0,0.0,0,0,0,0,0.0,0,5,7,24.6,0
127,B,LSU,Texas A&M,Other WR,Receiver,0,0,0.0,0,0,0,0,0.0,0,0,2,0.0,0
127,B,LSU,Texas A&M,Kyle Parker,Receiver,0,0,0.0,0,0,0,0,0.0,0,1,2,7.8,0
127,B,LSU,Texas A&M,Nic Anderson,Receiver,0,0,0.0,0,0,0,0,0.0,0,1,3,18.9,0
144,A,LSU,Texas A&M,Garrett Nussmeier,QB,29,17,158.4,0,0,4,0,0.0,0,0,0,0.0,0
144,A,LSU,Texas A&M,Other RB,Rusher,0,0,0.0,0,0,0,2,4.6,0,0,0,0.0,0
144,A,LSU,Texas A&M,Caden Durham,Rusher,0,0,0.0,0,0,0,11,19.7,0,0,0,0.0,0
144,A,LSU,Texas A&M,Ju'Juan Johnson,Rusher,0,0,0.0,0,0,0,9,19.7,0,0,0,0.0,0
144,A,LSU,Texas A&M,Harlem Berry,Rusher,0,0,0.0,0,0,0,5,39.5,0,0,0,0.0,0
144,A,LSU,Texas A&M,Kaleb Jackson,Rusher,0,0,0.0,0,0,0,4,18.1,0,0,0,0.0,0
144,A,LSU,Texas A&M,Garrett Nussmeier,Rusher,0,0,0.0,0,0,0,1,10.6,0,0,0,0.0,0
144,A,LSU,Texas A&M,Aaron Anderson,Receiver,0,0,0.0,0,0,0,0,0.0,0,6,8,69.4,0
144,A,LSU,Texas A&M,Zavion Thomas,Receiver,0,0,0.0,0,0,0,0,0.0,0,4,5,7.5,0
144,A,LSU,Texas A&M,Trey'Dez Green,Receiver,0,0,0.0,0,0,0,0,0.0,0,1,3,14.4,0
144,A,LSU,Texas A&M,Bauer Sharp,Receiver,0,0,0.0,0,0,0,0,0.0,0,0,2,0.0,0
144,A,LSU,Texas A&M,Kyle Parker,Receiver,0,0,0.0,0,0,0,0,0.0,0,1,1,21.2,0
144,A,LSU,Texas A&M,Nic Anderson,Receiver,0,0,0.0,0,0,0,0,0.0,0,3,4,31.9,0
144,A,LSU,Texas A&M,Other WR,Receiver,0,0,0.0,0,0,0,0,0.0,0,0,1,0.0,0
144,A,LSU,Texas A&M,Barion Brown,Receiver,0,0,0.0,0,0,0,0,0.0,0,2,4,14.0,0
144,A,LSU,Texas A&M,Chris Hilton Jr.,Receiver,0,0,0.0,0,0,0,0,0.0,0,0,1,0.0,0
144,A,Texas A&M,LSU,Marcel Reed,QB,13,10,158.9,1,1,2,0,0.0,0,0,0,0.0,0
144,A,Texas A&M,LSU,Jamarion Morrow,Rusher,0,0,0.0,0,0,0,1,9.5,0,0,0,0.0,0
144,A,Texas A&M,LSU,Le'Veon Moss,Rusher,0,0,0.0,0,0,0,13,30.7,0,0,0,0.0,0
144,A,Texas A&M,LSU,Rueben Owens,Rusher,0,0,0.0,0,0,0,7,20.8,0,0,0,0.0,0
144,A,Texas A&M,LSU,E.J. Smith,Rusher,0,0,0.0,0,0,0,4,19.8,0,0,0,0.0,0
144,A,Texas A&M,LSU,Amari Daniels,Rusher,0,0,0.0,0,0,0,5,16.4,0,0,0,0.0,0
144,A,Texas A&M,LSU,Marcel Reed,Rusher,0,0,0.0,0,0,0,5,13.6,0,0,0,0.0,0
144,A,Texas A&M,LSU,Miles O'Neill,Rusher,0,0,0.0,0,0,0,1,14.9,1,0,0,0.0,0
144,A,Texas A&M,LSU,Nate Boerkircher,Receiver,0,0,0.0,0,0,0,0,0.0,0,2,2,1.3,0
144,A,Texas A&M,LSU,Mario Craver,Receiver,0,0,0.0,0,0,0,0,0.0,0,1,3,24.8,0
144,A,Texas A&M,LSU,Kevin Concepcion,Receiver,0,0,0.0,0,0,0,0,0.0,0,1,1,43.3,0
144,A,Texas A&M,LSU,Theo Melin Ohrstrom,Receiver,0,0,0.0,0,0,0,0,0.0,0,1,1,13.5,0
144,A,Texas A&M,LSU,Other WR,Receiver,0,0,0.0,0,0,0,0,0.0,0,5,5,76.0,1
144,A,Texas A&M,LSU,Ashton Bethel-Roman,Receiver,0,0,0.0,0,0,0,0,0.0,0,0,1,0.0,0
145,B,Texas A&M,LSU,Marcel Reed,QB,22,15,175.9,1,0,1,0,0.0,0,0,0,0.0,0
145,B,Texas A&M,LSU,Le'Veon Moss,Rusher,0,0,0.0,0,0,0,9,50.9,1,0,0,0.0,0
145,B,Texas A&M,LSU,Marcel Reed,Rusher,0,0,0.0,0,0,0,10,44.4,0,0,0,0.0,0
145,B,Texas A&M,LSU,Amari Daniels,Rusher,0,0,0.0,0,0,0,5,8.9,0,0,0,0.0,0
145,B,Texas A&M,LSU,E.J. Smith,Rusher,0,0,0.0,0,0,0,3,4.9,0,0,0,0.0,0
145,B,Texas A&M,LSU,Rueben Owens,Rusher,0,0,0.0,0,0,0,7,21.7,0,0,0,0.0,0
145,B,Texas A&M,LSU,Miles O'Neill,Rusher,0,0,0.0,0,0,0,1,-2.0,0,0,0,0.0,0
145,B,Texas A&M,LSU,Theo Melin Ohrstrom,Receiver,0,0,0.0,0,0,0,0,0.0,0,0,2,0.0,0
145,B,Texas A&M,LSU,Other WR,Receiver,0,0,0.0,0,0,0,0,0.0,0,2,4,24.9,0
145,B,Texas A&M,LSU,Mario Craver,Receiver,0,0,0.0,0,0,0,0,0.0,0,3,3,44.7,0
145,B,Texas A&M,LSU,Amari Niblack,Receiver,0,0,0.0,0,0,0,0,0.0,0,3,3,26.5,1
145,B,Texas A&M,LSU,Ashton Bethel-Roman,Receiver,0,0,0.0,0,0,0,0,0.0,0,2,3,16.3,0
145,B,Texas A&M,LSU,Kevin Concepcion,Receiver,0,0,0.0,0,0,0,0,0.0,0,4,4,51.7,0
145,B,Texas A&M,LSU,Terry Bussey,Receiver,0,0,0.0,0,0,0,0,0.0,0,1,3,11.7,0
145,B,LSU,Texas A&M,Garrett Nussmeier,QB,37,21,216.8,0,0,4,0,0.0,0,0,0,0.0,0
145,B,LSU,Texas A&M,Ju'Juan Johnson,Rusher,0,0,0.0,0,0,0,2,-1.6,0,0,0,0.0,0
145,B,LSU,Texas A&M,Caden Durham,Rusher,0,0,0.0,0,0,0,10,85.9,2,0,0,0.0,0
145,B,LSU,Texas A&M,Harlem Berry,Rusher,0,0,0.0,0,0,0,5,7.4,0,0,0,0.0,0
145,B,LSU,Texas A&M,Other RB,Rusher,0,0,0.0,0,0,0,3,1.7,0,0,0,0.0,0
145,B,LSU,Texas A&M,Garrett Nussmeier,Rusher,0,0,0.0,0,0,0,2,-0.3,0,0,0,0.0,0
145,B,LSU,Texas A&M,Kyle Parker,Receiver,0,0,0.0,0,0,0,0,0.0,0,2,2,23.2,0
145,B,LSU,Texas A&M,Aaron Anderson,Receiver,0,0,0.0,0,0,0,0,0.0,0,3,6,23.7,0
145,B,LSU,Texas A&M,Trey'Dez Green,Receiver,0,0,0.0,0,0,0,0,0.0,0,3,4,55.0,0
145,B,LSU,Texas A&M,Bauer Sharp,Receiver,0,0,0.0,0,0,0,0,0.0,0,6,8,51.8,0
145,B,LSU,Texas A&M,Other WR,Receiver,0,0,0.0,0,0,0,0,0.0,0,2,3,0.0,0
145,B,LSU,Texas A&M,Barion Brown,Receiver,0,0,0.0,0,0,0,0,0.0,0,1,8,17.4,0
145,B,LSU,Texas A&M,Nic Anderson,Receiver,0,0,0.0,0,0,0,0,0.0,0,2,3,25.6,0
145,B,LSU,Texas A&M,Zavion Thomas,Receiver,0,0,0.0,0,0,0,0,0.0,0,1,2,0.0,0
145,B,LSU,Texas A&M,Chris Hilton Jr.,Receiver,0,0,0.0,0,0,0,0,0.0,0,1,1,20.0,0
146,A,LSU,Texas A&M,Garrett Nussmeier,QB,25,17,141.4,0,0,2,0,0.0,0,0,0,0.0,0
146,A,LSU,Texas A&M,Ju'Juan Johnson,Rusher,0,0,0.0,0,0,0,4,11.7,0,0,0,0.0,0
146,A,LSU,Texas A&M,Garrett Nussmeier,Rusher,0,0,0.0,0,0,0,2,0.3,0,0,0,0.0,0
146,A,LSU,Texas A&M,Harlem Berry,Rusher,0,0,0.0,0,0,0,5,17.7,0,0,0,0.0,0
146,A,LSU,Texas A&M,Caden Durham,Rusher,0,0,0.0,0,0,0,10,36.6,1,0,0,0.0,0
146,A,LSU,Texas A&M,Other RB,Rusher,0,0,0.0,0,0,0,2,-3.5,0,0,0,0.0,0
146,A,LSU,Texas A&M,Kaleb Jackson,Rusher,0,0,0.0,0,0,0,1,6.7,0,0,0,0.0,0
146,A,LSU,Texas A&M,Aaron Anderson,Receiver,0,0,0.0,0,0,0,0,0.0,0,2,3,4.2,0
146,A,LSU,Texas A&M,Chris Hilton Jr.,Receiver,0,0,0.0,0,0,0,0,0.0,0,2,2,21.9,0
146,A,LSU,Texas A&M,Zavion Thomas,Receiver,0,0,0.0,0,0,0,0,0.0,0,2,4,15.8,0
146,A,LSU,Texas A&M,Kyle Parker,Receiver,0,0,0.0,0,0,0,0,0.0,0,3,3,23.6,0
146,A,LSU,Texas A&M,Other WR,Receiver,0,0,0.0,0,0,0,0,0.0,0,0,2,0.0,0
146,A,LSU,Texas A&M,Bauer Sharp,Receiver,0,0,0.0,0,0,0,0,0.0,0,4,4,34.8,0
146,A,LSU,Texas A&M,Trey'Dez Green,Receiver,0,0,0.0,0,0,0,0,0.0,0,2,4,39.0,0
146,A,LSU,Texas A&M,Barion Brown,Receiver,0,0,0.0,0,0,0,0,0.0,0,2,2,2.2,0
146,A,LSU,Texas A&M,Nic Anderson,Receiver,0,0,0.0,0,0,0,0,0.0,0,0,1,0.0,0
146,A,Texas A&M,LSU,Marcel Reed,QB,28,15,240.1,0,0,6,0,0.0,0,0,0,0.0,0
146,A,Texas A&M,LSU,Rueben Owens,Rusher,0,0,0.0,0,0,0,6,6.1,0,0,0,0.0,0
146,A,Texas A&M,LSU,Amari Daniels,Rusher,0,0,0.0,0,0,0,1,-2.4,0,0,0,0.0,0
146,A,Texas A&M,LSU,E.J. Smith,Rusher,0,0,0.0,0,0,0,1,11.4,0,0,0,0.0,0
146,A,Texas A&M,LSU,Marcel Reed,Rusher,0,0,0.0,0,0,0,8,22.4,0,0,0,0.0,0
146,A,Texas A&M,LSU,Le'Veon Moss,Rusher,0,0,0.0,0,0,0,13,18.1,0,0,0,0.0,0
146,A,Texas A&M,LSU,Miles O'Neill,Rusher,0,0,0.0,0,0,0,1,-0.1,0,0,0,0.0,0
146,A,Texas A&M,LSU,Other RB,Rusher,0,0,0.0,0,0,0,1,6.9,0,0,0,0.0,0
146,A,Texas A&M,LSU,Other WR,Receiver,0,0,0.0,0,0,0,0,0.0,0,7,8,169.3,0
146,A,Texas A&M,LSU,Mario Craver,Receiver,0,0,0.0,0,0,0,0,0.0,0,2,3,14.2,0
146,A,Texas A&M,LSU,Amari Niblack,Receiver,0,0,0.0,0,0,0,0,0.0,0,0,0,0.0,0
146,A,Texas A&M,LSU,Terry Bussey,Receiver,0,0,0.0,0,0,0,0,0.0,0,2,4,18.3,0
146,A,Texas A&M,LSU,Ashton Bethel-Roman,Receiver,0,0,0.0,0,0,0,0,0.0,0,0,3,0.0,0
146,A,Texas A&M,LSU,Kevin Concepcion,Receiver,0,0,0.0,0,0,0,0,0.0,0,2,6,31.1,0
146,A,Texas A&M,LSU,Nate Boerkircher,Receiver,0,0,0.0,0,0,0,0,0.0,0,1,1,7.3,0
146,A,Texas A&M,LSU,Theo Melin Ohrstrom,Receiver,0,0,0.0,0,0,0,0,0.0,0,1,3,0.0,0
147,B,Texas A&M,LSU,Marcel Reed,QB,14,10,128.8,0,0,4,0,0.0,0,0,0,0.0,0
147,B,Texas A&M,LSU,Amari Daniels,Rusher,0,0,0.0,0,0,0,4,28.9,0,0,0,0.0,0
147,B,Texas A&M,LSU,E.J. Smith,Rusher,0,0,0.0,0,0,0,1,3.0,0,0,0,0.0,0
147,B,Texas A&M,LSU,Le'Veon Moss,Rusher,0,0,0.0,0,0,0,19,83.3,1,0,0,0.0,0
147,B,Texas A&M,LSU,Rueben Owens,Rusher,0,0,0.0,0,0,0,4,18.6,1,0,0,0.0,0
147,B,Texas A&M,LSU,Marcel Reed,Rusher,0,0,0.0,0,0,0,8,41.7,1,0,0,0.0,0
147,B,Texas A&M,LSU,Jamarion Morrow,Rusher,0,0,0.0,0,0,0,1,-1.8,0,0,0,0.0,0
147,B,Texas A&M,LSU,Kevin Concepcion,Receiver,0,0,0.0,0,0,0,0,0.0,0,1,2,0.0,0
147,B,Texas A&M,LSU,Nate Boerkircher,Receiver,0,0,0.0,0,0,0,0,0.0,0,2,2,29.3,0
147,B,Texas A&M,LSU,Other WR,Receiver,0,0,0.0,0,0,0,0,0.0,0,2,2,42.9,0
147,B,Texas A&M,LSU,Ashton Bethel-Roman,Receiver,0,0,0.0,0,0,0,0,0.0,0,3,5,29.1,0
147,B,Texas A&M,LSU,Theo Melin Ohrstrom,Receiver,0,0,0.0,0,0,0,0,0.0,0,1,2,20.0,0
147,B,Texas A&M,LSU,Mario Craver,Receiver,0,0,0.0,0,0,0,0,0.0,0,1,1,7.5,0
147,B,LSU,Texas A&M,Garrett Nussmeier,QB,28,17,140.3,1,0,1,0,0.0,0,0,0,0.0,0
147,B,LSU,Texas A&M,Garrett Nussmeier,Rusher,0,0,0.0,0,0,0,3,-9.1,0,0,0,0.0,0
147,B,LSU,Texas A&M,Ju'Juan Johnson,Rusher,0,0,0.0,0,0,0,4,16.1,0,0,0,0.0,0
147,B,LSU,Texas A&M,Other RB,Rusher,0,0,0.0,0,0,0,7,36.7,1,0,0,0.0,0
147,B,LSU,Texas A&M,Caden Durham,Rusher,0,0,0.0,0,0,0,17,115.8,0,0,0,0.0,0
147,B,LSU,Texas A&M,Kaleb Jackson,Rusher,0,0,0.0,0,0,0,2,5.7,0,0,0,0.0,0
147,B,LSU,Texas A&M,Harlem Berry,Rusher,0,0,0.0,0,0,0,1,4.3,0,0,0,0.0,0
147,B,LSU,Texas A&M,Bauer Sharp,Receiver,0,0,0.0,0,0,0,0,0.0,0,4,6,19.4,0
147,B,LSU,Texas A&M,Trey'Dez Green,Receiver,0,0,0.0,0,0,0,0,0.0,0,4,4,45.6,1
147,B,LSU,Texas A&M,Barion Brown,Receiver,0,0,0.0,0,0,0,0,0.0,0,1,5,5.8,0
147,B,LSU,Texas A&M,Kyle Parker,Receiver,0,0,0.0,0,0,0,0,0.0,0,2,3,11.7,0
147,B,LSU,Texas A&M,Aaron Anderson,Receiver,0,0,0.0,0,0,0,0,0.0,0,0,2,0.0,0
147,B,LSU,Texas A&M,Chris Hilton Jr.,Receiver,0,0,0.0,0,0,0,0,0.0,0,1,2,17.9,0
147,B,LSU,Texas A&M,Other WR,Receiver,0,0,0.0,0,0,0,0,0.0,0,2,2,16.2,0
147,B,LSU,Texas A&M,Zavion Thomas,Receiver,0,0,0.0,0,0,0,0,0.0,0,2,3,11.4,0
147,B,LSU,Texas A&M,Nic Anderson,Receiver,0,0,0.0,0,0,0,0,0.0,0,1,1,12.4,0
148,A,LSU,Texas A&M,Garrett Nussmeier,QB,28,20,138.6,0,0,0,0,0.0,0,0,0,0.0,0
148,A,LSU,Texas A&M,Caden Durham,Rusher,0,0,0.0,0,0,0,18,99.8,2,0,0,0.0,0
148,A,LSU,Texas A&M,Ju'Juan Johnson,Rusher,0,0,0.0,0,0,0,6,24.0,0,0,0,0.0,0
148,A,LSU,Texas A&M,Harlem Berry,Rusher,0,0,0.0,0,0,0,5,17.7,0,0,0,0.0,0
148,A,LSU,Texas A&M,Garrett Nussmeier,Rusher,0,0,0.0,0,0,0,3,10.3,0,0,0,0.0,0
148,A,LSU,Texas A&M,Other RB,Rusher,0,0,0.0,0,0,0,2,6.7,0,0,0,0.0,0
148,A,LSU,Texas A&M,Kaleb Jackson,Rusher,0,0,0.0,0,0,0,2,11.9,0,0,0,0.0,0
148,A,LSU,Texas A&M,Zavion Thomas,Receiver,0,0,0.0,0,0,0,0,0.0,0,2,2,18.9,0
148,A,LSU,Texas A&M,Trey'Dez Green,Receiver,0,0,0.0,0,0,0,0,0.0,0,3,4,12.1,0
148,A,LSU,Texas A&M,Other WR,Receiver,0,0,0.0,0,0,0,0,0.0,0,1,2,9.0,0
148,A,LSU,Texas A&M,Bauer Sharp,Receiver,0,0,0.0,0,0,0,0,0.0,0,3,4,7.0,0
148,A,LSU,Texas A&M,Aaron Anderson,Receiver,0,0,0.0,0,0,0,0,0.0,0,3,5,16.2,0
148,A,LSU,Texas A&M,Chris Hilton Jr.,Receiver,0,0,0.0,0,0,0,0,0.0,0,0,1,0.0,0
148,A,LSU,Texas A&M,Barion Brown,Receiver,0,0,0.0,0,0,0,0,0.0,0,4,5,38.2,0
148,A,LSU,Texas A&M,Kyle Parker,Receiver,0,0,0.0,0,0,0,0,0.0,0,3,3,37.2,0
148,A,LSU,Texas A&M,Nic Anderson,Receiver,0,0,0.0,0,0,0,0,0.0,0,1,2,0.0,0
148,A,Texas A&M,LSU,Marcel Reed,QB,20,12,115.3,0,0,2,0,0.0,0,0,0,0.0,0
148,A,Texas A&M,LSU,Rueben Owens,Rusher,0,0,0.0,0,0,0,2,-0.3,0,0,0,0.0,0
148,A,Texas A&M,LSU,Le'Veon Moss,Rusher,0,0,0.0,0,0,0,13,47.0,0,0,0,0.0,0
148,A,Texas A&M,LSU,Amari Daniels,Rusher,0,0,0.0,0,0,0,3,13.3,0,0,0,0.0,0
148,A,Texas A&M,LSU,Marcel Reed,Rusher,0,0,0.0,0,0,0,5,33.4,1,0,0,0.0,0
148,A,Texas A&M,LSU,Miles O'Neill,Rusher,0,0,0.0,0,0,0,3,36.0,1,0,0,0.0,0
148,A,Texas A&M,LSU,Jamarion Morrow,Rusher,0,0,0.0,0,0,0,1,-3.3,0,0,0,0.0,0
148,A,Texas A&M,LSU,Nate Boerkircher,Receiver,0,0,0.0,0,0,0,0,0.0,0,0,0,0.0,0
148,A,Texas A&M,LSU,Other WR,Receiver,0,0,0.0,0,0,0,0,0.0,0,2,2,8.2,0
148,A,Texas A&M,LSU,Ashton Bethel-Roman,Receiver,0,0,0.0,0,0,0,0,0.0,0,1,2,3.4,0
148,A,Texas A&M,LSU,Kevin Concepcion,Receiver,0,0,0.0,0,0,0,0,0.0,0,3,6,32.2,0
148,A,Texas A&M,LSU,Amari Niblack,Receiver,0,0,0.0,0,0,0,0,0.0,0,0,1,0.0,0
148,A,Texas A&M,LSU,Theo Melin Ohrstrom,Receiver,0,0,0.0,0,0,0,0,0.0,0,3,3,40.5,0
148,A,Texas A&M,LSU,Terry Bussey,Receiver,0,0,0.0,0,0,0,0,0.0,0,1,2,0.0,0
148,A,Texas A&M,LSU,Mario Craver,Receiver,0,0,0.0,0,0,0,0,0.0,0,2,4,31.1,0
149,B,Texas A&M,LSU,Marcel Reed,QB,27,17,223.4,2,0,0,0,0.0,0,0,0,0.0,0
149,B,Texas A&M,LSU,Miles O'Neill,Rusher,0,0,0.0,0,0,0,1,4.6,0,0,0,0.0,0
149,B,Texas A&M,LSU,Le'Veon Moss,Rusher,0,0,0.0,0,0,0,16,52.4,0,0,0,0.0,0
149,B,Texas A&M,LSU,Rueben Owens,Rusher,0,0,0.0,0,0,0,3,18.6,0,0,0,0.0,0
149,B,Texas A&M,LSU,Amari Daniels,Rusher,0,0,0.0,0,0,0,8,34.5,2,0,0,0.0,0
149,B,Texas A&M,LSU,Marcel Reed,Rusher,0,0,0.0,0,0,0,6,39.4,0,0,0,0.0,0
149,B,Texas A&M,LSU,E.J. Smith,Rusher,0,0,0.0,0,0,0,2,7.1,0,0,0,0.0,0
149,B,Texas A&M,LSU,Terry Bussey,Receiver,0,0,0.0,0,0,0,0,0.0,0,0,3,0.0,0
149,B,Texas A&M,LSU,Nate Boerkircher,Receiver,0,0,0.0,0,0,0,0,0.0,0,1,1,0.2,0
149,B,Texas A&M,LSU,Kevin Concepcion,Receiver,0,0,0.0,0,0,0,0,0.0,0,3,6,34.0,0
149,B,Texas A&M,LSU,Mario Craver,Receiver,0,0,0.0,0,0,0,0,0.0,0,5,6,83.4,0
149,B,Texas A&M,LSU,Other WR,Receiver,0,0,0.0,0,0,0,0,0.0,0,4,6,50.5,1
149,B,Texas A&M,LSU,Amari Niblack,Receiver,0,0,0.0,0,0,0,0,0.0,0,1,1,23.6,0
149,B,Texas A&M,LSU,Ashton Bethel-Roman,Receiver,0,0,0.0,0,0,0,0,0.0,0,2,3,14.3,0
149,B,Texas A&M,LSU,Theo Melin Ohrstrom,Receiver,0,0,0.0,0,0,0,0,0.0,0,1,1,17.5,1
149,B,LSU,Texas A&M,Garrett Nussmeier,QB,24,14,145.7,1,0,1,0,0.0,0,0,0,0.0,0
149,B,LSU,Texas A&M,Caden Durham,Rusher,0,0,0.0,0,0,0,22,125.6,1,0,0,0.0,0
149,B,LSU,Texas A&M,Other RB,Rusher,0,0,0.0,0,0,0,6,4.8,1,0,0,0.0,0
149,B,LSU,Texas A&M,Ju'Juan Johnson,Rusher,0,0,0.0,0,0,0,2,2.7,0,0,0,0.0,0
149,B,LSU,Texas A&M,Kaleb Jackson,Rusher,0,0,0.0,0,0,0,1,4.6,0,0,0,0.0,0
149,B,LSU,Texas A&M,Harlem Berry,Rusher,0,0,0.0,0,0,0,4,13.7,0,0,0,0.0,0
149,B,LSU,Texas A&M,Garrett Nussmeier,Rusher,0,0,0.0,0,0,0,1,6.4,0,0,0,0.0,0
149,B,LSU,Texas A&M,Bauer Sharp,Receiver,0,0,0.0,0,0,0,0,0.0,0,2,3,47.4,0
149,B,LSU,Texas A&M,Aaron Anderson,Receiver,0,0,0.0,0,0,0,0,0.0,0,6,7,68.4,1
149,B,LSU,Texas A&M,Barion Brown,Receiver,0,0,0.0,0,0,0,0,0.0,0,2,3,12.7,0
149,B,LSU,Texas A&M,Kyle Parker,Receiver,0,0,0.0,0,0,0,0,0.0,0,0,1,0.0,0
149,B,LSU,Texas A&M,Trey'Dez Green,Receiver,0,0,0.0,0,0,0,0,0.0,0,2,5,15.4,0
149,B,LSU,Texas A&M,Zavion Thomas,Receiver,0,0,0.0,0,0,0,0,0.0,0,2,2,1.9,0
149,B,LSU,Texas A&M,Other WR,Receiver,0,0,0.0,0,0,0,0,0.0,0,0,1,0.0,0
149,B,LSU,Texas A&M,Nic Anderson,Receiver,0,0,0.0,0,0,0,0,0.0,0,0,2,0.0,0
150,A,LSU,Texas A&M,Garrett Nussmeier,QB,30,17,118.6,0,1,4,0,0.0,0,0,0,0.0,0
150,A,LSU,Texas A&M,Caden Durham,Rusher,0,0,0.0,0,0,0,6,16.8,0,0,0,0.0,0
150,A,LSU,Texas A&M,Other RB,Rusher,0,0,0.0,0,0,0,3,5.3,0,0,0,0.0,0
150,A,LSU,Texas A&M,Ju'Juan Johnson,Rusher,0,0,0.0,0,0,0,3,6.6,0,0,0,0.0,0
150,A,LSU,Texas A&M,Kaleb Jackson,Rusher,0,0,0.0,0,0,0,1,4.7,0,0,0,0.0,0
150,A,LSU,Texas A&M,Garrett Nussmeier,Rusher,0,0,0.0,0,0,0,2,11.3,0,0,0,0.0,0
150,A,LSU,Texas A&M,Harlem Berry,Rusher,0,0,0.0,0,0,0,2,8.1,0,0,0,0.0,0
150,A,LSU,Texas A&M,Aaron Anderson,Receiver,0,0,0.0,0,0,0,0,0.0,0,2,5,11.7,0
150,A,LSU,Texas A&M,Barion Brown,Receiver,0,0,0.0,0,0,0,0,0.0,0,5,7,41.8,0
150,A,LSU,Texas A&M,Zavion Thomas,Receiver,0,0,0.0,0,0,0,0,0.0,0,1,2,3.7,0
150,A,LSU,Texas A&M,Trey'Dez Green,Receiver,0,0,0.0,0,0,0,0,0.0,0,3,4,16.8,0
150,A,LSU,Texas A&M,Nic Anderson,Receiver,0,0,0.0,0,0,0,0,0.0,0,2,3,12.9,0
150,A,LSU,Texas A&M,Bauer Sharp,Receiver,0,0,0.0,0,0,0,0,0.0,0,2,4,27.3,0
150,A,LSU,Texas A&M,Kyle Parker,Receiver,0,0,0.0,0,0,0,0,0.0,0,0,2,0.0,0
150,A,LSU,Texas A&M,Other WR,Receiver,0,0,0.0,0,0,0,0,0.0,0,2,3,4.3,0
150,A,Texas A&M,LSU,Marcel Reed,QB,24,15,153.1,1,0,4,0,0.0,0,0,0,0.0,0
150,A,Texas A&M,LSU,Rueben Owens,Rusher,0,0,0.0,0,0,0,4,23.7,0,0,0,0.0,0
150,A,Texas A&M,LSU,Le'Veon Moss,Rusher,0,0,0.0,0,0,0,13,67.7,2,0,0,0.0,0
150,A,Texas A&M,LSU,Jamarion Morrow,Rusher,0,0,0.0,0,0,0,2,9.3,0,0,0,0.0,0
150,A,Texas A&M,LSU,Marcel Reed,Rusher,0,0,0.0,0,0,0,8,40.2,0,0,0,0.0,0
150,A,Texas A&M,LSU,Amari Daniels,Rusher,0,0,0.0,0,0,0,8,30.7,0,0,0,0.0,0
150,A,Texas A&M,LSU,Miles O'Neill,Rusher,0,0,0.0,0,0,0,1,7.8,0,0,0,0.0,0
150,A,Texas A&M,LSU,E.J. Smith,Rusher,0,0,0.0,0,0,0,2,2.4,0,0,0,0.0,0
150,A,Texas A&M,LSU,Mario Craver,Receiver,0,0,0.0,0,0,0,0,0.0,0,3,4,13.3,0
150,A,Texas A&M,LSU,Other WR,Receiver,0,0,0.0,0,0,0,0,0.0,0,4,7,53.5,1
150,A,Texas A&M,LSU,Ashton Bethel-Roman,Receiver,0,0,0.0,0,0,0,0,0.0,0,1,2,0.9,0
150,A,Texas A&M,LSU,Kevin Concepcion,Receiver,0,0,0.0,0,0,0,0,0.0,0,5,7,67.3,0
150,A,Texas A&M,LSU,Theo Melin Ohrstrom,Receiver,0,0,0.0,0,0,0,0,0.0,0,1,3,16.2,0
150,A,Texas A&M,LSU,Amari Niblack,Receiver,0,0,0.0,0,0,0,0,0.0,0,0,0,0.0,0
150,A,Texas A&M,LSU,Terry Bussey,Receiver,0,0,0.0,0,0,0,0,0.0,0,1,1,1.8,0
151,B,Texas A&M,LSU,Marcel Reed,QB,23,13,139.2,0,0,8,0,0.0,0,0,0,0.0,0
151,B,Texas A&M,LSU,Marcel Reed,Rusher,0,0,0.0,0,0,0,5,21.7,1,0,0,0.0,0
151,B,Texas A&M,LSU,Amari Daniels,Rusher,0,0,0.0,0,0,0,4,25.3,0,0,0,0.0,0
151,B,Texas A&M,LSU,Le'Veon Moss,Rusher,0,0,0.0,0,0,0,7,36.1,0,0,0,0.0,0
151,B,Texas A&M,LSU,E.J. Smith,Rusher,0,0,0.0,0,0,0,2,-2.0,0,0,0,0.0,0
151,B,Texas A&M,LSU,Rueben Owens,Rusher,0,0,0.0,0,0,0,2,1.1,0,0,0,0.0,0
151,B,Texas A&M,LSU,Miles O'Neill,Rusher,0,0,0.0,0,0,0,1,8.6,0,0,0,0.0,0
151,B,Texas A&M,LSU,Jamarion Morrow,Rusher,0,0,0.0,0,0,0,1,3.1,0,0,0,0.0,0
151,B,Texas A&M,LSU,Ashton Bethel-Roman,Receiver,0,0,0.0,0,0,0,0,0.0,0,1,4,11.8,0
151,B,Texas A&M,LSU,Kevin Concepcion,Receiver,0,0,0.0,0,0,0,0,0.0,0,3,3,47.2,0
151,B,Texas A&M,LSU,Theo Melin Ohrstrom,Receiver,0,0,0.0,0,0,0,0,0.0,0,0,1,0.0,0
151,B,Texas A&M,LSU,Other WR,Receiver,0,0,0.0,0,0,0,0,0.0,0,4,7,61.4,0
151,B,Texas A&M,LSU,Terry Bussey,Receiver,0,0,0.0,0,0,0,0,0.0,0,1,2,0.0,0
151,B,Texas A&M,LSU,Nate Boerkircher,Receiver,0,0,0.0,0,0,0,0,0.0,0,1,1,0.0,0
151,B,Texas A&M,LSU,Mario Craver,Receiver,0,0,0.0,0,0,0,0,0.0,0,3,5,18.8,0
151,B,Texas A&M,LSU,Amari Niblack,Receiver,0,0,0.0,0,0,0,0,0.0,0,0,0,0.0,0
151,B,LSU,Texas A&M,Garrett Nussmeier,QB,29,18,201.0,1,1,1,0,0.0,0,0,0,0.0,0
151,B,LSU,Texas A&M,Ju'Juan Johnson,Rusher,0,0,0.0,0,0,0,8,37.8,1,0,0,0.0,0
151,B,LSU,Texas A&M,Harlem Berry,Rusher,0,0,0.0,0,0,0,6,26.6,0,0,0,0.0,0
151,B,LSU,Texas A&M,Caden Durham,Rusher,0,0,0.0,0,0,0,16,84.0,1,0,0,0.0,0
151,B,LSU,Texas A&M,Garrett Nussmeier,Rusher,0,0,0.0,0,0,0,1,2.2,0,0,0,0.0,0
151,B,LSU,Texas A&M,Other RB,Rusher,0,0,0.0,0,0,0,6,26.9,2,0,0,0.0,0
151,B,LSU,Texas A&M,Kaleb Jackson,Rusher,0,0,0.0,0,0,0,2,14.2,0,0,0,0.0,0
151,B,LSU,Texas A&M,Trey'Dez Green,Receiver,0,0,0.0,0,0,0,0,0.0,0,4,5,55.7,0
151,B,LSU,Texas A&M,Zavion Thomas,Receiver,0,0,0.0,0,0,0,0,0.0,0,3,5,46.2,0
151,B,LSU,Texas A&M,Nic Anderson,Receiver,0,0,0.0,0,0,0,0,0.0,0,2,2,15.9,1
151,B,LSU,Texas A&M,Bauer Sharp,Receiver,0,0,0.0,0,0,0,0,0.0,0,1,3,0.0,0
151,B,LSU,Texas A&M,Aaron Anderson,Receiver,0,0,0.0,0,0,0,0,0.0,0,3,5,29.0,0
151,B,LSU,Texas A&M,Barion Brown,Receiver,0,0,0.0,0,0,0,0,0.0,0,4,5,36.5,0
151,B,LSU,Texas A&M,Other WR,Receiver,0,0,0.0,0,0,0,0,0.0,0,1,3,17.6,0
151,B,LSU,Texas A&M,Kyle Parker,Receiver,0,0,0.0,0,0,0,0,0.0,0,0,1,0.0,0
152,A,LSU,Texas A&M,Garrett Nussmeier,QB,36,22,296.5,0,0,3,0,0.0,0,0,0,0.0,0
152,A,LSU,Texas A&M,Harlem Berry,Rusher,0,0,0.0,0,0,0,7,20.4,0,0,0,0.0,0
152,A,LSU,Texas A&M,Ju'Juan Johnson,Rusher,0,0,0.0,0,0,0,2,6.5,0,0,0,0.0,0
152,A,LSU,Texas A&M,Garrett Nussmeier,Rusher,0,0,0.0,0,0,0,6,22.8,0,0,0,0.0,0
152,A,LSU,Texas A&M,Caden Durham,Rusher,0,0,0.0,0,0,0,14,49.7,1,0,0,0.0,0
152,A,LSU,Texas A&M,Kaleb Jackson,Rusher,0,0,0.0,0,0,0,1,15.0,0,0,0,0.0,0
152,A,LSU,Texas A&M,Other RB,Rusher,0,0,0.0,0,0,0,1,3.3,0,0,0,0.0,0
152,A,LSU,Texas A&M,Nic Anderson,Receiver,0,0,0.0,0,0,0,0,0.0,0,3,6,30.6,0
152,A,LSU,Texas A&M,Aaron Anderson,Receiver,0,0,0.0,0,0,0,0,0.0,0,3,5,27.1,0
152,A,LSU,Texas A&M,Chris Hilton Jr.,Receiver,0,0,0.0,0,0,0,0,0.0,0,2,3,21.7,0
152,A,LSU,Texas A&M,Trey'Dez Green,Receiver,0,0,0.0,0,0,0,0,0.0,0,3,5,62.6,0
152,A,LSU,Texas A&M,Barion Brown,Receiver,0,0,0.0,0,0,0,0,0.0,0,6,7,92.3,0
152,A,LSU,Texas A&M,Kyle Parker,Receiver,0,0,0.0,0,0,0,0,0.0,0,1,2,1.8,0
152,A,LSU,Texas A&M,Zavion Thomas,Receiver,0,0,0.0,0,0,0,0,0.0,0,1,2,13.9,0
152,A,LSU,Texas A&M,Bauer Sharp,Receiver,0,0,0.0,0,0,0,0,0.0,0,1,3,1.8,0
152,A,LSU,Texas A&M,Other WR,Receiver,0,0,0.0,0,0,0,0,0.0,0,2,3,44.7,0
152,A,Texas A&M,LSU,Marcel Reed,QB,21,17,181.0,2,0,2,0,0.0,0,0,0,0.0,0
152,A,Texas A&M,LSU,Le'Veon Moss,Rusher,0,0,0.0,0,0,0,13,47.1,0,0,0,0.0,0
152,A,Texas A&M,LSU,Rueben Owens,Rusher,0,0,0.0,0,0,0,4,11.0,0,0,0,0.0,0
152,A,Texas A&M,LSU,E.J. Smith,Rusher,0,0,0.0,0,0,0,2,2.1,0,0,0,0.0,0
152,A,Texas A&M,LSU,Marcel Reed,Rusher,0,0,0.0,0,0,0,7,31.9,0,0,0,0.0,0
152,A,Texas A&M,LSU,Amari Daniels,Rusher,0,0,0.0,0,0,0,3,21.2,0,0,0,0.0,0
152,A,Texas A&M,LSU,Miles O'Neill,Rusher,0,0,0.0,0,0,0,1,-2.1,0,0,0,0.0,0
152,A,Texas A&M,LSU,Mario Craver,Receiver,0,0,0.0,0,0,0,0,0.0,0,7,7,88.6,1
152,A,Texas A&M,LSU,Theo Melin Ohrstrom,Receiver,0,0,0.0,0,0,0,0,0.0,0,0,1,0.0,0
152,A,Texas A&M,LSU,Other WR,Receiver,0,0,0.0,0,0,0,0,0.0,0,3,4,27.2,1
152,A,Texas A&M,LSU,Ashton Bethel-Roman,Receiver,0,0,0.0,0,0,0,0,0.0,0,1,1,3.9,0
152,A,Texas A&M,LSU,Kevin Concepcion,Receiver,0,0,0.0,0,0,0,0,0.0,0,5,7,23.3,0
152,A,Texas A&M,LSU,Terry Bussey,Receiver,0,0,0.0,0,0,0,0,0.0,0,1,1,37.9,0
153,B,Texas A&M,LSU,Marcel Reed,QB,21,14,185.7,0,0,7,0,0.0,0,0,0,0.0,0
153,B,Texas A&M,LSU,Rueben Owens,Rusher,0,0,0.0,0,0,0,4,3.7,0,0,0,0.0,0
153,B,Texas A&M,LSU,Le'Veon Moss,Rusher,0,0,0.0,0,0,0,13,28.4,2,0,0,0.0,0
153,B,Texas A&M,LSU,Amari Daniels,Rusher,0,0,0.0,0,0,0,6,-1.0,0,0,0,0.0,0
153,B,Texas A&M,LSU,Marcel Reed,Rusher,0,0,0.0,0,0,0,7,29.4,1,0,0,0.0,0
153,B,Texas A&M,LSU,E.J. Smith,Rusher,0,0,0.0,0,0,0,3,16.2,0,0,0,0.0,0
153,B,Texas A&M,LSU,Theo Melin Ohrstrom,Receiver,0,0,0.0,0,0,0,0,0.0,0,1,2,13.7,0
153,B,Texas A&M,LSU,Other WR,Receiver,0,0,0.0,0,0,0,0,0.0,0,4,6,30.6,0
153,B,Texas A&M,LSU,Kevin Concepcion,Receiver,0,0,0.0,0,0,0,0,0.0,0,4,6,63.8,0
153,B,Texas A&M,LSU,Mario Craver,Receiver,0,0,0.0,0,0,0,0,0.0,0,3,5,34.4,0
153,B,Texas A&M,LSU,Terry Bussey,Receiver,0,0,0.0,0,0,0,0,0.0,0,1,1,6.3,0
153,B,Texas A&M,LSU,Nate Boerkircher,Receiver,0,0,0.0,0,0,0,0,0.0,0,1,1,36.9,0
153,B,Texas A&M,LSU,Ashton Bethel-Roman,Receiver,0,0,0.0,0,0,0,0,0.0,0,0,0,0.0,0
153,B,LSU,Texas A&M,Garrett Nussmeier,QB,24,12,144.3,3,0,2,0,0.0,0,0,0,0.0,0
153,B,LSU,Texas A&M,Kaleb Jackson,Rusher,0,0,0.0,0,0,0,2,-7.3,0,0,0,0.0,0
153,B,LSU,Texas A&M,Caden Durham,Rusher,0,0,0.0,0,0,0,13,42.7,0,0,0,0.0,0
153,B,LSU,Texas A&M,Other RB,Rusher,0,0,0.0,0,0,0,3,15.9,0,0,0,0.0,0
153,B,LSU,Texas A&M,Garrett Nussmeier,Rusher,0,0,0.0,0,0,0,4,-4.2,0,0,0,0.0,0
153,B,LSU,Texas A&M,Ju'Juan Johnson,Rusher,0,0,0.0,0,0,0,5,49.4,0,0,0,0.0,0
153,B,LSU,Texas A&M,Harlem Berry,Rusher,0,0,0.0,0,0,0,4,22.0,0,0,0,0.0,0
153,B,LSU,Texas A&M,Zavion Thomas,Receiver,0,0,0.0,0,0,0,0,0.0,0,3,6,43.6,1
153,B,LSU,Texas A&M,Barion Brown,Receiver,0,0,0.0,0,0,0,0,0.0,0,1,2,1.0,0
153,B,LSU,Texas A&M,Nic Anderson,Receiver,0,0,0.0,0,0,0,0,0.0,0,2,3,29.6,0
153,B,LSU,Texas A&M,Aaron Anderson,Receiver,0,0,0.0,0,0,0,0,0.0,0,4,6,46.8,1
153,B,LSU,Texas A&M,Trey'Dez Green,Receiver,0,0,0.0,0,0,0,0,0.0,0,1,3,12.9,1
153,B,LSU,Texas A&M,Bauer Sharp,Receiver,0,0,0.0,0,0,0,0,0.0,0,1,3,10.3,0
153,B,LSU,Texas A&M,Other WR,Receiver,0,0,0.0,0,0,0,0,0.0,0,0,1,0.0,0
153,B,LSU,Texas A&M,Kyle Parker,Receiver,0,0,0.0,0,0,0,0,0.0,0,0,0,0.0,0
154,A,LSU,Texas A&M,Garrett Nussmeier,QB,30,15,132.3,0,0,0,0,0.0,0,0,0,0.0,0
154,A,LSU,Texas A&M,Other RB,Rusher,0,0,0.0,0,0,0,4,4.2,1,0,0,0.0,0
154,A,LSU,Texas A&M,Caden Durham,Rusher,0,0,0.0,0,0,0,14,81.7,1,0,0,0.0,0
154,A,LSU,Texas A&M,Ju'Juan Johnson,Rusher,0,0,0.0,0,0,0,3,20.6,0,0,0,0.0,0
154,A,LSU,Texas A&M,Kaleb Jackson,Rusher,0,0,0.0,0,0,0,1,1.4,0,0,0,0.0,0
154,A,LSU,Texas A&M,Harlem Berry,Rusher,0,0,0.0,0,0,0,3,4.0,0,0,0,0.0,0
154,A,LSU,Texas A&M,Garrett Nussmeier,Rusher,0,0,0.0,0,0,0,1,-3.9,0,0,0,0.0,0
154,A,LSU,Texas A&M,Aaron Anderson,Receiver,0,0,0.0,0,0,0,0,0.0,0,3,4,28.1,0
154,A,LSU,Texas A&M,Other WR,Receiver,0,0,0.0,0,0,0,0,0.0,0,1,2,27.2,0
154,A,LSU,Texas A&M,Trey'Dez Green,Receiver,0,0,0.0,0,0,0,0,0.0,0,3,6,7.7,0
154,A,LSU,Texas A&M,Bauer Sharp,Receiver,0,0,0.0,0,0,0,0,0.0,0,3,6,27.9,0
154,A,LSU,Texas A&M,Zavion Thomas,Receiver,0,0,0.0,0,0,0,0,0.0,0,2,4,18.9,0
154,A,LSU,Texas A&M,Barion Brown,Receiver,0,0,0.0,0,0,0,0,0.0,0,1,6,10.7,0
154,A,LSU,Texas A&M,Kyle Parker,Receiver,0,0,0.0,0,0,0,0,0.0,0,2,2,11.9,0
154,A,Texas A&M,LSU,Marcel Reed,QB,24,18,225.5,1,1,2,0,0.0,0,0,0,0.0,0
154,A,Texas A&M,LSU,Rueben Owens,Rusher,0,0,0.0,0,0,0,9,36.2,0,0,0,0.0,0
154,A,Texas A&M,LSU,Marcel Reed,Rusher,0,0,0.0,0,0,0,6,30.5,0,0,0,0.0,0
154,A,Texas A&M,LSU,Le'Veon Moss,Rusher,0,0,0.0,0,0,0,15,79.4,1,0,0,0.0,0
154,A,Texas A&M,LSU,Amari Daniels,Rusher,0,0,0.0,0,0,0,6,53.6,1,0,0,0.0,0
154,A,Texas A&M,LSU,Jamarion Morrow,Rusher,0,0,0.0,0,0,0,2,-2.3,0,0,0,0.0,0
154,A,Texas A&M,LSU,Kevin Concepcion,Receiver,0,0,0.0,0,0,0,0,0.0,0,8,11,103.6,1
154,A,Texas A&M,LSU,Other WR,Receiver,0,0,0.0,0,0,0,0,0.0,0,7,8,114.3,0
154,A,Texas A&M,LSU,Mario Craver,Receiver,0,0,0.0,0,0,0,0,0.0,0,2,2,7.6,0
154,A,Texas A&M,LSU,Ashton Bethel-Roman,Receiver,0,0,0.0,0,0,0,0,0.0,0,1,2,0.0,0
154,A,Texas A&M,LSU,Nate Boerkircher,Receiver,0,0,0.0,0,0,0,0,0.0,0,0,1,0.0,0
154,A,Texas A&M,LSU,Terry Bussey,Receiver,0,0,0.0,0,0,0,0,0.0,0,0,0,0.0,0
155,B,Texas A&M,LSU,Marcel Reed,QB,23,15,157.5,1,1,5,0,0.0,0,0,0,0.0,0
155,B,Texas A&M,LSU,Le'Veon Moss,Rusher,0,0,0.0,0,0,0,22,77.8,1,0,0,0.0,0
155,B,Texas A&M,LSU,Marcel Reed,Rusher,0,0,0.0,0,0,0,9,66.8,1,0,0,0.0,0
155,B,Texas A&M,LSU,Amari Daniels,Rusher,0,0,0.0,0,0,0,5,22.5,0,0,0,0.0,0
155,B,Texas A&M,LSU,Rueben Owens,Rusher,0,0,0.0,0,0,0,4,11.3,0,0,0,0.0,0
155,B,Texas A&M,LSU,Amari Niblack,Receiver,0,0,0.0,0,0,0,0,0.0,0,1,2,3.6,0
155,B,Texas A&M,LSU,Mario Craver,Receiver,0,0,0.0,0,0,0,0,0.0,0,2,4,0.0,0
155,B,Texas A&M,LSU,Other WR,Receiver,0,0,0.0,0,0,0,0,0.0,0,8,8,118.2,1
155,B,Texas A&M,LSU,Nate Boerkircher,Receiver,0,0,0.0,0,0,0,0,0.0,0,1,2,1.7,0
155,B,Texas A&M,LSU,Kevin Concepcion,Receiver,0,0,0.0,0,0,0,0,0.0,0,2,5,2.5,0
155,B,Texas A&M,LSU,Ashton Bethel-Roman,Receiver,0,0,0.0,0,0,0,0,0.0,0,1,1,31.5,0
155,B,Texas A&M,LSU,Theo Melin Ohrstrom,Receiver,0,0,0.0,0,0,0,0,0.0,0,0,1,0.0,0
155,B,LSU,Texas A&M,Garrett Nussmeier,QB,27,15,79.3,0,0,4,0,0.0,0,0,0,0.0,0
155,B,LSU,Texas A&M,Other RB,Rusher,0,0,0.0,0,0,0,5,10.4,0,0,0,0.0,0
155,B,LSU,Texas A&M,Ju'Juan Johnson,Rusher,0,0,0.0,0,0,0,3,1.4,0,0,0,0.0,0
155,B,LSU,Texas A&M,Harlem Berry,Rusher,0,0,0.0,0,0,0,3,2.5,0,0,0,0.0,0
155,B,LSU,Texas A&M,Caden Durham,Rusher,0,0,0.0,0,0,0,5,4.3,0,0,0,0.0,0
155,B,LSU,Texas A&M,Kaleb Jackson,Rusher,0,0,0.0,0,0,0,1,0.3,0,0,0,0.0,0
155,B,LSU,Texas A&M,Garrett Nussmeier,Rusher,0,0,0.0,0,0,0,2,12.0,0,0,0,0.0,0
155,B,LSU,Texas A&M,Nic Anderson,Receiver,0,0,0.0,0,0,0,0,0.0,0,1,4,0.4,0
155,B,LSU,Texas A&M,Kyle Parker,Receiver,0,0,0.0,0,0,0,0,0.0,0,2,2,21.3,0
155,B,LSU,Texas A&M,Zavion Thomas,Receiver,0,0,0.0,0,0,0,0,0.0,0,2,3,4.5,0
155,B,LSU,Texas A&M,Trey'Dez Green,Receiver,0,0,0.0,0,0,0,0,0.0,0,2,4,12.4,0
155,B,LSU,Texas A&M,Aaron Anderson,Receiver,0,0,0.0,0,0,0,0,0.0,0,3,4,18.0,0
155,B,LSU,Texas A&M,Other WR,Receiver,0,0,0.0,0,0,0,0,0.0,0,0,3,0.0,0
155,B,LSU,Texas A&M,Bauer Sharp,Receiver,0,0,0.0,0,0,0,0,0.0,0,1,2,0.0,0
155,B,LSU,Texas A&M,Barion Brown,Receiver,0,0,0.0,0,0,0,0,0.0,0,3,3,22.8,0
155,B,LSU,Texas A&M,Chris Hilton Jr.,Receiver,0,0,0.0,0,0,0,0,0.0,0,1,2,0.0,0
156,A,LSU,Texas A&M,Garrett Nussmeier,QB,33,21,170.1,1,0,0,0,0.0,0,0,0,0.0,0
156,A,LSU,Texas A&M,Other RB,Rusher,0,0,0.0,0,0,0,5,39.6,1,0,0,0.0,0
156,A,LSU,Texas A&M,Kaleb Jackson,Rusher,0,0,0.0,0,0,0,2,3.0,0,0,0,0.0,0
156,A,LSU,Texas A&M,Caden Durham,Rusher,0,0,0.0,0,0,0,11,34.8,0,0,0,0.0,0
156,A,LSU,Texas A&M,Harlem Berry,Rusher,0,0,0.0,0,0,0,3,23.1,0,0,0,0.0,0
156,A,LSU,Texas A&M,Ju'Juan Johnson,Rusher,0,0,0.0,0,0,0,9,35.5,0,0,0,0.0,0
156,A,LSU,Texas A&M,Bauer Sharp,Receiver,0,0,0.0,0,0,0,0,0.0,0,0,2,0.0,0
156,A,LSU,Texas A&M,Trey'Dez Green,Receiver,0,0,0.0,0,0,0,0,0.0,0,1,2,6.4,0
156,A,LSU,Texas A&M,Aaron Anderson,Receiver,0,0,0.0,0,0,0,0,0.0,0,7,9,59.6,0
156,A,LSU,Texas A&M,Kyle Parker,Receiver,0,0,0.0,0,0,0,0,0.0,0,1,4,19.1,0
156,A,LSU,Texas A&M,Nic Anderson,Receiver,0,0,0.0,0,0,0,0,0.0,0,4,4,6.4,0
156,A,LSU,Texas A&M,Barion Brown,Receiver,0,0,0.0,0,0,0,0,0.0,0,6,7,63.2,1
156,A,LSU,Texas A&M,Other WR,Receiver,0,0,0.0,0,0,0,0,0.0,0,0,2,0.0,0
156,A,LSU,Texas A&M,Zavion Thomas,Receiver,0,0,0.0,0,0,0,0,0.0,0,2,2,15.5,0
156,A,LSU,Texas A&M,Chris Hilton Jr.,Receiver,0,0,0.0,0,0,0,0,0.0,0,0,1,0.0,0
156,A,Texas A&M,LSU,Marcel Reed,QB,22,15,150.2,1,0,5,0,0.0,0,0,0,0.0,0
156,A,Texas A&M,LSU,Amari Daniels,Rusher,0,0,0.0,0,0,0,4,25.1,0,0,0,0.0,0
156,A,Texas A&M,LSU,Le'Veon Moss,Rusher,0,0,0.0,0,0,0,11,62.8,1,0,0,0.0,0
156,A,Texas A&M,LSU,Marcel Reed,Rusher,0,0,0.0,0,0,0,11,50.3,0,0,0,0.0,0
156,A,Texas A&M,LSU,E.J. Smith,Rusher,0,0,0.0,0,0,0,1,-3.0,0,0,0,0.0,0
156,A,Texas A&M,LSU,Miles O'Neill,Rusher,0,0,0.0,0,0,0,1,-0.0,0,0,0,0.0,0
156,A,Texas A&M,LSU,Amari Niblack,Receiver,0,0,0.0,0,0,0,0,0.0,0,1,3,2.9,0
156,A,Texas A&M,LSU,Other WR,Receiver,0,0,0.0,0,0,0,0,0.0,0,6,8,54.0,0
156,A,Texas A&M,LSU,Kevin Concepcion,Receiver,0,0,0.0,0,0,0,0,0.0,0,3,5,29.5,0
156,A,Texas A&M,LSU,Mario Craver,Receiver,0,0,0.0,0,0,0,0,0.0,0,3,3,30.6,0
156,A,Texas A&M,LSU,Terry Bussey,Receiver,0,0,0.0,0,0,0,0,0.0,0,2,3,33.1,1
156,A,Texas A&M,LSU,Theo Melin Ohrstrom,Receiver,0,0,0.0,0,0,0,0,0.0,0,0,0,0.0,0
156,A,Texas A&M,LSU,Nate Boerkircher,Receiver,0,0,0.0,0,0,0,0,0.0,0,0,0,0.0,0
156,A,Texas A&M,LSU,Ashton Bethel-Roman,Receiver,0,0,0.0,0,0,0,0,0.0,0,0,0,0.0,0
157,B,Texas A&M,LSU,Marcel Reed,QB,29,20,184.0,0,0,3,0,0.0,0,0,0,0.0,0
157,B,Texas A&M,LSU,E.J. Smith,Rusher,0,0,0.0,0,0,0,2,12.4,0,0,0,0.0,0
157,B,Texas A&M,LSU,Le'Veon Moss,Rusher,0,0,0.0,0,0,0,10,48.7,0,0,0,0.0,0
157,B,Texas A&M,LSU,Rueben Owens,Rusher,0,0,0.0,0,0,0,2,9.3,0,0,0,0.0,0
157,B,Texas A&M,LSU,Amari Daniels,Rusher,0,0,0.0,0,0,0,4,22.4,0,0,0,0.0,0
157,B,Texas A&M,LSU,Marcel Reed,Rusher,0,0,0.0,0,0,0,6,8.1,0,0,0,0.0,0
157,B,Texas A&M,LSU,Terry Bussey,Receiver,0,0,0.0,0,0,0,0,0.0,0,3,3,58.1,0
157,B,Texas A&M,LSU,Theo Melin Ohrstrom,Receiver,0,0,0.0,0,0,0,0,0.0,0,2,4,39.0,0
157,B,Texas A&M,LSU,Ashton Bethel-Roman,Receiver,0,0,0.0,0,0,0,0,0.0,0,3,5,13.5,0
157,B,Texas A&M,LSU,Other WR,Receiver,0,0,0.0,0,0,0,0,0.0,0,2,2,4.6,0
157,B,Texas A&M,LSU,Mario Craver,Receiver,0,0,0.0,0,0,0,0,0.0,0,4,8,6.8,0
157,B,Texas A&M,LSU,Amari Niblack,Receiver,0,0,0.0,0,0,0,0,0.0,0,1,2,1.5,0
157,B,Texas A&M,LSU,Kevin Concepcion,Receiver,0,0,0.0,0,0,0,0,0.0,0,5,5,60.5,0
157,B,LSU,Texas A&M,Garrett Nussmeier,QB,28,17,111.1,0,0,0,0,0.0,0,0,0,0.0,0
157,B,LSU,Texas A&M,Ju'Juan Johnson,Rusher,0,0,0.0,0,0,0,6,46.5,0,0,0,0.0,0
157,B,LSU,Texas A&M,Caden Durham,Rusher,0,0,0.0,0,0,0,20,95.7,2,0,0,0.0,0
157,B,LSU,Texas A&M,Other RB,Rusher,0,0,0.0,0,0,0,5,34.3,0,0,0,0.0,0
157,B,LSU,Texas A&M,Harlem Berry,Rusher,0,0,0.0,0,0,0,6,37.0,1,0,0,0.0,0
157,B,LSU,Texas A&M,Kaleb Jackson,Rusher,0,0,0.0,0,0,0,2,3.6,0,0,0,0.0,0
157,B,LSU,Texas A&M,Garrett Nussmeier,Rusher,0,0,0.0,0,0,0,1,4.4,0,0,0,0.0,0
157,B,LSU,Texas A&M,Aaron Anderson,Receiver,0,0,0.0,0,0,0,0,0.0,0,3,7,17.0,0
157,B,LSU,Texas A&M,Chris Hilton Jr.,Receiver,0,0,0.0,0,0,0,0,0.0,0,3,4,19.3,0
157,B,LSU,Texas A&M,Nic Anderson,Receiver,0,0,0.0,0,0,0,0,0.0,0,1,2,15.3,0
157,B,LSU,Texas A&M,Bauer Sharp,Receiver,0,0,0.0,0,0,0,0,0.0,0,1,2,11.2,0
157,B,LSU,Texas A&M,Zavion Thomas,Receiver,0,0,0.0,0,0,0,0,0.0,0,4,5,14.0,0
157,B,LSU,Texas A&M,Other WR,Receiver,0,0,0.0,0,0,0,0,0.0,0,1,1,14.6,0
157,B,LSU,Texas A&M,Barion Brown,Receiver,0,0,0.0,0,0,0,0,0.0,0,3,4,19.6,0
157,B,LSU,Texas A&M,Trey'Dez Green,Receiver,0,0,0.0,0,0,0,0,0.0,0,1,2,0.0,0
157,B,LSU,Texas A&M,Kyle Parker,Receiver,0,0,0.0,0,0,0,0,0.0,0,0,1,0.0,0
158,A,LSU,Texas A&M,Garrett Nussmeier,QB,31,19,165.4,1,0,3,0,0.0,0,0,0,0.0,0
158,A,LSU,Texas A&M,Caden Durham,Rusher,0,0,0.0,0,0,0,12,59.9,0,0,0,0.0,0
158,A,LSU,Texas A&M,Ju'Juan Johnson,Rusher,0,0,0.0,0,0,0,4,2.9,0,0,0,0.0,0
158,A,LSU,Texas A&M,Harlem Berry,Rusher,0,0,0.0,0,0,0,5,3.1,0,0,0,0.0,0
158,A,LSU,Texas A&M,Other RB,Rusher,0,0,0.0,0,0,0,6,30.3,0,0,0,0.0,0
158,A,LSU,Texas A&M,Garrett Nussmeier,Rusher,0,0,0.0,0,0,0,3,8.5,0,0,0,0.0,0
158,A,LSU,Texas A&M,Barion Brown,Receiver,0,0,0.0,0,0,0,0,0.0,0,1,4,24.4,0
158,A,LSU,Texas A&M,Other WR,Receiver,0,0,0.0,0,0,0,0,0.0,0,2,3,3.4,0
158,A,LSU,Texas A&M,Kyle Parker,Receiver,0,0,0.0,0,0,0,0,0.0,0,3,6,16.6,0
158,A,LSU,Texas A&M,Trey'Dez Green,Receiver,0,0,0.0,0,0,0,0,0.0,0,3,5,32.0,0
158,A,LSU,Texas A&M,Zavion Thomas,Receiver,0,0,0.0,0,0,0,0,0.0,0,3,3,12.0,0
158,A,LSU,Texas A&M,Nic Anderson,Receiver,0,0,0.0,0,0,0,0,0.0,0,2,3,30.2,1
158,A,LSU,Texas A&M,Bauer Sharp,Receiver,0,0,0.0,0,0,0,0,0.0,0,2,2,29.9,0
158,A,LSU,Texas A&M,Aaron Anderson,Receiver,0,0,0.0,0,0,0,0,0.0,0,2,4,16.8,0
158,A,LSU,Texas A&M,Chris Hilton Jr.,Receiver,0,0,0.0,0,0,0,0,0.0,0,1,1,0.0,0
158,A,Texas A&M,LSU,Marcel Reed,QB,20,15,164.7,2,0,3,0,0.0,0,0,0,0.0,0
158,A,Texas A&M,LSU,Le'Veon Moss,Rusher,0,0,0.0,0,0,0,9,39.6,0,0,0,0.0,0
158,A,Texas A&M,LSU,Marcel Reed,Rusher,0,0,0.0,0,0,0,9,35.5,0,0,0,0.0,0
158,A,Texas A&M,LSU,Amari Daniels,Rusher,0,0,0.0,0,0,0,5,7.4,0,0,0,0.0,0
158,A,Texas A&M,LSU,Jamarion Morrow,Rusher,0,0,0.0,0,0,0,1,-2.8,0,0,0,0.0,0
158,A,Texas A&M,LSU,E.J. Smith,Rusher,0,0,0.0,0,0,0,2,-0.3,0,0,0,0.0,0
158,A,Texas A&M,LSU,Miles O'Neill,Rusher,0,0,0.0,0,0,0,2,5.2,0,0,0,0.0,0
158,A,Texas A&M,LSU,Rueben Owens,Rusher,0,0,0.0,0,0,0,3,8.1,0,0,0,0.0,0
158,A,Texas A&M,LSU,Theo Melin Ohrstrom,Receiver,0,0,0.0,0,0,0,0,0.0,0,3,4,11.9,0
158,A,Texas A&M,LSU,Kevin Concepcion,Receiver,0,0,0.0,0,0,0,0,0.0,0,4,5,50.9,1
158,A,Texas A&M,LSU,Mario Craver,Receiver,0,0,0.0,0,0,0,0,0.0,0,4,5,23.1,0
158,A,Texas A&M,LSU,Ashton Bethel-Roman,Receiver,0,0,0.0,0,0,0,0,0.0,0,1,1,30.8,1
158,A,Texas A&M,LSU,Other WR,Receiver,0,0,0.0,0,0,0,0,0.0,0,1,1,16.5,0
158,A,Texas A&M,LSU,Nate Boerkircher,Receiver,0,0,0.0,0,0,0,0,0.0,0,0,1,0.0,0
158,A,Texas A&M,LSU,Terry Bussey,Receiver,0,0,0.0,0,0,0,0,0.0,0,2,2,31.4,0
158,A,Texas A&M,LSU,Amari Niblack,Receiver,0,0,0.0,0,0,0,0,0.0,0,0,1,0.0,0
159,B,Texas A&M,LSU,Marcel Reed,QB,28,21,155.5,0,0,7,0,0.0,0,0,0,0.0,0
159,B,Texas A&M,LSU,Le'Veon Moss,Rusher,0,0,0.0,0,0,0,7,15.6,0,0,0,0.0,0
159,B,Texas A&M,LSU,Amari Daniels,Rusher,0,0,0.0,0,0,0,3,16.5,0,0,0,0.0,0
159,B,Texas A&M,LSU,Marcel Reed,Rusher,0,0,0.0,0,0,0,3,-2.0,0,0,0,0.0,0
159,B,Texas A&M,LSU,Rueben Owens,Rusher,0,0,0.0,0,0,0,3,-7.3,0,0,0,0.0,0
159,B,Texas A&M,LSU,E.J. Smith,Rusher,0,0,0.0,0,0,0,1,-1.9,0,0,0,0.0,0
159,B,Texas A&M,LSU,Mario Craver,Receiver,0,0,0.0,0,0,0,0,0.0,0,5,8,31.4,0
159,B,Texas A&M,LSU,Terry Bussey,Receiver,0,0,0.0,0,0,0,0,0.0,0,1,2,12.9,0
159,B,Texas A&M,LSU,Kevin Concepcion,Receiver,0,0,0.0,0,0,0,0,0.0,0,7,9,76.1,0
159,B,Texas A&M,LSU,Other WR,Receiver,0,0,0.0,0,0,0,0,0.0,0,4,4,31.1,0
159,B,Texas A&M,LSU,Ashton Bethel-Roman,Receiver,0,0,0.0,0,0,0,0,0.0,0,1,2,2.6,0
159,B,Texas A&M,LSU,Amari Niblack,Receiver,0,0,0.0,0,0,0,0,0.0,0,0,0,0.0,0
159,B,Texas A&M,LSU,Theo Melin Ohrstrom,Receiver,0,0,0.0,0,0,0,0,0.0,0,1,1,0.0,0
159,B,Texas A&M,LSU,Nate Boerkircher,Receiver,0,0,0.0,0,0,0,0,0.0,0,2,2,1.3,0
159,B,LSU,Texas A&M,Garrett Nussmeier,QB,21,14,183.0,1,0,3,0,0.0,0,0,0,0.0,0
159,B,LSU,Texas A&M,Caden Durham,Rusher,0,0,0.0,0,0,0,15,54.9,1,0,0,0.0,0
159,B,LSU,Texas A&M,Other RB,Rusher,0,0,0.0,0,0,0,5,7.7,0,0,0,0.0,0
159,B,LSU,Texas A&M,Ju'Juan Johnson,Rusher,0,0,0.0,0,0,0,6,30.6,0,0,0,0.0,0
159,B,LSU,Texas A&M,Harlem Berry,Rusher,0,0,0.0,0,0,0,3,22.7,1,0,0,0.0,0
159,B,LSU,Texas A&M,Kaleb Jackson,Rusher,0,0,0.0,0,0,0,4,-2.8,0,0,0,0.0,0
159,B,LSU,Texas A&M,Garrett Nussmeier,Rusher,0,0,0.0,0,0,0,2,-1.1,0,0,0,0.0,0
159,B,LSU,Texas A&M,Trey'Dez Green,Receiver,0,0,0.0,0,0,0,0,0.0,0,3,5,48.3,0
159,B,LSU,Texas A&M,Kyle Parker,Receiver,0,0,0.0,0,0,0,0,0.0,0,1,1,19.4,0
159,B,LSU,Texas A&M,Chris Hilton Jr.,Receiver,0,0,0.0,0,0,0,0,0.0,0,1,1,21.3,1
159,B,LSU,Texas A&M,Bauer Sharp,Receiver,0,0,0.0,0,0,0,0,0.0,0,2,2,32.9,0
159,B,LSU,Texas A&M,Aaron Anderson,Receiver,0,0,0.0,0,0,0,0,0.0,0,3,6,25.6,0
159,B,LSU,Texas A&M,Other WR,Receiver,0,0,0.0,0,0,0,0,0.0,0,2,3,26.6,0
159,B,LSU,Texas A&M,Zavion Thomas,Receiver,0,0,0.0,0,0,0,0,0.0,0,1,2,8.8,0
159,B,LSU,Texas A&M,Barion Brown,Receiver,0,0,0.0,0,0,0,0,0.0,0,1,1,0.0,0
160,A,LSU,Texas A&M,Garrett Nussmeier,QB,21,12,211.9,1,0,3,0,0.0,0,0,0,0.0,0
160,A,LSU,Texas A&M,Caden Durham,Rusher,0,0,0.0,0,0,0,15,49.0,0,0,0,0.0,0
160,A,LSU,Texas A&M,Ju'Juan Johnson,Rusher,0,0,0.0,0,0,0,6,17.5,0,0,0,0.0,0
160,A,LSU,Texas A&M,Harlem Berry,Rusher,0,0,0.0,0,0,0,5,36.8,0,0,0,0.0,0
160,A,LSU,Texas A&M,Garrett Nussmeier,Rusher,0,0,0.0,0,0,0,1,3.1,0,0,0,0.0,0
160,A,LSU,Texas A&M,Other RB,Rusher,0,0,0.0,0,0,0,5,22.9,1,0,0,0.0,0
160,A,LSU,Texas A&M,Kaleb Jackson,Rusher,0,0,0.0,0,0,0,1,20.4,1,0,0,0.0,0
160,A,LSU,Texas A&M,Other WR,Receiver,0,0,0.0,0,0,0,0,0.0,0,1,2,11.5,0
160,A,LSU,Texas A&M,Aaron Anderson,Receiver,0,0,0.0,0,0,0,0,0.0,0,4,8,61.9,1
160,A,LSU,Texas A&M,Barion Brown,Receiver,0,0,0.0,0,0,0,0,0.0,0,4,5,67.5,0
160,A,LSU,Texas A&M,Trey'Dez Green,Receiver,0,0,0.0,0,0,0,0,0.0,0,0,2,0.0,0
160,A,LSU,Texas A&M,Bauer Sharp,Receiver,0,0,0.0,0,0,0,0,0.0,0,1,1,25.8,0
160,A,LSU,Texas A&M,Nic Anderson,Receiver,0,0,0.0,0,0,0,0,0.0,0,1,1,30.9,0
160,A,LSU,Texas A&M,Chris Hilton Jr.,Receiver,0,0,0.0,0,0,0,0,0.0,0,1,1,14.4,0
160,A,LSU,Texas A&M,Zavion Thomas,Receiver,0,0,0.0,0,0,0,0,0.0,0,0,1,0.0,0
160,A,Texas A&M,LSU,Marcel Reed,QB,30,19,219.6,2,0,5,0,0.0,0,0,0,0.0,0
160,A,Texas A&M,LSU,Le'Veon Moss,Rusher,0,0,0.0,0,0,0,14,57.3,0,0,0,0.0,0
160,A,Texas A&M,LSU,Other RB,Rusher,0,0,0.0,0,0,0,1,6.5,0,0,0,0.0,0
160,A,Texas A&M,LSU,Rueben Owens,Rusher,0,0,0.0,0,0,0,5,25.8,0,0,0,0.0,0
160,A,Texas A&M,LSU,Marcel Reed,Rusher,0,0,0.0,0,0,0,7,7.7,0,0,0,0.0,0
160,A,Texas A&M,LSU,Amari Daniels,Rusher,0,0,0.0,0,0,0,1,8.9,0,0,0,0.0,0
160,A,Texas A&M,LSU,Other WR,Receiver,0,0,0.0,0,0,0,0,0.0,0,9,9,76.4,0
160,A,Texas A&M,LSU,Theo Melin Ohrstrom,Receiver,0,0,0.0,0,0,0,0,0.0,0,0,2,0.0,0
160,A,Texas A&M,LSU,Mario Craver,Receiver,0,0,0.0,0,0,0,0,0.0,0,2,7,35.4,0
160,A,Texas A&M,LSU,Amari Niblack,Receiver,0,0,0.0,0,0,0,0,0.0,0,0,1,0.0,0
160,A,Texas A&M,LSU,Kevin Concepcion,Receiver,0,0,0.0,0,0,0,0,0.0,0,3,4,56.1,1
160,A,Texas A&M,LSU,Terry Bussey,Receiver,0,0,0.0,0,0,0,0,0.0,0,3,4,32.3,1
160,A,Texas A&M,LSU,Nate Boerkircher,Receiver,0,0,0.0,0,0,0,0,0.0,0,0,1,0.0,0
160,A,Texas A&M,LSU,Ashton Bethel-Roman,Receiver,0,0,0.0,0,0,0,0,0.0,0,2,2,19.4,0
161,B,Texas A&M,LSU,Marcel Reed,QB,17,13,152.8,0,0,5,0,0.0,0,0,0,0.0,0
161,B,Texas A&M,LSU,Miles O'Neill,Rusher,0,0,0.0,0,0,0,3,9.9,0,0,0,0.0,0
161,B,Texas A&M,LSU,Le'Veon Moss,Rusher,0,0,0.0,0,0,0,16,62.0,1,0,0,0.0,0
161,B,Texas A&M,LSU,Amari Daniels,Rusher,0,0,0.0,0,0,0,6,36.8,0,0,0,0.0,0
161,B,Texas A&M,LSU,Marcel Reed,Rusher,0,0,0.0,0,0,0,8,52.2,2,0,0,0.0,0
161,B,Texas A&M,LSU,Rueben Owens,Rusher,0,0,0.0,0,0,0,4,12.8,0,0,0,0.0,0
161,B,Texas A&M,LSU,Jamarion Morrow,Rusher,0,0,0.0,0,0,0,1,1.1,0,0,0,0.0,0
161,B,Texas A&M,LSU,Mario Craver,Receiver,0,0,0.0,0,0,0,0,0.0,0,4,5,24.8,0
161,B,Texas A&M,LSU,Kevin Concepcion,Receiver,0,0,0.0,0,0,0,0,0.0,0,3,4,32.0,0
161,B,Texas A&M,LSU,Ashton Bethel-Roman,Receiver,0,0,0.0,0,0,0,0,0.0,0,1,2,16.6,0
161,B,Texas A&M,LSU,Amari Niblack,Receiver,0,0,0.0,0,0,0,0,0.0,0,0,1,0.0,0
161,B,Texas A&M,LSU,Other WR,Receiver,0,0,0.0,0,0,0,0,0.0,0,3,3,63.4,0
161,B,Texas A&M,LSU,Terry Bussey,Receiver,0,0,0.0,0,0,0,0,0.0,0,1,1,0.0,0
161,B,Texas A&M,LSU,Theo Melin Ohrstrom,Receiver,0,0,0.0,0,0,0,0,0.0,0,1,1,16.0,0
161,B,LSU,Texas A&M,Garrett Nussmeier,QB,35,18,210.0,2,0,2,0,0.0,0,0,0,0.0,0
161,B,LSU,Texas A&M,Garrett Nussmeier,Rusher,0,0,0.0,0,0,0,2,2.0,0,0,0,0.0,0
161,B,LSU,Texas A&M,Other RB,Rusher,0,0,0.0,0,0,0,4,16.3,0,0,0,0.0,0
161,B,LSU,Texas A&M,Ju'Juan Johnson,Rusher,0,0,0.0,0,0,0,5,16.1,0,0,0,0.0,0
161,B,LSU,Texas A&M,Kaleb Jackson,Rusher,0,0,0.0,0,0,0,2,7.9,0,0,0,0.0,0
161,B,LSU,Texas A&M,Harlem Berry,Rusher,0,0,0.0,0,0,0,4,15.5,0,0,0,0.0,0
161,B,LSU,Texas A&M,Caden Durham,Rusher,0,0,0.0,0,0,0,11,38.3,0,0,0,0.0,0
161,B,LSU,Texas A&M,Trey'Dez Green,Receiver,0,0,0.0,0,0,0,0,0.0,0,2,2,37.2,0
161,B,LSU,Texas A&M,Barion Brown,Receiver,0,0,0.0,0,0,0,0,0.0,0,3,7,39.9,1
161,B,LSU,Texas A&M,Aaron Anderson,Receiver,0,0,0.0,0,0,0,0,0.0,0,7,11,80.6,0
161,B,LSU,Texas A&M,Zavion Thomas,Receiver,0,0,0.0,0,0,0,0,0.0,0,2,4,22.7,1
161,B,LSU,Texas A&M,Nic Anderson,Receiver,0,0,0.0,0,0,0,0,0.0,0,1,2,0.0,0
161,B,LSU,Texas A&M,Bauer Sharp,Receiver,0,0,0.0,0,0,0,0,0.0,0,1,5,21.5,0
161,B,LSU,Texas A&M,Other WR,Receiver,0,0,0.0,0,0,0,0,0.0,0,2,2,8.2,0
161,B,LSU,Texas A&M,Chris Hilton Jr.,Receiver,0,0,0.0,0,0,0,0,0.0,0,0,1,0.0,0
161,B,LSU,Texas A&M,Kyle Parker,Receiver,0,0,0.0,0,0,0,0,0.0,0,0,1,0.0,0
162,A,LSU,Texas A&M,Garrett Nussmeier,QB,26,18,204.8,1,0,1,0,0.0,0,0,0,0.0,0
162,A,LSU,Texas A&M,Kaleb Jackson,Rusher,0,0,0.0,0,0,0,1,2.5,0,0,0,0.0,0
162,A,LSU,Texas A&M,Caden Durham,Rusher,0,0,0.0,0,0,0,9,56.6,1,0,0,0.0,0
162,A,LSU,Texas A&M,Harlem Berry,Rusher,0,0,0.0,0,0,0,7,13.6,1,0,0,0.0,0
162,A,LSU,Texas A&M,Garrett Nussmeier,Rusher,0,0,0.0,0,0,0,3,18.0,0,0,0,0.0,0
162,A,LSU,Texas A&M,Other RB,Rusher,0,0,0.0,0,0,0,6,38.6,0,0,0,0.0,0
162,A,LSU,Texas A&M,Ju'Juan Johnson,Rusher,0,0,0.0,0,0,0,6,33.6,0,0,0,0.0,0
162,A,LSU,Texas A&M,Nic Anderson,Receiver,0,0,0.0,0,0,0,0,0.0,0,0,3,0.0,0
162,A,LSU,Texas A&M,Zavion Thomas,Receiver,0,0,0.0,0,0,0,0,0.0,0,2,2,19.2,0
162,A,LSU,Texas A&M,Kyle Parker,Receiver,0,0,0.0,0,0,0,0,0.0,0,1,1,7.8,0
162,A,LSU,Texas A&M,Chris Hilton Jr.,Receiver,0,0,0.0,0,0,0,0,0.0,0,3,4,12.4,0
162,A,LSU,Texas A&M,Other WR,Receiver,0,0,0.0,0,0,0,0,0.0,0,3,4,51.7,0
162,A,LSU,Texas A&M,Barion Brown,Receiver,0,0,0.0,0,0,0,0,0.0,0,1,1,51.7,0
162,A,LSU,Texas A&M,Aaron Anderson,Receiver,0,0,0.0,0,0,0,0,0.0,0,5,6,48.3,1
162,A,LSU,Texas A&M,Trey'Dez Green,Receiver,0,0,0.0,0,0,0,0,0.0,0,2,3,6.6,0
162,A,LSU,Texas A&M,Bauer Sharp,Receiver,0,0,0.0,0,0,0,0,0.0,0,1,2,7.2,0
162,A,Texas A&M,LSU,Marcel Reed,QB,25,17,197.7,0,0,3,0,0.0,0,0,0,0.0,0
162,A,Texas A&M,LSU,Le'Veon Moss,Rusher,0,0,0.0,0,0,0,16,70.7,2,0,0,0.0,0
162,A,Texas A&M,LSU,E.J. Smith,Rusher,0,0,0.0,0,0,0,1,5.8,0,0,0,0.0,0
162,A,Texas A&M,LSU,Amari Daniels,Rusher,0,0,0.0,0,0,0,7,35.2,0,0,0,0.0,0
162,A,Texas A&M,LSU,Miles O'Neill,Rusher,0,0,0.0,0,0,0,1,3.6,0,0,0,0.0,0
162,A,Texas A&M,LSU,Jamarion Morrow,Rusher,0,0,0.0,0,0,0,1,-3.7,0,0,0,0.0,0
162,A,Texas A&M,LSU,Rueben Owens,Rusher,0,0,0.0,0,0,0,2,12.5,0,0,0,0.0,0
162,A,Texas A&M,LSU,Marcel Reed,Rusher,0,0,0.0,0,0,0,2,9.0,0,0,0,0.0,0
162,A,Texas A&M,LSU,Terry Bussey,Receiver,0,0,0.0,0,0,0,0,0.0,0,2,3,22.3,0
162,A,Texas A&M,LSU,Ashton Bethel-Roman,Receiver,0,0,0.0,0,0,0,0,0.0,0,1,1,0.0,0
162,A,Texas A&M,LSU,Mario Craver,Receiver,0,0,0.0,0,0,0,0,0.0,0,5,8,26.0,0
162,A,Texas A&M,LSU,Other WR,Receiver,0,0,0.0,0,0,0,0,0.0,0,3,3,71.3,0
162,A,Texas A&M,LSU,Theo Melin Ohrstrom,Receiver,0,0,0.0,0,0,0,0,0.0,0,2,3,33.7,0
162,A,Texas A&M,LSU,Kevin Concepcion,Receiver,0,0,0.0,0,0,0,0,0.0,0,4,7,44.5,0
163,B,Texas A&M,LSU,Marcel Reed,QB,22,11,128.1,0,0,8,0,0.0,0,0,0,0.0,0
163,B,Texas A&M,LSU,Le'Veon Moss,Rusher,0,0,0.0,0,0,0,17,64.4,1,0,0,0.0,0
163,B,Texas A&M,LSU,Marcel Reed,Rusher,0,0,0.0,0,0,0,4,10.8,0,0,0,0.0,0
163,B,Texas A&M,LSU,Rueben Owens,Rusher,0,0,0.0,0,0,0,5,30.6,0,0,0,0.0,0
163,B,Texas A&M,LSU,Amari Daniels,Rusher,0,0,0.0,0,0,0,3,13.1,0,0,0,0.0,0
163,B,Texas A&M,LSU,Other WR,Receiver,0,0,0.0,0,0,0,0,0.0,0,1,1,0.0,0
163,B,Texas A&M,LSU,Mario Craver,Receiver,0,0,0.0,0,0,0,0,0.0,0,1,5,6.9,0
163,B,Texas A&M,LSU,Ashton Bethel-Roman,Receiver,0,0,0.0,0,0,0,0,0.0,0,2,4,29.6,0
163,B,Texas A&M,LSU,Kevin Concepcion,Receiver,0,0,0.0,0,0,0,0,0.0,0,4,7,35.3,0
163,B,Texas A&M,LSU,Nate Boerkircher,Receiver,0,0,0.0,0,0,0,0,0.0,0,2,2,24.6,0
163,B,Texas A&M,LSU,Theo Melin Ohrstrom,Receiver,0,0,0.0,0,0,0,0,0.0,0,1,1,31.7,0
163,B,Texas A&M,LSU,Terry Bussey,Receiver,0,0,0.0,0,0,0,0,0.0,0,0,1,0.0,0
163,B,Texas A&M,LSU,Amari Niblack,Receiver,0,0,0.0,0,0,0,0,0.0,0,0,1,0.0,0
163,B,LSU,Texas A&M,Garrett Nussmeier,QB,23,12,125.9,0,0,2,0,0.0,0,0,0,0.0,0
163,B,LSU,Texas A&M,Harlem Berry,Rusher,0,0,0.0,0,0,0,10,45.7,0,0,0,0.0,0
163,B,LSU,Texas A&M,Caden Durham,Rusher,0,0,0.0,0,0,0,18,53.3,1,0,0,0.0,0
163,B,LSU,Texas A&M,Ju'Juan Johnson,Rusher,0,0,0.0,0,0,0,5,22.4,0,0,0,0.0,0
163,B,LSU,Texas A&M,Kaleb Jackson,Rusher,0,0,0.0,0,0,0,1,0.6,0,0,0,0.0,0
163,B,LSU,Texas A&M,Other RB,Rusher,0,0,0.0,0,0,0,2,6.3,1,0,0,0.0,0
163,B,LSU,Texas A&M,Aaron Anderson,Receiver,0,0,0.0,0,0,0,0,0.0,0,4,5,67.8,0
163,B,LSU,Texas A&M,Barion Brown,Receiver,0,0,0.0,0,0,0,0,0.0,0,3,8,34.3,0
163,B,LSU,Texas A&M,Chris Hilton Jr.,Receiver,0,0,0.0,0,0,0,0,0.0,0,1,2,11.2,0
163,B,LSU,Texas A&M,Trey'Dez Green,Receiver,0,0,0.0,0,0,0,0,0.0,0,1,2,2.0,0
163,B,LSU,Texas A&M,Kyle Parker,Receiver,0,0,0.0,0,0,0,0,0.0,0,2,4,5.5,0
163,B,LSU,Texas A&M,Bauer Sharp,Receiver,0,0,0.0,0,0,0,0,0.0,0,0,0,0.0,0
163,B,LSU,Texas A&M,Other WR,Receiver,0,0,0.0,0,0,0,0,0.0,0,0,1,0.0,0
163,B,LSU,Texas A&M,Nic Anderson,Receiver,0,0,0.0,0,0,0,0,0.0,0,1,1,5.2,0
164,A,LSU,Texas A&M,Garrett Nussmeier,QB,28,17,208.3,1,0,7,0,0.0,0,0,0,0.0,0
164,A,LSU,Texas A&M,Caden Durham,Rusher,0,0,0.0,0,0,0,16,44.5,1,0,0,0.0,0
164,A,LSU,Texas A&M,Other RB,Rusher,0,0,0.0,0,0,0,3,21.7,0,0,0,0.0,0
164,A,LSU,Texas A&M,Ju'Juan Johnson,Rusher,0,0,0.0,0,0,0,4,14.6,0,0,0,0.0,0
164,A,LSU,Texas A&M,Harlem Berry,Rusher,0,0,0.0,0,0,0,5,40.6,0,0,0,0.0,0
164,A,LSU,Texas A&M,Garrett Nussmeier,Rusher,0,0,0.0,0,0,0,3,8.6,0,0,0,0.0,0
164,A,LSU,Texas A&M,Kaleb Jackson,Rusher,0,0,0.0,0,0,0,1,9.5,0,0,0,0.0,0
164,A,LSU,Texas A&M,Chris Hilton Jr.,Receiver,0,0,0.0,0,0,0,0,0.0,0,1,1,15.3,0
164,A,LSU,Texas A&M,Trey'Dez Green,Receiver,0,0,0.0,0,0,0,0,0.0,0,2,4,26.8,0
164,A,LSU,Texas A&M,Other WR,Receiver,0,0,0.0,0,0,0,0,0.0,0,1,2,19.8,0
164,A,LSU,Texas A&M,Nic Anderson,Receiver,0,0,0.0,0,0,0,0,0.0,0,0,1,0.0,0
164,A,LSU,Texas A&M,Zavion Thomas,Receiver,0,0,0.0,0,0,0,0,0.0,0,2,3,24.5,0
164,A,LSU,Texas A&M,Barion Brown,Receiver,0,0,0.0,0,0,0,0,0.0,0,5,7,45.3,0
164,A,LSU,Texas A&M,Aaron Anderson,Receiver,0,0,0.0,0,0,0,0,0.0,0,5,6,56.8,1
164,A,LSU,Texas A&M,Bauer Sharp,Receiver,0,0,0.0,0,0,0,0,0.0,0,0,1,0.0,0
164,A,LSU,Texas A&M,Kyle Parker,Receiver,0,0,0.0,0,0,0,0,0.0,0,1,3,19.9,0
164,A,Texas A&M,LSU,Marcel Reed,QB,21,12,157.9,0,0,3,0,0.0,0,0,0,0.0,0
164,A,Texas A&M,LSU,Rueben Owens,Rusher,0,0,0.0,0,0,0,3,9.4,0,0,0,0.0,0
164,A,Texas A&M,LSU,Le'Veon Moss,Rusher,0,0,0.0,0,0,0,15,92.5,2,0,0,0.0,0
164,A,Texas A&M,LSU,Amari Daniels,Rusher,0,0,0.0,0,0,0,3,2.8,0,0,0,0.0,0
164,A,Texas A&M,LSU,Marcel Reed,Rusher,0,0,0.0,0,0,0,7,13.9,0,0,0,0.0,0
164,A,Texas A&M,LSU,Miles O'Neill,Rusher,0,0,0.0,0,0,0,1,8.6,0,0,0,0.0,0
164,A,Texas A&M,LSU,E.J. Smith,Rusher,0,0,0.0,0,0,0,1,-4.0,0,0,0,0.0,0
164,A,Texas A&M,LSU,Other WR,Receiver,0,0,0.0,0,0,0,0,0.0,0,2,5,56.4,0
164,A,Texas A&M,LSU,Nate Boerkircher,Receiver,0,0,0.0,0,0,0,0,0.0,0,2,2,11.8,0
164,A,Texas A&M,LSU,Kevin Concepcion,Receiver,0,0,0.0,0,0,0,0,0.0,0,4,7,57.6,0
164,A,Texas A&M,LSU,Terry Bussey,Receiver,0,0,0.0,0,0,0,0,0.0,0,2,2,28.3,0
164,A,Texas A&M,LSU,Mario Craver,Receiver,0,0,0.0,0,0,0,0,0.0,0,1,3,0.8,0
164,A,Texas A&M,LSU,Theo Melin Ohrstrom,Receiver,0,0,0.0,0,0,0,0,0.0,0,1,1,3.0,0
164,A,Texas A&M,LSU,Ashton Bethel-Roman,Receiver,0,0,0.0,0,0,0,0,0.0,0,0,1,0.0,0
165,B,Texas A&M,LSU,Marcel Reed,QB,25,18,241.0,2,0,5,0,0.0,0,0,0,0.0,0
165,B,Texas A&M,LSU,Marcel Reed,Rusher,0,0,0.0,0,0,0,7,22.9,0,0,0,0.0,0
165,B,Texas A&M,LSU,Amari Daniels,Rusher,0,0,0.0,0,0,0,8,15.2,0,0,0,0.0,0
165,B,Texas A&M,LSU,Rueben Owens,Rusher,0,0,0.0,0,0,0,2,7.1,0,0,0,0.0,0
165,B,Texas A&M,LSU,Le'Veon Moss,Rusher,0,0,0.0,0,0,0,6,3.3,0,0,0,0.0,0
165,B,Texas A&M,LSU,Kevin Concepcion,Receiver,0,0,0.0,0,0,0,0,0.0,0,3,5,32.8,0
165,B,Texas A&M,LSU,Other WR,Receiver,0,0,0.0,0,0,0,0,0.0,0,4,4,64.5,0
165,B,Texas A&M,LSU,Terry Bussey,Receiver,0,0,0.0,0,0,0,0,0.0,0,2,2,26.6,0
165,B,Texas A&M,LSU,Mario Craver,Receiver,0,0,0.0,0,0,0,0,0.0,0,3,5,40.4,0
165,B,Texas A&M,LSU,Ashton Bethel-Roman,Receiver,0,0,0.0,0,0,0,0,0.0,0,4,4,44.6,1
165,B,Texas A&M,LSU,Nate Boerkircher,Receiver,0,0,0.0,0,0,0,0,0.0,0,1,2,19.5,0
165,B,Texas A&M,LSU,Theo Melin Ohrstrom,Receiver,0,0,0.0,0,0,0,0,0.0,0,0,1,0.0,0
165,B,Texas A&M,LSU,Amari Niblack,Receiver,0,0,0.0,0,0,0,0,0.0,0,1,2,12.5,1
165,B,LSU,Texas A&M,Garrett Nussmeier,QB,23,15,149.8,1,0,1,0,0.0,0,0,0,0.0,0
165,B,LSU,Texas A&M,Caden Durham,Rusher,0,0,0.0,0,0,0,19,87.1,1,0,0,0.0,0
165,B,LSU,Texas A&M,Other RB,Rusher,0,0,0.0,0,0,0,4,2.6,0,0,0,0.0,0
165,B,LSU,Texas A&M,Ju'Juan Johnson,Rusher,0,0,0.0,0,0,0,6,19.6,0,0,0,0.0,0
165,B,LSU,Texas A&M,Harlem Berry,Rusher,0,0,0.0,0,0,0,7,27.4,0,0,0,0.0,0
165,B,LSU,Texas A&M,Kaleb Jackson,Rusher,0,0,0.0,0,0,0,3,0.8,0,0,0,0.0,0
165,B,LSU,Texas A&M,Other WR,Receiver,0,0,0.0,0,0,0,0,0.0,0,3,4,52.4,0
165,B,LSU,Texas A&M,Barion Brown,Receiver,0,0,0.0,0,0,0,0,0.0,0,3,6,9.0,0
165,B,LSU,Texas A&M,Aaron Anderson,Receiver,0,0,0.0,0,0,0,0,0.0,0,1,4,18.0,1
165,B,LSU,Texas A&M,Nic Anderson,Receiver,0,0,0.0,0,0,0,0,0.0,0,3,3,0.3,0
165,B,LSU,Texas A&M,Trey'Dez Green,Receiver,0,0,0.0,0,0,0,0,0.0,0,1,2,5.9,0
165,B,LSU,Texas A&M,Kyle Parker,Receiver,0,0,0.0,0,0,0,0,0.0,0,1,1,5.8,0
165,B,LSU,Texas A&M,Bauer Sharp,Receiver,0,0,0.0,0,0,0,0,0.0,0,3,3,58.3,0
166,A,LSU,Texas A&M,Garrett Nussmeier,QB,35,18,175.4,1,0,1,0,0.0,0,0,0,0.0,0
166,A,LSU,Texas A&M,Kaleb Jackson,Rusher,0,0,0.0,0,0,0,3,15.0,0,0,0,0.0,0
166,A,LSU,Texas A&M,Garrett Nussmeier,Rusher,0,0,0.0,0,0,0,4,7.8,1,0,0,0.0,0
166,A,LSU,Texas A&M,Other RB,Rusher,0,0,0.0,0,0,0,2,8.3,0,0,0,0.0,0
166,A,LSU,Texas A&M,Caden Durham,Rusher,0,0,0.0,0,0,0,9,42.5,0,0,0,0.0,0
166,A,LSU,Texas A&M,Harlem Berry,Rusher,0,0,0.0,0,0,0,5,29.3,1,0,0,0.0,0
166,A,LSU,Texas A&M,Ju'Juan Johnson,Rusher,0,0,0.0,0,0,0,6,36.9,0,0,0,0.0,0
166,A,LSU,Texas A&M,Bauer Sharp,Receiver,0,0,0.0,0,0,0,0,0.0,0,3,4,42.5,0
166,A,LSU,Texas A&M,Kyle Parker,Receiver,0,0,0.0,0,0,0,0,0.0,0,1,3,12.7,0
166,A,LSU,Texas A&M,Nic Anderson,Receiver,0,0,0.0,0,0,0,0,0.0,0,1,3,11.2,0
166,A,LSU,Texas A&M,Trey'Dez Green,Receiver,0,0,0.0,0,0,0,0,0.0,0,3,5,24.1,1
166,A,LSU,Texas A&M,Aaron Anderson,Receiver,0,0,0.0,0,0,0,0,0.0,0,4,8,28.9,0
166,A,LSU,Texas A&M,Barion Brown,Receiver,0,0,0.0,0,0,0,0,0.0,0,2,3,11.3,0
166,A,LSU,Texas A&M,Other WR,Receiver,0,0,0.0,0,0,0,0,0.0,0,2,4,22.2,0
166,A,LSU,Texas A&M,Zavion Thomas,Receiver,0,0,0.0,0,0,0,0,0.0,0,2,3,22.5,0
166,A,LSU,Texas A&M,Chris Hilton Jr.,Receiver,0,0,0.0,0,0,0,0,0.0,0,0,2,0.0,0
166,A,Texas A&M,LSU,Marcel Reed,QB,24,18,170.1,2,0,5,0,0.0,0,0,0,0.0,0
166,A,Texas A&M,LSU,Le'Veon Moss,Rusher,0,0,0.0,0,0,0,10,53.8,0,0,0,0.0,0
166,A,Texas A&M,LSU,Miles O'Neill,Rusher,0,0,0.0,0,0,0,1,1.1,0,0,0,0.0,0
166,A,Texas A&M,LSU,Marcel Reed,Rusher,0,0,0.0,0,0,0,9,31.6,1,0,0,0.0,0
166,A,Texas A&M,LSU,Rueben Owens,Rusher,0,0,0.0,0,0,0,9,81.5,1,0,0,0.0,0
166,A,Texas A&M,LSU,E.J. Smith,Rusher,0,0,0.0,0,0,0,1,1.1,0,0,0,0.0,0
166,A,Texas A&M,LSU,Amari Daniels,Rusher,0,0,0.0,0,0,0,2,11.4,0,0,0,0.0,0
166,A,Texas A&M,LSU,Nate Boerkircher,Receiver,0,0,0.0,0,0,0,0,0.0,0,4,5,18.5,0
166,A,Texas A&M,LSU,Theo Melin Ohrstrom,Receiver,0,0,0.0,0,0,0,0,0.0,0,0,0,0.0,0
166,A,Texas A&M,LSU,Other WR,Receiver,0,0,0.0,0,0,0,0,0.0,0,5,7,56.7,1
166,A,Texas A&M,LSU,Kevin Concepcion,Receiver,0,0,0.0,0,0,0,0,0.0,0,3,6,34.4,0
166,A,Texas A&M,LSU,Amari Niblack,Receiver,0,0,0.0,0,0,0,0,0.0,0,1,1,0.0,0
166,A,Texas A&M,LSU,Mario Craver,Receiver,0,0,0.0,0,0,0,0,0.0,0,3,3,36.6,0
166,A,Texas A&M,LSU,Terry Bussey,Receiver,0,0,0.0,0,0,0,0,0.0,0,2,2,24.0,1
167,B,Texas A&M,LSU,Marcel Reed,QB,21,14,141.6,1,0,5,0,0.0,0,0,0,0.0,0
167,B,Texas A&M,LSU,Rueben Owens,Rusher,0,0,0.0,0,0,0,16,67.9,0,0,0,0.0,0
167,B,Texas A&M,LSU,Marcel Reed,Rusher,0,0,0.0,0,0,0,4,5.4,0,0,0,0.0,0
167,B,Texas A&M,LSU,Le'Veon Moss,Rusher,0,0,0.0,0,0,0,13,22.3,0,0,0,0.0,0
167,B,Texas A&M,LSU,E.J. Smith,Rusher,0,0,0.0,0,0,0,2,4.1,0,0,0,0.0,0
167,B,Texas A&M,LSU,Amari Daniels,Rusher,0,0,0.0,0,0,0,2,9.5,0,0,0,0.0,0
167,B,Texas A&M,LSU,Jamarion Morrow,Rusher,0,0,0.0,0,0,0,1,2.3,0,0,0,0.0,0
167,B,Texas A&M,LSU,Mario Craver,Receiver,0,0,0.0,0,0,0,0,0.0,0,4,8,33.9,0
167,B,Texas A&M,LSU,Nate Boerkircher,Receiver,0,0,0.0,0,0,0,0,0.0,0,2,2,27.2,0
167,B,Texas A&M,LSU,Ashton Bethel-Roman,Receiver,0,0,0.0,0,0,0,0,0.0,0,1,1,0.0,0
167,B,Texas A&M,LSU,Kevin Concepcion,Receiver,0,0,0.0,0,0,0,0,0.0,0,4,6,37.4,1
167,B,Texas A&M,LSU,Other WR,Receiver,0,0,0.0,0,0,0,0,0.0,0,1,2,26.5,0
167,B,Texas A&M,LSU,Terry Bussey,Receiver,0,0,0.0,0,0,0,0,0.0,0,2,2,16.6,0
167,B,Texas A&M,LSU,Theo Melin Ohrstrom,Receiver,0,0,0.0,0,0,0,0,0.0,0,0,0,0.0,0
167,B,LSU,Texas A&M,Garrett Nussmeier,QB,27,14,119.7,0,0,3,0,0.0,0,0,0,0.0,0
167,B,LSU,Texas A&M,Harlem Berry,Rusher,0,0,0.0,0,0,0,4,23.2,0,0,0,0.0,0
167,B,LSU,Texas A&M,Other RB,Rusher,0,0,0.0,0,0,0,4,13.8,0,0,0,0.0,0
167,B,LSU,Texas A&M,Caden Durham,Rusher,0,0,0.0,0,0,0,11,7.5,0,0,0,0.0,0
167,B,LSU,Texas A&M,Ju'Juan Johnson,Rusher,0,0,0.0,0,0,0,2,-3.9,0,0,0,0.0,0
167,B,LSU,Texas A&M,Kaleb Jackson,Rusher,0,0,0.0,0,0,0,2,12.5,0,0,0,0.0,0
167,B,LSU,Texas A&M,Barion Brown,Receiver,0,0,0.0,0,0,0,0,0.0,0,5,8,42.4,0
167,B,LSU,Texas A&M,Aaron Anderson,Receiver,0,0,0.0,0,0,0,0,0.0,0,3,5,34.2,0
167,B,LSU,Texas A&M,Chris Hilton Jr.,Receiver,0,0,0.0,0,0,0,0,0.0,0,0,1,0.0,0
167,B,LSU,Texas A&M,Nic Anderson,Receiver,0,0,0.0,0,0,0,0,0.0,0,3,4,16.8,0
167,B,LSU,Texas A&M,Trey'Dez Green,Receiver,0,0,0.0,0,0,0,0,0.0,0,2,2,25.8,0
167,B,LSU,Texas A&M,Bauer Sharp,Receiver,0,0,0.0,0,0,0,0,0.0,0,1,3,0.6,0
167,B,LSU,Texas A&M,Zavion Thomas,Receiver,0,0,0.0,0,0,0,0,0.0,0,0,3,0.0,0
167,B,LSU,Texas A&M,Other WR,Receiver,0,0,0.0,0,0,0,0,0.0,0,0,1,0.0,0
167,B,LSU,Texas A&M,Kyle Parker,Receiver,0,0,0.0,0,0,0,0,0.0,0,0,0,0.0,0
168,A,LSU,Texas A&M,Garrett Nussmeier,QB,26,14,174.8,1,0,6,0,0.0,0,0,0,0.0,0
168,A,LSU,Texas A&M,Caden Durham,Rusher,0,0,0.0,0,0,0,17,55.4,1,0,0,0.0,0
168,A,LSU,Texas A&M,Garrett Nussmeier,Rusher,0,0,0.0,0,0,0,2,2.2,0,0,0,0.0,0
168,A,LSU,Texas A&M,Ju'Juan Johnson,Rusher,0,0,0.0,0,0,0,1,11.2,0,0,0,0.0,0
168,A,LSU,Texas A&M,Kaleb Jackson,Rusher,0,0,0.0,0,0,0,1,10.3,0,0,0,0.0,0
168,A,LSU,Texas A&M,Harlem Berry,Rusher,0,0,0.0,0,0,0,1,6.6,0,0,0,0.0,0
168,A,LSU,Texas A&M,Other RB,Rusher,0,0,0.0,0,0,0,1,11.1,0,0,0,0.0,0
168,A,LSU,Texas A&M,Aaron Anderson,Receiver,0,0,0.0,0,0,0,0,0.0,0,4,6,38.7,0
168,A,LSU,Texas A&M,Zavion Thomas,Receiver,0,0,0.0,0,0,0,0,0.0,0,1,2,9.0,0
168,A,LSU,Texas A&M,Bauer Sharp,Receiver,0,0,0.0,0,0,0,0,0.0,0,1,5,7.7,0
168,A,LSU,Texas A&M,Trey'Dez Green,Receiver,0,0,0.0,0,0,0,0,0.0,0,4,4,32.9,0
168,A,LSU,Texas A&M,Barion Brown,Receiver,0,0,0.0,0,0,0,0,0.0,0,0,3,0.0,0
168,A,LSU,Texas A&M,Other WR,Receiver,0,0,0.0,0,0,0,0,0.0,0,1,1,22.1,1
168,A,LSU,Texas A&M,Nic Anderson,Receiver,0,0,0.0,0,0,0,0,0.0,0,1,2,28.3,0
168,A,LSU,Texas A&M,Kyle Parker,Receiver,0,0,0.0,0,0,0,0,0.0,0,1,2,20.7,0
168,A,LSU,Texas A&M,Chris Hilton Jr.,Receiver,0,0,0.0,0,0,0,0,0.0,0,1,1,15.4,0
168,A,Texas A&M,LSU,Marcel Reed,QB,24,15,198.4,0,0,2,0,0.0,0,0,0,0.0,0
168,A,Texas A&M,LSU,Marcel Reed,Rusher,0,0,0.0,0,0,0,7,9.2,0,0,0,0.0,0
168,A,Texas A&M,LSU,Le'Veon Moss,Rusher,0,0,0.0,0,0,0,15,62.4,0,0,0,0.0,0
168,A,Texas A&M,LSU,Amari Daniels,Rusher,0,0,0.0,0,0,0,11,28.9,1,0,0,0.0,0
168,A,Texas A&M,LSU,Rueben Owens,Rusher,0,0,0.0,0,0,0,7,17.7,1,0,0,0.0,0
168,A,Texas A&M,LSU,Jamarion Morrow,Rusher,0,0,0.0,0,0,0,1,7.9,0,0,0,0.0,0
168,A,Texas A&M,LSU,Theo Melin Ohrstrom,Receiver,0,0,0.0,0,0,0,0,0.0,0,2,2,0.0,0
168,A,Texas A&M,LSU,Other WR,Receiver,0,0,0.0,0,0,0,0,0.0,0,6,8,95.4,0
168,A,Texas A&M,LSU,Mario Craver,Receiver,0,0,0.0,0,0,0,0,0.0,0,1,4,9.6,0
168,A,Texas A&M,LSU,Ashton Bethel-Roman,Receiver,0,0,0.0,0,0,0,0,0.0,0,1,1,22.5,0
168,A,Texas A&M,LSU,Kevin Concepcion,Receiver,0,0,0.0,0,0,0,0,0.0,0,3,7,48.2,0
168,A,Texas A&M,LSU,Terry Bussey,Receiver,0,0,0.0,0,0,0,0,0.0,0,1,1,16.4,0
168,A,Texas A&M,LSU,Amari Niblack,Receiver,0,0,0.0,0,0,0,0,0.0,0,1,1,6.4,0
169,B,Texas A&M,LSU,Marcel Reed,QB,30,22,238.9,1,0,2,0,0.0,0,0,0,0.0,0
169,B,Texas A&M,LSU,Rueben Owens,Rusher,0,0,0.0,0,0,0,7,59.6,1,0,0,0.0,0
169,B,Texas A&M,LSU,Marcel Reed,Rusher,0,0,0.0,0,0,0,7,18.5,1,0,0,0.0,0
169,B,Texas A&M,LSU,Amari Daniels,Rusher,0,0,0.0,0,0,0,6,42.1,1,0,0,0.0,0
169,B,Texas A&M,LSU,Le'Veon Moss,Rusher,0,0,0.0,0,0,0,6,8.9,0,0,0,0.0,0
169,B,Texas A&M,LSU,Miles O'Neill,Rusher,0,0,0.0,0,0,0,1,0.4,0,0,0,0.0,0
169,B,Texas A&M,LSU,E.J. Smith,Rusher,0,0,0.0,0,0,0,2,23.5,1,0,0,0.0,0
169,B,Texas A&M,LSU,Theo Melin Ohrstrom,Receiver,0,0,0.0,0,0,0,0,0.0,0,3,6,41.2,0
169,B,Texas A&M,LSU,Ashton Bethel-Roman,Receiver,0,0,0.0,0,0,0,0,0.0,0,2,3,0.6,0
169,B,Texas A&M,LSU,Mario Craver,Receiver,0,0,0.0,0,0,0,0,0.0,0,11,11,129.5,1
169,B,Texas A&M,LSU,Kevin Concepcion,Receiver,0,0,0.0,0,0,0,0,0.0,0,3,4,40.8,0
169,B,Texas A&M,LSU,Terry Bussey,Receiver,0,0,0.0,0,0,0,0,0.0,0,1,1,0.0,0
169,B,Texas A&M,LSU,Other WR,Receiver,0,0,0.0,0,0,0,0,0.0,0,2,5,26.8,0
169,B,LSU,Texas A&M,Garrett Nussmeier,QB,35,22,220.9,1,0,2,0,0.0,0,0,0,0.0,0
169,B,LSU,Texas A&M,Caden Durham,Rusher,0,0,0.0,0,0,0,16,40.5,1,0,0,0.0,0
169,B,LSU,Texas A&M,Other RB,Rusher,0,0,0.0,0,0,0,1,4.9,0,0,0,0.0,0
169,B,LSU,Texas A&M,Kaleb Jackson,Rusher,0,0,0.0,0,0,0,2,18.8,0,0,0,0.0,0
169,B,LSU,Texas A&M,Ju'Juan Johnson,Rusher,0,0,0.0,0,0,0,3,19.4,0,0,0,0.0,0
169,B,LSU,Texas A&M,Harlem Berry,Rusher,0,0,0.0,0,0,0,4,5.1,0,0,0,0.0,0
169,B,LSU,Texas A&M,Garrett Nussmeier,Rusher,0,0,0.0,0,0,0,2,3.1,0,0,0,0.0,0
169,B,LSU,Texas A&M,Other WR,Receiver,0,0,0.0,0,0,0,0,0.0,0,2,4,34.4,0
169,B,LSU,Texas A&M,Barion Brown,Receiver,0,0,0.0,0,0,0,0,0.0,0,5,6,54.3,0
169,B,LSU,Texas A&M,Zavion Thomas,Receiver,0,0,0.0,0,0,0,0,0.0,0,4,4,47.4,1
169,B,LSU,Texas A&M,Aaron Anderson,Receiver,0,0,0.0,0,0,0,0,0.0,0,5,7,12.8,0
169,B,LSU,Texas A&M,Trey'Dez Green,Receiver,0,0,0.0,0,0,0,0,0.0,0,2,6,28.3,0
169,B,LSU,Texas A&M,Bauer Sharp,Receiver,0,0,0.0,0,0,0,0,0.0,0,2,5,27.9,0
169,B,LSU,Texas A&M,Kyle Parker,Receiver,0,0,0.0,0,0,0,0,0.0,0,0,1,0.0,0
169,B,LSU,Texas A&M,Chris Hilton Jr.,Receiver,0,0,0.0,0,0,0,0,0.0,0,1,1,6.8,0
169,B,LSU,Texas A&M,Nic Anderson,Receiver,0,0,0.0,0,0,0,0,0.0,0,1,1,9.0,0
170,A,LSU,Texas A&M,Garrett Nussmeier,QB,34,17,143.1,0,0,1,0,0.0,0,0,0,0.0,0
170,A,LSU,Texas A&M,Harlem Berry,Rusher,0,0,0.0,0,0,0,3,-4.2,0,0,0,0.0,0
170,A,LSU,Texas A&M,Caden Durham,Rusher,0,0,0.0,0,0,0,12,65.4,1,0,0,0.0,0
170,A,LSU,Texas A&M,Ju'Juan Johnson,Rusher,0,0,0.0,0,0,0,7,28.2,0,0,0,0.0,0
170,A,LSU,Texas A&M,Kaleb Jackson,Rusher,0,0,0.0,0,0,0,3,0.9,0,0,0,0.0,0
170,A,LSU,Texas A&M,Other RB,Rusher,0,0,0.0,0,0,0,1,0.7,0,0,0,0.0,0
170,A,LSU,Texas A&M,Garrett Nussmeier,Rusher,0,0,0.0,0,0,0,2,5.1,0,0,0,0.0,0
170,A,LSU,Texas A&M,Barion Brown,Receiver,0,0,0.0,0,0,0,0,0.0,0,4,6,22.2,0
170,A,LSU,Texas A&M,Zavion Thomas,Receiver,0,0,0.0,0,0,0,0,0.0,0,3,4,35.7,0
170,A,LSU,Texas A&M,Nic Anderson,Receiver,0,0,0.0,0,0,0,0,0.0,0,2,7,8.9,0
170,A,LSU,Texas A&M,Aaron Anderson,Receiver,0,0,0.0,0,0,0,0,0.0,0,1,4,0.0,0
170,A,LSU,Texas A&M,Bauer Sharp,Receiver,0,0,0.0,0,0,0,0,0.0,0,1,3,14.7,0
170,A,LSU,Texas A&M,Kyle Parker,Receiver,0,0,0.0,0,0,0,0,0.0,0,1,3,26.8,0
170,A,LSU,Texas A&M,Other WR,Receiver,0,0,0.0,0,0,0,0,0.0,0,2,2,8.1,0
170,A,LSU,Texas A&M,Trey'Dez Green,Receiver,0,0,0.0,0,0,0,0,0.0,0,2,3,11.2,0
170,A,LSU,Texas A&M,Chris Hilton Jr.,Receiver,0,0,0.0,0,0,0,0,0.0,0,1,2,15.6,0
170,A,Texas A&M,LSU,Marcel Reed,QB,28,18,138.9,1,0,1,0,0.0,0,0,0,0.0,0
170,A,Texas A&M,LSU,Amari Daniels,Rusher,0,0,0.0,0,0,0,5,38.5,1,0,0,0.0,0
170,A,Texas A&M,LSU,Marcel Reed,Rusher,0,0,0.0,0,0,0,8,34.4,0,0,0,0.0,0
170,A,Texas A&M,LSU,E.J. Smith,Rusher,0,0,0.0,0,0,0,1,12.9,0,0,0,0.0,0
170,A,Texas A&M,LSU,Le'Veon Moss,Rusher,0,0,0.0,0,0,0,17,105.2,2,0,0,0.0,0
170,A,Texas A&M,LSU,Rueben Owens,Rusher,0,0,0.0,0,0,0,4,14.7,0,0,0,0.0,0
170,A,Texas A&M,LSU,Miles O'Neill,Rusher,0,0,0.0,0,0,0,1,0.5,0,0,0,0.0,0
170,A,Texas A&M,LSU,Jamarion Morrow,Rusher,0,0,0.0,0,0,0,1,5.6,0,0,0,0.0,0
170,A,Texas A&M,LSU,Theo Melin Ohrstrom,Receiver,0,0,0.0,0,0,0,0,0.0,0,1,3,5.2,0
170,A,Texas A&M,LSU,Mario Craver,Receiver,0,0,0.0,0,0,0,0,0.0,0,5,7,34.0,0
170,A,Texas A&M,LSU,Other WR,Receiver,0,0,0.0,0,0,0,0,0.0,0,4,4,24.0,1
170,A,Texas A&M,LSU,Kevin Concepcion,Receiver,0,0,0.0,0,0,0,0,0.0,0,6,10,62.2,0
170,A,Texas A&M,LSU,Terry Bussey,Receiver,0,0,0.0,0,0,0,0,0.0,0,2,4,13.5,0
171,B,Texas A&M,LSU,Marcel Reed,QB,34,21,206.1,1,0,8,0,0.0,0,0,0,0.0,0
171,B,Texas A&M,LSU,Le'Veon Moss,Rusher,0,0,0.0,0,0,0,8,33.9,0,0,0,0.0,0
171,B,Texas A&M,LSU,Rueben Owens,Rusher,0,0,0.0,0,0,0,1,-3.9,0,0,0,0.0,0
171,B,Texas A&M,LSU,Jamarion Morrow,Rusher,0,0,0.0,0,0,0,3,1.5,0,0,0,0.0,0
171,B,Texas A&M,LSU,Amari Daniels,Rusher,0,0,0.0,0,0,0,2,8.8,0,0,0,0.0,0
171,B,Texas A&M,LSU,E.J. Smith,Rusher,0,0,0.0,0,0,0,1,1.1,0,0,0,0.0,0
171,B,Texas A&M,LSU,Marcel Reed,Rusher,0,0,0.0,0,0,0,2,8.1,0,0,0,0.0,0
171,B,Texas A&M,LSU,Terry Bussey,Receiver,0,0,0.0,0,0,0,0,0.0,0,1,1,12.5,0
171,B,Texas A&M,LSU,Theo Melin Ohrstrom,Receiver,0,0,0.0,0,0,0,0,0.0,0,1,4,16.3,1
171,B,Texas A&M,LSU,Other WR,Receiver,0,0,0.0,0,0,0,0,0.0,0,7,9,71.8,0
171,B,Texas A&M,LSU,Ashton Bethel-Roman,Receiver,0,0,0.0,0,0,0,0,0.0,0,2,3,1.5,0
171,B,Texas A&M,LSU,Mario Craver,Receiver,0,0,0.0,0,0,0,0,0.0,0,3,9,17.4,0
171,B,Texas A&M,LSU,Kevin Concepcion,Receiver,0,0,0.0,0,0,0,0,0.0,0,7,7,86.6,0
171,B,Texas A&M,LSU,Nate Boerkircher,Receiver,0,0,0.0,0,0,0,0,0.0,0,0,1,0.0,0
171,B,LSU,Texas A&M,Garrett Nussmeier,QB,23,13,142.9,0,0,1,0,0.0,0,0,0,0.0,0
171,B,LSU,Texas A&M,Caden Durham,Rusher,0,0,0.0,0,0,0,21,86.9,2,0,0,0.0,0
171,B,LSU,Texas A&M,Ju'Juan Johnson,Rusher,0,0,0.0,0,0,0,7,33.6,0,0,0,0.0,0
171,B,LSU,Texas A&M,Other RB,Rusher,0,0,0.0,0,0,0,4,11.6,0,0,0,0.0,0
171,B,LSU,Texas A&M,Kaleb Jackson,Rusher,0,0,0.0,0,0,0,2,2.4,0,0,0,0.0,0
171,B,LSU,Texas A&M,Garrett Nussmeier,Rusher,0,0,0.0,0,0,0,1,1.9,0,0,0,0.0,0
171,B,LSU,Texas A&M,Harlem Berry,Rusher,0,0,0.0,0,0,0,3,10.2,0,0,0,0.0,0
171,B,LSU,Texas A&M,Barion Brown,Receiver,0,0,0.0,0,0,0,0,0.0,0,2,4,15.3,0
171,B,LSU,Texas A&M,Nic Anderson,Receiver,0,0,0.0,0,0,0,0,0.0,0,2,3,24.2,0
171,B,LSU,Texas A&M,Other WR,Receiver,0,0,0.0,0,0,0,0,0.0,0,1,2,0.0,0
171,B,LSU,Texas A&M,Zavion Thomas,Receiver,0,0,0.0,0,0,0,0,0.0,0,2,2,43.2,0
171,B,LSU,Texas A&M,Aaron Anderson,Receiver,0,0,0.0,0,0,0,0,0.0,0,3,5,22.7,0
171,B,LSU,Texas A&M,Trey'Dez Green,Receiver,0,0,0.0,0,0,0,0,0.0,0,2,4,13.2,0
171,B,LSU,Texas A&M,Chris Hilton Jr.,Receiver,0,0,0.0,0,0,0,0,0.0,0,1,1,24.3,0
171,B,LSU,Texas A&M,Kyle Parker,Receiver,0,0,0.0,0,0,0,0,0.0,0,0,1,0.0,0
171,B,LSU,Texas A&M,Bauer Sharp,Receiver,0,0,0.0,0,0,0,0,0.0,0,0,1,0.0,0
172,A,LSU,Texas A&M,Garrett Nussmeier,QB,23,16,214.6,0,0,1,0,0.0,0,0,0,0.0,0
172,A,LSU,Texas A&M,Kaleb Jackson,Rusher,0,0,0.0,0,0,0,3,14.3,0,0,0,0.0,0
172,A,LSU,Texas A&M,Caden Durham,Rusher,0,0,0.0,0,0,0,16,104.5,2,0,0,0.0,0
172,A,LSU,Texas A&M,Ju'Juan Johnson,Rusher,0,0,0.0,0,0,0,6,11.1,0,0,0,0.0,0
172,A,LSU,Texas A&M,Harlem Berry,Rusher,0,0,0.0,0,0,0,5,5.6,1,0,0,0.0,0
172,A,LSU,Texas A&M,Other RB,Rusher,0,0,0.0,0,0,0,4,9.6,1,0,0,0.0,0
172,A,LSU,Texas A&M,Garrett Nussmeier,Rusher,0,0,0.0,0,0,0,3,20.5,0,0,0,0.0,0
172,A,LSU,Texas A&M,Barion Brown,Receiver,0,0,0.0,0,0,0,0,0.0,0,2,2,16.2,0
172,A,LSU,Texas A&M,Nic Anderson,Receiver,0,0,0.0,0,0,0,0,0.0,0,3,3,29.1,0
172,A,LSU,Texas A&M,Zavion Thomas,Receiver,0,0,0.0,0,0,0,0,0.0,0,1,1,0.6,0
172,A,LSU,Texas A&M,Bauer Sharp,Receiver,0,0,0.0,0,0,0,0,0.0,0,2,5,22.6,0
172,A,LSU,Texas A&M,Chris Hilton Jr.,Receiver,0,0,0.0,0,0,0,0,0.0,0,0,1,0.0,0
172,A,LSU,Texas A&M,Aaron Anderson,Receiver,0,0,0.0,0,0,0,0,0.0,0,5,6,96.2,0
172,A,LSU,Texas A&M,Trey'Dez Green,Receiver,0,0,0.0,0,0,0,0,0.0,0,2,3,23.5,0
172,A,LSU,Texas A&M,Kyle Parker,Receiver,0,0,0.0,0,0,0,0,0.0,0,0,1,0.0,0
172,A,LSU,Texas A&M,Other WR,Receiver,0,0,0.0,0,0,0,0,0.0,0,1,1,26.3,0
172,A,Texas A&M,LSU,Marcel Reed,QB,43,28,314.5,2,0,5,0,0.0,0,0,0,0.0,0
172,A,Texas A&M,LSU,Amari Daniels,Rusher,0,0,0.0,0,0,0,4,24.3,0,0,0,0.0,0
172,A,Texas A&M,LSU,Rueben Owens,Rusher,0,0,0.0,0,0,0,2,-3.8,1,0,0,0.0,0
172,A,Texas A&M,LSU,Le'Veon Moss,Rusher,0,0,0.0,0,0,0,6,5.6,0,0,0,0.0,0
172,A,Texas A&M,LSU,Marcel Reed,Rusher,0,0,0.0,0,0,0,2,8.8,0,0,0,0.0,0
172,A,Texas A&M,LSU,E.J. Smith,Rusher,0,0,0.0,0,0,0,2,-0.9,0,0,0,0.0,0
172,A,Texas A&M,LSU,Terry Bussey,Receiver,0,0,0.0,0,0,0,0,0.0,0,3,4,30.0,0
172,A,Texas A&M,LSU,Mario Craver,Receiver,0,0,0.0,0,0,0,0,0.0,0,8,11,80.7,0
172,A,Texas A&M,LSU,Kevin Concepcion,Receiver,0,0,0.0,0,0,0,0,0.0,0,2,3,42.4,0
172,A,Texas A&M,LSU,Ashton Bethel-Roman,Receiver,0,0,0.0,0,0,0,0,0.0,0,6,9,33.1,1
172,A,Texas A&M,LSU,Other WR,Receiver,0,0,0.0,0,0,0,0,0.0,0,8,12,128.4,1
172,A,Texas A&M,LSU,Theo Melin Ohrstrom,Receiver,0,0,0.0,0,0,0,0,0.0,0,1,3,0.0,0
172,A,Texas A&M,LSU,Nate Boerkircher,Receiver,0,0,0.0,0,0,0,0,0.0,0,0,1,0.0,0
172,A,Texas A&M,LSU,Amari Niblack,Receiver,0,0,0.0,0,0,0,0,0.0,0,0,0,0.0,0
173,B,Texas A&M,LSU,Marcel Reed,QB,19,16,176.0,3,0,3,0,0.0,0,0,0,0.0,0
173,B,Texas A&M,LSU,Le'Veon Moss,Rusher,0,0,0.0,0,0,0,23,113.8,1,0,0,0.0,0
173,B,Texas A&M,LSU,Rueben Owens,Rusher,0,0,0.0,0,0,0,7,24.8,0,0,0,0.0,0
173,B,Texas A&M,LSU,Amari Daniels,Rusher,0,0,0.0,0,0,0,5,23.7,0,0,0,0.0,0
173,B,Texas A&M,LSU,Marcel Reed,Rusher,0,0,0.0,0,0,0,4,30.5,0,0,0,0.0,0
173,B,Texas A&M,LSU,E.J. Smith,Rusher,0,0,0.0,0,0,0,4,16.0,0,0,0,0.0,0
173,B,Texas A&M,LSU,Mario Craver,Receiver,0,0,0.0,0,0,0,0,0.0,0,6,7,73.0,2
173,B,Texas A&M,LSU,Ashton Bethel-Roman,Receiver,0,0,0.0,0,0,0,0,0.0,0,3,3,17.3,0
173,B,Texas A&M,LSU,Other WR,Receiver,0,0,0.0,0,0,0,0,0.0,0,3,4,30.6,1
173,B,Texas A&M,LSU,Theo Melin Ohrstrom,Receiver,0,0,0.0,0,0,0,0,0.0,0,2,2,32.9,0
173,B,Texas A&M,LSU,Kevin Concepcion,Receiver,0,0,0.0,0,0,0,0,0.0,0,1,2,11.2,0
173,B,Texas A&M,LSU,Nate Boerkircher,Receiver,0,0,0.0,0,0,0,0,0.0,0,1,1,10.9,0
173,B,LSU,Texas A&M,Garrett Nussmeier,QB,25,16,217.8,2,0,5,0,0.0,0,0,0,0.0,0
173,B,LSU,Texas A&M,Caden Durham,Rusher,0,0,0.0,0,0,0,13,57.6,2,0,0,0.0,0
173,B,LSU,Texas A&M,Harlem Berry,Rusher,0,0,0.0,0,0,0,5,12.2,0,0,0,0.0,0
173,B,LSU,Texas A&M,Garrett Nussmeier,Rusher,0,0,0.0,0,0,0,2,8.9,0,0,0,0.0,0
173,B,LSU,Texas A&M,Kaleb Jackson,Rusher,0,0,0.0,0,0,0,1,4.7,0,0,0,0.0,0
173,B,LSU,Texas A&M,Ju'Juan Johnson,Rusher,0,0,0.0,0,0,0,3,10.3,0,0,0,0.0,0
173,B,LSU,Texas A&M,Bauer Sharp,Receiver,0,0,0.0,0,0,0,0,0.0,0,1,3,18.2,0
173,B,LSU,Texas A&M,Zavion Thomas,Receiver,0,0,0.0,0,0,0,0,0.0,0,2,4,43.3,0
173,B,LSU,Texas A&M,Barion Brown,Receiver,0,0,0.0,0,0,0,0,0.0,0,1,2,3.6,0
173,B,LSU,Texas A&M,Kyle Parker,Receiver,0,0,0.0,0,0,0,0,0.0,0,2,5,25.3,0
173,B,LSU,Texas A&M,Aaron Anderson,Receiver,0,0,0.0,0,0,0,0,0.0,0,5,5,38.5,1
173,B,LSU,Texas A&M,Nic Anderson,Receiver,0,0,0.0,0,0,0,0,0.0,0,2,2,36.8,0
173,B,LSU,Texas A&M,Trey'Dez Green,Receiver,0,0,0.0,0,0,0,0,0.0,0,1,1,16.8,1
173,B,LSU,Texas A&M,Other WR,Receiver,0,0,0.0,0,0,0,0,0.0,0,2,3,35.4,0
174,A,LSU,Texas A&M,Garrett Nussmeier,QB,36,22,158.7,1,1,3,0,0.0,0,0,0,0.0,0
174,A,LSU,Texas A&M,Harlem Berry,Rusher,0,0,0.0,0,0,0,4,27.6,0,0,0,0.0,0
174,A,LSU,Texas A&M,Caden Durham,Rusher,0,0,0.0,0,0,0,10,47.8,0,0,0,0.0,0
174,A,LSU,Texas A&M,Kaleb Jackson,Rusher,0,0,0.0,0,0,0,1,3.1,0,0,0,0.0,0
174,A,LSU,Texas A&M,Ju'Juan Johnson,Rusher,0,0,0.0,0,0,0,5,13.9,0,0,0,0.0,0
174,A,LSU,Texas A&M,Garrett Nussmeier,Rusher,0,0,0.0,0,0,0,2,16.2,0,0,0,0.0,0
174,A,LSU,Texas A&M,Kyle Parker,Receiver,0,0,0.0,0,0,0,0,0.0,0,3,4,18.7,0
174,A,LSU,Texas A&M,Aaron Anderson,Receiver,0,0,0.0,0,0,0,0,0.0,0,8,11,54.4,0
174,A,LSU,Texas A&M,Trey'Dez Green,Receiver,0,0,0.0,0,0,0,0,0.0,0,2,3,25.0,0
174,A,LSU,Texas A&M,Bauer Sharp,Receiver,0,0,0.0,0,0,0,0,0.0,0,4,5,33.5,1
174,A,LSU,Texas A&M,Zavion Thomas,Receiver,0,0,0.0,0,0,0,0,0.0,0,1,3,0.0,0
174,A,LSU,Texas A&M,Nic Anderson,Receiver,0,0,0.0,0,0,0,0,0.0,0,2,4,19.5,0
174,A,LSU,Texas A&M,Other WR,Receiver,0,0,0.0,0,0,0,0,0.0,0,1,1,5.5,0
174,A,LSU,Texas A&M,Barion Brown,Receiver,0,0,0.0,0,0,0,0,0.0,0,1,3,2.1,0
174,A,LSU,Texas A&M,Chris Hilton Jr.,Receiver,0,0,0.0,0,0,0,0,0.0,0,0,2,0.0,0
174,A,Texas A&M,LSU,Marcel Reed,QB,19,10,104.1,0,0,3,0,0.0,0,0,0,0.0,0
174,A,Texas A&M,LSU,Le'Veon Moss,Rusher,0,0,0.0,0,0,0,17,69.4,0,0,0,0.0,0
174,A,Texas A&M,LSU,Marcel Reed,Rusher,0,0,0.0,0,0,0,10,83.8,4,0,0,0.0,0
174,A,Texas A&M,LSU,Amari Daniels,Rusher,0,0,0.0,0,0,0,5,19.7,0,0,0,0.0,0
174,A,Texas A&M,LSU,Rueben Owens,Rusher,0,0,0.0,0,0,0,9,66.8,1,0,0,0.0,0
174,A,Texas A&M,LSU,Miles O'Neill,Rusher,0,0,0.0,0,0,0,3,1.9,0,0,0,0.0,0
174,A,Texas A&M,LSU,Ashton Bethel-Roman,Receiver,0,0,0.0,0,0,0,0,0.0,0,1,4,14.1,0
174,A,Texas A&M,LSU,Kevin Concepcion,Receiver,0,0,0.0,0,0,0,0,0.0,0,1,2,5.5,0
174,A,Texas A&M,LSU,Other WR,Receiver,0,0,0.0,0,0,0,0,0.0,0,3,4,30.2,0
174,A,Texas A&M,LSU,Mario Craver,Receiver,0,0,0.0,0,0,0,0,0.0,0,3,4,48.4,0
174,A,Texas A&M,LSU,Theo Melin Ohrstrom,Receiver,0,0,0.0,0,0,0,0,0.0,0,1,3,0.0,0
174,A,Texas A&M,LSU,Terry Bussey,Receiver,0,0,0.0,0,0,0,0,0.0,0,0,1,0.0,0
174,A,Texas A&M,LSU,Nate Boerkircher,Receiver,0,0,0.0,0,0,0,0,0.0,0,1,1,5.9,0
175,B,Texas A&M,LSU,Marcel Reed,QB,29,18,165.7,0,0,11,0,0.0,0,0,0,0.0,0
175,B,Texas A&M,LSU,Amari Daniels,Rusher,0,0,0.0,0,0,0,2,20.9,0,0,0,0.0,0
175,B,Texas A&M,LSU,Rueben Owens,Rusher,0,0,0.0,0,0,0,5,12.5,0,0,0,0.0,0
175,B,Texas A&M,LSU,Marcel Reed,Rusher,0,0,0.0,0,0,0,7,27.2,0,0,0,0.0,0
175,B,Texas A&M,LSU,Le'Veon Moss,Rusher,0,0,0.0,0,0,0,14,40.2,0,0,0,0.0,0
175,B,Texas A&M,LSU,E.J. Smith,Rusher,0,0,0.0,0,0,0,1,4.8,0,0,0,0.0,0
175,B,Texas A&M,LSU,Miles O'Neill,Rusher,0,0,0.0,0,0,0,1,5.7,0,0,0,0.0,0
175,B,Texas A&M,LSU,Theo Melin Ohrstrom,Receiver,0,0,0.0,0,0,0,0,0.0,0,2,3,27.6,0
175,B,Texas A&M,LSU,Kevin Concepcion,Receiver,0,0,0.0,0,0,0,0,0.0,0,4,8,23.7,0
175,B,Texas A&M,LSU,Other WR,Receiver,0,0,0.0,0,0,0,0,0.0,0,5,6,50.1,0
175,B,Texas A&M,LSU,Mario Craver,Receiver,0,0,0.0,0,0,0,0,0.0,0,2,6,21.4,0
175,B,Texas A&M,LSU,Amari Niblack,Receiver,0,0,0.0,0,0,0,0,0.0,0,1,1,0.0,0
175,B,Texas A&M,LSU,Ashton Bethel-Roman,Receiver,0,0,0.0,0,0,0,0,0.0,0,2,3,0.6,0
175,B,Texas A&M,LSU,Terry Bussey,Receiver,0,0,0.0,0,0,0,0,0.0,0,2,2,42.2,0
175,B,Texas A&M,LSU,Nate Boerkircher,Receiver,0,0,0.0,0,0,0,0,0.0,0,0,0,0.0,0
175,B,LSU,Texas A&M,Garrett Nussmeier,QB,26,12,155.8,0,0,0,0,0.0,0,0,0,0.0,0
175,B,LSU,Texas A&M,Ju'Juan Johnson,Rusher,0,0,0.0,0,0,0,9,69.3,0,0,0,0.0,0
175,B,LSU,Texas A&M,Caden Durham,Rusher,0,0,0.0,0,0,0,16,71.2,1,0,0,0.0,0
175,B,LSU,Texas A&M,Other RB,Rusher,0,0,0.0,0,0,0,1,7.1,0,0,0,0.0,0
175,B,LSU,Texas A&M,Kaleb Jackson,Rusher,0,0,0.0,0,0,0,1,17.2,1,0,0,0.0,0
175,B,LSU,Texas A&M,Garrett Nussmeier,Rusher,0,0,0.0,0,0,0,1,6.1,0,0,0,0.0,0
175,B,LSU,Texas A&M,Harlem Berry,Rusher,0,0,0.0,0,0,0,2,10.5,0,0,0,0.0,0
175,B,LSU,Texas A&M,Aaron Anderson,Receiver,0,0,0.0,0,0,0,0,0.0,0,2,3,11.7,0
175,B,LSU,Texas A&M,Kyle Parker,Receiver,0,0,0.0,0,0,0,0,0.0,0,0,3,0.0,0
175,B,LSU,Texas A&M,Chris Hilton Jr.,Receiver,0,0,0.0,0,0,0,0,0.0,0,1,1,5.2,0
175,B,LSU,Texas A&M,Nic Anderson,Receiver,0,0,0.0,0,0,0,0,0.0,0,1,3,19.1,0
175,B,LSU,Texas A&M,Zavion Thomas,Receiver,0,0,0.0,0,0,0,0,0.0,0,2,6,8.8,0
175,B,LSU,Texas A&M,Trey'Dez Green,Receiver,0,0,0.0,0,0,0,0,0.0,0,1,2,18.9,0
175,B,LSU,Texas A&M,Other WR,Receiver,0,0,0.0,0,0,0,0,0.0,0,2,3,55.0,0
175,B,LSU,Texas A&M,Barion Brown,Receiver,0,0,0.0,0,0,0,0,0.0,0,3,4,37.1,0
175,B,LSU,Texas A&M,Bauer Sharp,Receiver,0,0,0.0,0,0,0,0,0.0,0,0,1,0.0,0
128,A,LSU,Texas A&M,Garrett Nussmeier,QB,35,22,196.4,3,0,1,0,0.0,0,0,0,0.0,0
128,A,LSU,Texas A&M,Caden Durham,Rusher,0,0,0.0,0,0,0,17,91.5,1,0,0,0.0,0
128,A,LSU,Texas A&M,Harlem Berry,Rusher,0,0,0.0,0,0,0,5,12.9,0,0,0,0.0,0
128,A,LSU,Texas A&M,Ju'Juan Johnson,Rusher,0,0,0.0,0,0,0,6,22.6,0,0,0,0.0,0
128,A,LSU,Texas A&M,Kaleb Jackson,Rusher,0,0,0.0,0,0,0,1,-1.3,0,0,0,0.0,0
128,A,LSU,Texas A&M,Garrett Nussmeier,Rusher,0,0,0.0,0,0,0,1,4.8,0,0,0,0.0,0
128,A,LSU,Texas A&M,Other RB,Rusher,0,0,0.0,0,0,0,2,9.8,0,0,0,0.0,0
128,A,LSU,Texas A&M,Bauer Sharp,Receiver,0,0,0.0,0,0,0,0,0.0,0,7,9,63.0,0
128,A,LSU,Texas A&M,Barion Brown,Receiver,0,0,0.0,0,0,0,0,0.0,0,2,5,7.7,0
128,A,LSU,Texas A&M,Zavion Thomas,Receiver,0,0,0.0,0,0,0,0,0.0,0,4,7,21.2,0
128,A,LSU,Texas A&M,Chris Hilton Jr.,Receiver,0,0,0.0,0,0,0,0,0.0,0,0,1,0.0,0
128,A,LSU,Texas A&M,Nic Anderson,Receiver,0,0,0.0,0,0,0,0,0.0,0,3,4,44.4,2
128,A,LSU,Texas A&M,Aaron Anderson,Receiver,0,0,0.0,0,0,0,0,0.0,0,4,6,26.4,0
128,A,LSU,Texas A&M,Kyle Parker,Receiver,0,0,0.0,0,0,0,0,0.0,0,2,2,33.7,1
128,A,LSU,Texas A&M,Other WR,Receiver,0,0,0.0,0,0,0,0,0.0,0,0,1,0.0,0
128,A,Texas A&M,LSU,Marcel Reed,QB,34,23,262.0,0,0,5,0,0.0,0,0,0,0.0,0
128,A,Texas A&M,LSU,Le'Veon Moss,Rusher,0,0,0.0,0,0,0,10,47.0,2,0,0,0.0,0
128,A,Texas A&M,LSU,Rueben Owens,Rusher,0,0,0.0,0,0,0,3,7.5,0,0,0,0.0,0
128,A,Texas A&M,LSU,Marcel Reed,Rusher,0,0,0.0,0,0,0,7,32.9,0,0,0,0.0,0
128,A,Texas A&M,LSU,Jamarion Morrow,Rusher,0,0,0.0,0,0,0,1,14.5,0,0,0,0.0,0
128,A,Texas A&M,LSU,E.J. Smith,Rusher,0,0,0.0,0,0,0,1,5.8,0,0,0,0.0,0
128,A,Texas A&M,LSU,Ashton Bethel-Roman,Receiver,0,0,0.0,0,0,0,0,0.0,0,4,6,29.4,0
128,A,Texas A&M,LSU,Other WR,Receiver,0,0,0.0,0,0,0,0,0.0,0,6,8,52.2,0
128,A,Texas A&M,LSU,Terry Bussey,Receiver,0,0,0.0,0,0,0,0,0.0,0,0,1,0.0,0
128,A,Texas A&M,LSU,Kevin Concepcion,Receiver,0,0,0.0,0,0,0,0,0.0,0,4,6,40.2,0
128,A,Texas A&M,LSU,Mario Craver,Receiver,0,0,0.0,0,0,0,0,0.0,0,6,9,96.8,0
128,A,Texas A&M,LSU,Theo Melin Ohrstrom,Receiver,0,0,0.0,0,0,0,0,0.0,0,2,3,18.8,0
128,A,Texas A&M,LSU,Nate Boerkircher,Receiver,0,0,0.0,0,0,0,0,0.0,0,1,1,24.5,0
129,B,Texas A&M,LSU,Marcel Reed,QB,28,19,255.4,2,0,3,0,0.0,0,0,0,0.0,0
129,B,Texas A&M,LSU,Le'Veon Moss,Rusher,0,0,0.0,0,0,0,6,11.6,1,0,0,0.0,0
129,B,Texas A&M,LSU,Marcel Reed,Rusher,0,0,0.0,0,0,0,9,45.9,0,0,0,0.0,0
129,B,Texas A&M,LSU,Jamarion Morrow,Rusher,0,0,0.0,0,0,0,2,10.9,0,0,0,0.0,0
129,B,Texas A&M,LSU,Rueben Owens,Rusher,0,0,0.0,0,0,0,2,13.2,0,0,0,0.0,0
129,B,Texas A&M,LSU,Amari Daniels,Rusher,0,0,0.0,0,0,0,2,10.3,0,0,0,0.0,0
129,B,Texas A&M,LSU,E.J. Smith,Rusher,0,0,0.0,0,0,0,1,6.1,0,0,0,0.0,0
129,B,Texas A&M,LSU,Theo Melin Ohrstrom,Receiver,0,0,0.0,0,0,0,0,0.0,0,3,5,48.7,1
129,B,Texas A&M,LSU,Kevin Concepcion,Receiver,0,0,0.0,0,0,0,0,0.0,0,4,6,55.8,0
129,B,Texas A&M,LSU,Other WR,Receiver,0,0,0.0,0,0,0,0,0.0,0,1,4,14.2,1
129,B,Texas A&M,LSU,Mario Craver,Receiver,0,0,0.0,0,0,0,0,0.0,0,10,10,108.5,0
129,B,Texas A&M,LSU,Nate Boerkircher,Receiver,0,0,0.0,0,0,0,0,0.0,0,0,2,0.0,0
129,B,Texas A&M,LSU,Terry Bussey,Receiver,0,0,0.0,0,0,0,0,0.0,0,1,1,28.2,0
129,B,LSU,Texas A&M,Garrett Nussmeier,QB,24,18,179.8,1,0,0,0,0.0,0,0,0,0.0,0
129,B,LSU,Texas A&M,Ju'Juan Johnson,Rusher,0,0,0.0,0,0,0,7,66.4,2,0,0,0.0,0
129,B,LSU,Texas A&M,Harlem Berry,Rusher,0,0,0.0,0,0,0,6,34.1,0,0,0,0.0,0
129,B,LSU,Texas A&M,Caden Durham,Rusher,0,0,0.0,0,0,0,22,82.5,0,0,0,0.0,0
129,B,LSU,Texas A&M,Garrett Nussmeier,Rusher,0,0,0.0,0,0,0,4,11.4,0,0,0,0.0,0
129,B,LSU,Texas A&M,Kaleb Jackson,Rusher,0,0,0.0,0,0,0,2,10.3,0,0,0,0.0,0
129,B,LSU,Texas A&M,Other RB,Rusher,0,0,0.0,0,0,0,2,13.0,0,0,0,0.0,0
129,B,LSU,Texas A&M,Kyle Parker,Receiver,0,0,0.0,0,0,0,0,0.0,0,2,2,10.5,0
129,B,LSU,Texas A&M,Other WR,Receiver,0,0,0.0,0,0,0,0,0.0,0,2,2,14.0,0
129,B,LSU,Texas A&M,Barion Brown,Receiver,0,0,0.0,0,0,0,0,0.0,0,6,7,98.3,1
129,B,LSU,Texas A&M,Nic Anderson,Receiver,0,0,0.0,0,0,0,0,0.0,0,3,3,22.2,0
129,B,LSU,Texas A&M,Aaron Anderson,Receiver,0,0,0.0,0,0,0,0,0.0,0,4,7,22.8,0
129,B,LSU,Texas A&M,Zavion Thomas,Receiver,0,0,0.0,0,0,0,0,0.0,0,0,1,0.0,0
129,B,LSU,Texas A&M,Trey'Dez Green,Receiver,0,0,0.0,0,0,0,0,0.0,0,1,1,11.9,0
129,B,LSU,Texas A&M,Bauer Sharp,Receiver,0,0,0.0,0,0,0,0,0.0,0,0,1,0.0,0
130,A,LSU,Texas A&M,Garrett Nussmeier,QB,28,20,187.5,1,0,0,0,0.0,0,0,0,0.0,0
130,A,LSU,Texas A&M,Caden Durham,Rusher,0,0,0.0,0,0,0,20,41.1,0,0,0,0.0,0
130,A,LSU,Texas A&M,Harlem Berry,Rusher,0,0,0.0,0,0,0,6,25.1,0,0,0,0.0,0
130,A,LSU,Texas A&M,Ju'Juan Johnson,Rusher,0,0,0.0,0,0,0,7,26.1,0,0,0,0.0,0
130,A,LSU,Texas A&M,Other RB,Rusher,0,0,0.0,0,0,0,3,19.0,0,0,0,0.0,0
130,A,LSU,Texas A&M,Kaleb Jackson,Rusher,0,0,0.0,0,0,0,1,9.4,0,0,0,0.0,0
130,A,LSU,Texas A&M,Zavion Thomas,Receiver,0,0,0.0,0,0,0,0,0.0,0,4,4,35.0,0
130,A,LSU,Texas A&M,Aaron Anderson,Receiver,0,0,0.0,0,0,0,0,0.0,0,4,5,65.5,1
130,A,LSU,Texas A&M,Barion Brown,Receiver,0,0,0.0,0,0,0,0,0.0,0,2,5,20.6,0
130,A,LSU,Texas A&M,Other WR,Receiver,0,0,0.0,0,0,0,0,0.0,0,2,3,0.0,0
130,A,LSU,Texas A&M,Trey'Dez Green,Receiver,0,0,0.0,0,0,0,0,0.0,0,2,4,16.2,0
130,A,LSU,Texas A&M,Bauer Sharp,Receiver,0,0,0.0,0,0,0,0,0.0,0,2,2,6.7,0
130,A,LSU,Texas A&M,Kyle Parker,Receiver,0,0,0.0,0,0,0,0,0.0,0,3,3,37.7,0
130,A,LSU,Texas A&M,Nic Anderson,Receiver,0,0,0.0,0,0,0,0,0.0,0,1,2,5.9,0
130,A,Texas A&M,LSU,Marcel Reed,QB,19,16,185.3,1,0,6,0,0.0,0,0,0,0.0,0
130,A,Texas A&M,LSU,Le'Veon Moss,Rusher,0,0,0.0,0,0,0,9,20.0,0,0,0,0.0,0
130,A,Texas A&M,LSU,Rueben Owens,Rusher,0,0,0.0,0,0,0,3,18.4,0,0,0,0.0,0
130,A,Texas A&M,LSU,Amari Daniels,Rusher,0,0,0.0,0,0,0,7,24.9,0,0,0,0.0,0
130,A,Texas A&M,LSU,Marcel Reed,Rusher,0,0,0.0,0,0,0,7,29.3,1,0,0,0.0,0
130,A,Texas A&M,LSU,E.J. Smith,Rusher,0,0,0.0,0,0,0,1,5.9,0,0,0,0.0,0
130,A,Texas A&M,LSU,Theo Melin Ohrstrom,Receiver,0,0,0.0,0,0,0,0,0.0,0,2,2,33.8,0
130,A,Texas A&M,LSU,Mario Craver,Receiver,0,0,0.0,0,0,0,0,0.0,0,8,9,95.4,1
130,A,Texas A&M,LSU,Kevin Concepcion,Receiver,0,0,0.0,0,0,0,0,0.0,0,2,3,32.1,0
130,A,Texas A&M,LSU,Other WR,Receiver,0,0,0.0,0,0,0,0,0.0,0,2,2,0.1,0
130,A,Texas A&M,LSU,Ashton Bethel-Roman,Receiver,0,0,0.0,0,0,0,0,0.0,0,2,2,23.9,0
130,A,Texas A&M,LSU,Nate Boerkircher,Receiver,0,0,0.0,0,0,0,0,0.0,0,0,1,0.0,0
131,B,Texas A&M,LSU,Marcel Reed,QB,32,15,171.5,1,0,10,0,0.0,0,0,0,0.0,0
131,B,Texas A&M,LSU,Le'Veon Moss,Rusher,0,0,0.0,0,0,0,16,34.6,0,0,0,0.0,0
131,B,Texas A&M,LSU,Marcel Reed,Rusher,0,0,0.0,0,0,0,9,30.4,0,0,0,0.0,0
131,B,Texas A&M,LSU,E.J. Smith,Rusher,0,0,0.0,0,0,0,1,11.8,0,0,0,0.0,0
131,B,Texas A&M,LSU,Jamarion Morrow,Rusher,0,0,0.0,0,0,0,2,9.5,0,0,0,0.0,0
131,B,Texas A&M,LSU,Rueben Owens,Rusher,0,0,0.0,0,0,0,1,6.3,0,0,0,0.0,0
131,B,Texas A&M,LSU,Amari Daniels,Rusher,0,0,0.0,0,0,0,3,17.0,0,0,0,0.0,0
131,B,Texas A&M,LSU,Mario Craver,Receiver,0,0,0.0,0,0,0,0,0.0,0,5,12,60.1,0
131,B,Texas A&M,LSU,Theo Melin Ohrstrom,Receiver,0,0,0.0,0,0,0,0,0.0,0,6,6,83.5,0
131,B,Texas A&M,LSU,Kevin Concepcion,Receiver,0,0,0.0,0,0,0,0,0.0,0,1,5,0.0,0
131,B,Texas A&M,LSU,Other WR,Receiver,0,0,0.0,0,0,0,0,0.0,0,1,3,0.0,0
131,B,Texas A&M,LSU,Ashton Bethel-Roman,Receiver,0,0,0.0,0,0,0,0,0.0,0,2,4,28.0,1
131,B,Texas A&M,LSU,Nate Boerkircher,Receiver,0,0,0.0,0,0,0,0,0.0,0,0,0,0.0,0
131,B,Texas A&M,LSU,Terry Bussey,Receiver,0,0,0.0,0,0,0,0,0.0,0,0,1,0.0,0
131,B,Texas A&M,LSU,Amari Niblack,Receiver,0,0,0.0,0,0,0,0,0.0,0,0,1,0.0,0
131,B,LSU,Texas A&M,Garrett Nussmeier,QB,20,14,140.2,1,0,4,0,0.0,0,0,0,0.0,0
131,B,LSU,Texas A&M,Caden Durham,Rusher,0,0,0.0,0,0,0,11,36.7,0,0,0,0.0,0
131,B,LSU,Texas A&M,Harlem Berry,Rusher,0,0,0.0,0,0,0,5,28.6,1,0,0,0.0,0
131,B,LSU,Texas A&M,Other RB,Rusher,0,0,0.0,0,0,0,3,14.2,0,0,0,0.0,0
131,B,LSU,Texas A&M,Ju'Juan Johnson,Rusher,0,0,0.0,0,0,0,5,28.5,0,0,0,0.0,0
131,B,LSU,Texas A&M,Garrett Nussmeier,Rusher,0,0,0.0,0,0,0,2,-0.4,0,0,0,0.0,0
131,B,LSU,Texas A&M,Kaleb Jackson,Rusher,0,0,0.0,0,0,0,1,7.0,0,0,0,0.0,0
131,B,LSU,Texas A&M,Bauer Sharp,Receiver,0,0,0.0,0,0,0,0,0.0,0,3,3,34.6,0
131,B,LSU,Texas A&M,Other WR,Receiver,0,0,0.0,0,0,0,0,0.0,0,1,1,0.0,0
131,B,LSU,Texas A&M,Trey'Dez Green,Receiver,0,0,0.0,0,0,0,0,0.0,0,1,3,25.5,0
131,B,LSU,Texas A&M,Aaron Anderson,Receiver,0,0,0.0,0,0,0,0,0.0,0,3,4,6.2,0
131,B,LSU,Texas A&M,Barion Brown,Receiver,0,0,0.0,0,0,0,0,0.0,0,2,4,17.9,1
131,B,LSU,Texas A&M,Nic Anderson,Receiver,0,0,0.0,0,0,0,0,0.0,0,2,2,8.1,0
131,B,LSU,Texas A&M,Zavion Thomas,Receiver,0,0,0.0,0,0,0,0,0.0,0,2,3,47.8,0
132,A,LSU,Texas A&M,Garrett Nussmeier,QB,29,17,199.1,1,0,0,0,0.0,0,0,0,0.0,0
132,A,LSU,Texas A&M,Ju'Juan Johnson,Rusher,0,0,0.0,0,0,0,5,20.1,0,0,0,0.0,0
132,A,LSU,Texas A&M,Other RB,Rusher,0,0,0.0,0,0,0,4,12.4,0,0,0,0.0,0
132,A,LSU,Texas A&M,Caden Durham,Rusher,0,0,0.0,0,0,0,13,64.8,2,0,0,0.0,0
132,A,LSU,Texas A&M,Harlem Berry,Rusher,0,0,0.0,0,0,0,3,16.1,0,0,0,0.0,0
132,A,LSU,Texas A&M,Trey'Dez Green,Receiver,0,0,0.0,0,0,0,0,0.0,0,4,4,45.0,0
132,A,LSU,Texas A&M,Nic Anderson,Receiver,0,0,0.0,0,0,0,0,0.0,0,3,4,50.3,0
132,A,LSU,Texas A&M,Aaron Anderson,Receiver,0,0,0.0,0,0,0,0,0.0,0,2,7,26.7,1
132,A,LSU,Texas A&M,Zavion Thomas,Receiver,0,0,0.0,0,0,0,0,0.0,0,2,2,0.2,0
132,A,LSU,Texas A&M,Kyle Parker,Receiver,0,0,0.0,0,0,0,0,0.0,0,2,4,28.4,0
132,A,LSU,Texas A&M,Barion Brown,Receiver,0,0,0.0,0,0,0,0,0.0,0,2,3,31.0,0
132,A,LSU,Texas A&M,Bauer Sharp,Receiver,0,0,0.0,0,0,0,0,0.0,0,2,4,17.5,0
132,A,LSU,Texas A&M,Other WR,Receiver,0,0,0.0,0,0,0,0,0.0,0,0,1,0.0,0
132,A,Texas A&M,LSU,Marcel Reed,QB,25,20,244.1,2,0,5,0,0.0,0,0,0,0.0,0
132,A,Texas A&M,LSU,Le'Veon Moss,Rusher,0,0,0.0,0,0,0,14,72.2,1,0,0,0.0,0
132,A,Texas A&M,LSU,Marcel Reed,Rusher,0,0,0.0,0,0,0,6,33.4,0,0,0,0.0,0
132,A,Texas A&M,LSU,Amari Daniels,Rusher,0,0,0.0,0,0,0,5,29.5,0,0,0,0.0,0
132,A,Texas A&M,LSU,Jamarion Morrow,Rusher,0,0,0.0,0,0,0,2,10.8,0,0,0,0.0,0
132,A,Texas A&M,LSU,Rueben Owens,Rusher,0,0,0.0,0,0,0,8,20.2,1,0,0,0.0,0
132,A,Texas A&M,LSU,E.J. Smith,Rusher,0,0,0.0,0,0,0,1,18.4,1,0,0,0.0,0
132,A,Texas A&M,LSU,Ashton Bethel-Roman,Receiver,0,0,0.0,0,0,0,0,0.0,0,2,2,49.3,0
132,A,Texas A&M,LSU,Theo Melin Ohrstrom,Receiver,0,0,0.0,0,0,0,0,0.0,0,2,2,14.5,0
132,A,Texas A&M,LSU,Other WR,Receiver,0,0,0.0,0,0,0,0,0.0,0,5,6,59.9,1
132,A,Texas A&M,LSU,Kevin Concepcion,Receiver,0,0,0.0,0,0,0,0,0.0,0,5,7,59.2,1
132,A,Texas A&M,LSU,Nate Boerkircher,Receiver,0,0,0.0,0,0,0,0,0.0,0,2,3,26.3,0
132,A,Texas A&M,LSU,Amari Niblack,Receiver,0,0,0.0,0,0,0,0,0.0,0,2,2,16.9,0
132,A,Texas A&M,LSU,Terry Bussey,Receiver,0,0,0.0,0,0,0,0,0.0,0,0,1,0.0,0
132,A,Texas A&M,LSU,Mario Craver,Receiver,0,0,0.0,0,0,0,0,0.0,0,2,2,18.0,0
133,B,Texas A&M,LSU,Marcel Reed,QB,29,18,140.1,1,0,1,0,0.0,0,0,0,0.0,0
133,B,Texas A&M,LSU,Rueben Owens,Rusher,0,0,0.0,0,0,0,7,38.6,0,0,0,0.0,0
133,B,Texas A&M,LSU,Le'Veon Moss,Rusher,0,0,0.0,0,0,0,14,37.3,0,0,0,0.0,0
133,B,Texas A&M,LSU,Amari Daniels,Rusher,0,0,0.0,0,0,0,7,12.7,0,0,0,0.0,0
133,B,Texas A&M,LSU,Marcel Reed,Rusher,0,0,0.0,0,0,0,5,21.1,0,0,0,0.0,0
133,B,Texas A&M,LSU,Jamarion Morrow,Rusher,0,0,0.0,0,0,0,2,6.6,0,0,0,0.0,0
133,B,Texas A&M,LSU,Other WR,Receiver,0,0,0.0,0,0,0,0,0.0,0,6,8,32.3,0
133,B,Texas A&M,LSU,Kevin Concepcion,Receiver,0,0,0.0,0,0,0,0,0.0,0,2,6,13.0,0
133,B,Texas A&M,LSU,Mario Craver,Receiver,0,0,0.0,0,0,0,0,0.0,0,5,6,29.8,0
133,B,Texas A&M,LSU,Terry Bussey,Receiver,0,0,0.0,0,0,0,0,0.0,0,1,2,18.9,1
133,B,Texas A&M,LSU,Theo Melin Ohrstrom,Receiver,0,0,0.0,0,0,0,0,0.0,0,2,3,36.2,0
133,B,Texas A&M,LSU,Ashton Bethel-Roman,Receiver,0,0,0.0,0,0,0,0,0.0,0,1,3,0.0,0
133,B,Texas A&M,LSU,Amari Niblack,Receiver,0,0,0.0,0,0,0,0,0.0,0,1,1,9.8,0
133,B,LSU,Texas A&M,Garrett Nussmeier,QB,27,14,129.7,1,0,0,0,0.0,0,0,0,0.0,0
133,B,LSU,Texas A&M,Caden Durham,Rusher,0,0,0.0,0,0,0,15,38.5,0,0,0,0.0,0
133,B,LSU,Texas A&M,Ju'Juan Johnson,Rusher,0,0,0.0,0,0,0,5,24.5,0,0,0,0.0,0
133,B,LSU,Texas A&M,Other RB,Rusher,0,0,0.0,0,0,0,3,8.9,0,0,0,0.0,0
133,B,LSU,Texas A&M,Harlem Berry,Rusher,0,0,0.0,0,0,0,4,15.1,0,0,0,0.0,0
133,B,LSU,Texas A&M,Kaleb Jackson,Rusher,0,0,0.0,0,0,0,2,6.4,0,0,0,0.0,0
133,B,LSU,Texas A&M,Garrett Nussmeier,Rusher,0,0,0.0,0,0,0,2,17.4,0,0,0,0.0,0
133,B,LSU,Texas A&M,Bauer Sharp,Receiver,0,0,0.0,0,0,0,0,0.0,0,2,6,15.0,0
133,B,LSU,Texas A&M,Nic Anderson,Receiver,0,0,0.0,0,0,0,0,0.0,0,3,3,17.6,0
133,B,LSU,Texas A&M,Aaron Anderson,Receiver,0,0,0.0,0,0,0,0,0.0,0,2,5,42.1,1
133,B,LSU,Texas A&M,Zavion Thomas,Receiver,0,0,0.0,0,0,0,0,0.0,0,3,4,26.6,0
133,B,LSU,Texas A&M,Barion Brown,Receiver,0,0,0.0,0,0,0,0,0.0,0,1,5,14.7,0
133,B,LSU,Texas A&M,Trey'Dez Green,Receiver,0,0,0.0,0,0,0,0,0.0,0,2,3,8.4,0
133,B,LSU,Texas A&M,Kyle Parker,Receiver,0,0,0.0,0,0,0,0,0.0,0,1,1,5.3,0
134,A,LSU,Texas A&M,Garrett Nussmeier,QB,23,15,156.8,0,0,0,0,0.0,0,0,0,0.0,0
134,A,LSU,Texas A&M,Harlem Berry,Rusher,0,0,0.0,0,0,0,4,11.6,0,0,0,0.0,0
134,A,LSU,Texas A&M,Other RB,Rusher,0,0,0.0,0,0,0,4,27.3,1,0,0,0.0,0
134,A,LSU,Texas A&M,Caden Durham,Rusher,0,0,0.0,0,0,0,18,93.2,2,0,0,0.0,0
134,A,LSU,Texas A&M,Ju'Juan Johnson,Rusher,0,0,0.0,0,0,0,7,43.4,1,0,0,0.0,0
134,A,LSU,Texas A&M,Garrett Nussmeier,Rusher,0,0,0.0,0,0,0,2,7.3,0,0,0,0.0,0
134,A,LSU,Texas A&M,Zavion Thomas,Receiver,0,0,0.0,0,0,0,0,0.0,0,1,2,18.1,0
134,A,LSU,Texas A&M,Chris Hilton Jr.,Receiver,0,0,0.0,0,0,0,0,0.0,0,2,4,19.8,0
134,A,LSU,Texas A&M,Kyle Parker,Receiver,0,0,0.0,0,0,0,0,0.0,0,3,5,14.2,0
134,A,LSU,Texas A&M,Trey'Dez Green,Receiver,0,0,0.0,0,0,0,0,0.0,0,1,2,0.0,0
134,A,LSU,Texas A&M,Bauer Sharp,Receiver,0,0,0.0,0,0,0,0,0.0,0,3,3,35.9,0
134,A,LSU,Texas A&M,Aaron Anderson,Receiver,0,0,0.0,0,0,0,0,0.0,0,1,2,5.9,0
134,A,LSU,Texas A&M,Nic Anderson,Receiver,0,0,0.0,0,0,0,0,0.0,0,4,5,62.9,0
134,A,Texas A&M,LSU,Marcel Reed,QB,29,18,201.9,0,0,7,0,0.0,0,0,0,0.0,0
134,A,Texas A&M,LSU,Amari Daniels,Rusher,0,0,0.0,0,0,0,4,20.8,0,0,0,0.0,0
134,A,Texas A&M,LSU,Le'Veon Moss,Rusher,0,0,0.0,0,0,0,9,39.1,1,0,0,0.0,0
134,A,Texas A&M,LSU,Rueben Owens,Rusher,0,0,0.0,0,0,0,4,17.0,1,0,0,0.0,0
134,A,Texas A&M,LSU,Marcel Reed,Rusher,0,0,0.0,0,0,0,4,18.0,0,0,0,0.0,0
134,A,Texas A&M,LSU,Jamarion Morrow,Rusher,0,0,0.0,0,0,0,1,10.9,0,0,0,0.0,0
134,A,Texas A&M,LSU,Mario Craver,Receiver,0,0,0.0,0,0,0,0,0.0,0,8,12,125.1,0
134,A,Texas A&M,LSU,Nate Boerkircher,Receiver,0,0,0.0,0,0,0,0,0.0,0,3,3,16.2,0
134,A,Texas A&M,LSU,Kevin Concepcion,Receiver,0,0,0.0,0,0,0,0,0.0,0,1,4,6.3,0
134,A,Texas A&M,LSU,Other WR,Receiver,0,0,0.0,0,0,0,0,0.0,0,2,4,6.1,0
134,A,Texas A&M,LSU,Terry Bussey,Receiver,0,0,0.0,0,0,0,0,0.0,0,3,4,27.7,0
134,A,Texas A&M,LSU,Ashton Bethel-Roman,Receiver,0,0,0.0,0,0,0,0,0.0,0,1,2,20.4,0
135,B,Texas A&M,LSU,Marcel Reed,QB,14,12,151.0,1,0,5,0,0.0,0,0,0,0.0,0
135,B,Texas A&M,LSU,Le'Veon Moss,Rusher,0,0,0.0,0,0,0,18,54.5,0,0,0,0.0,0
135,B,Texas A&M,LSU,Marcel Reed,Rusher,0,0,0.0,0,0,0,8,30.4,0,0,0,0.0,0
135,B,Texas A&M,LSU,Rueben Owens,Rusher,0,0,0.0,0,0,0,7,27.0,0,0,0,0.0,0
135,B,Texas A&M,LSU,Amari Daniels,Rusher,0,0,0.0,0,0,0,6,52.8,2,0,0,0.0,0
135,B,Texas A&M,LSU,E.J. Smith,Rusher,0,0,0.0,0,0,0,1,8.5,0,0,0,0.0,0
135,B,Texas A&M,LSU,Jamarion Morrow,Rusher,0,0,0.0,0,0,0,1,3.7,0,0,0,0.0,0
135,B,Texas A&M,LSU,Mario Craver,Receiver,0,0,0.0,0,0,0,0,0.0,0,4,5,62.9,0
135,B,Texas A&M,LSU,Other WR,Receiver,0,0,0.0,0,0,0,0,0.0,0,6,7,68.0,0
135,B,Texas A&M,LSU,Kevin Concepcion,Receiver,0,0,0.0,0,0,0,0,0.0,0,0,0,0.0,0
135,B,Texas A&M,LSU,Ashton Bethel-Roman,Receiver,0,0,0.0,0,0,0,0,0.0,0,1,1,1.8,0
135,B,Texas A&M,LSU,Amari Niblack,Receiver,0,0,0.0,0,0,0,0,0.0,0,0,0,0.0,0
135,B,Texas A&M,LSU,Nate Boerkircher,Receiver,0,0,0.0,0,0,0,0,0.0,0,1,1,18.4,1
135,B,LSU,Texas A&M,Garrett Nussmeier,QB,28,14,118.5,0,0,1,0,0.0,0,0,0,0.0,0
135,B,LSU,Texas A&M,Ju'Juan Johnson,Rusher,0,0,0.0,0,0,0,5,1.4,0,0,0,0.0,0
135,B,LSU,Texas A&M,Other RB,Rusher,0,0,0.0,0,0,0,3,6.9,0,0,0,0.0,0
135,B,LSU,Texas A&M,Caden Durham,Rusher,0,0,0.0,0,0,0,9,54.0,0,0,0,0.0,0
135,B,LSU,Texas A&M,Harlem Berry,Rusher,0,0,0.0,0,0,0,7,42.7,1,0,0,0.0,0
135,B,LSU,Texas A&M,Garrett Nussmeier,Rusher,0,0,0.0,0,0,0,3,9.8,0,0,0,0.0,0
135,B,LSU,Texas A&M,Aaron Anderson,Receiver,0,0,0.0,0,0,0,0,0.0,0,6,8,49.4,0
135,B,LSU,Texas A&M,Zavion Thomas,Receiver,0,0,0.0,0,0,0,0,0.0,0,3,4,33.0,0
135,B,LSU,Texas A&M,Bauer Sharp,Receiver,0,0,0.0,0,0,0,0,0.0,0,1,3,13.3,0
135,B,LSU,Texas A&M,Chris Hilton Jr.,Receiver,0,0,0.0,0,0,0,0,0.0,0,1,2,2.4,0
135,B,LSU,Texas A&M,Trey'Dez Green,Receiver,0,0,0.0,0,0,0,0,0.0,0,1,4,7.8,0
135,B,LSU,Texas A&M,Nic Anderson,Receiver,0,0,0.0,0,0,0,0,0.0,0,0,2,0.0,0
135,B,LSU,Texas A&M,Other WR,Receiver,0,0,0.0,0,0,0,0,0.0,0,1,1,12.5,0
135,B,LSU,Texas A&M,Kyle Parker,Receiver,0,0,0.0,0,0,0,0,0.0,0,0,2,0.0,0
135,B,LSU,Texas A&M,Barion Brown,Receiver,0,0,0.0,0,0,0,0,0.0,0,1,2,0.0,0
136,A,LSU,Texas A&M,Garrett Nussmeier,QB,32,17,200.1,1,0,1,0,0.0,0,0,0,0.0,0
136,A,LSU,Texas A&M,Kaleb Jackson,Rusher,0,0,0.0,0,0,0,2,4.3,0,0,0,0.0,0
136,A,LSU,Texas A&M,Caden Durham,Rusher,0,0,0.0,0,0,0,16,100.8,2,0,0,0.0,0
136,A,LSU,Texas A&M,Ju'Juan Johnson,Rusher,0,0,0.0,0,0,0,9,20.8,0,0,0,0.0,0
136,A,LSU,Texas A&M,Other RB,Rusher,0,0,0.0,0,0,0,2,2.2,0,0,0,0.0,0
136,A,LSU,Texas A&M,Harlem Berry,Rusher,0,0,0.0,0,0,0,5,21.6,0,0,0,0.0,0
136,A,LSU,Texas A&M,Garrett Nussmeier,Rusher,0,0,0.0,0,0,0,2,-0.4,0,0,0,0.0,0
136,A,LSU,Texas A&M,Other WR,Receiver,0,0,0.0,0,0,0,0,0.0,0,1,2,25.4,0
136,A,LSU,Texas A&M,Aaron Anderson,Receiver,0,0,0.0,0,0,0,0,0.0,0,1,6,12.4,0
136,A,LSU,Texas A&M,Nic Anderson,Receiver,0,0,0.0,0,0,0,0,0.0,0,5,7,48.2,0
136,A,LSU,Texas A&M,Trey'Dez Green,Receiver,0,0,0.0,0,0,0,0,0.0,0,1,4,18.9,0
136,A,LSU,Texas A&M,Kyle Parker,Receiver,0,0,0.0,0,0,0,0,0.0,0,3,4,33.2,0
136,A,LSU,Texas A&M,Bauer Sharp,Receiver,0,0,0.0,0,0,0,0,0.0,0,1,2,11.9,0
136,A,LSU,Texas A&M,Barion Brown,Receiver,0,0,0.0,0,0,0,0,0.0,0,2,3,36.8,1
136,A,LSU,Texas A&M,Chris Hilton Jr.,Receiver,0,0,0.0,0,0,0,0,0.0,0,1,1,0.0,0
136,A,LSU,Texas A&M,Zavion Thomas,Receiver,0,0,0.0,0,0,0,0,0.0,0,2,3,13.2,0
136,A,Texas A&M,LSU,Marcel Reed,QB,28,16,202.2,2,0,4,0,0.0,0,0,0,0.0,0
136,A,Texas A&M,LSU,Amari Daniels,Rusher,0,0,0.0,0,0,0,4,11.8,0,0,0,0.0,0
136,A,Texas A&M,LSU,Marcel Reed,Rusher,0,0,0.0,0,0,0,4,32.1,0,0,0,0.0,0
136,A,Texas A&M,LSU,Miles O'Neill,Rusher,0,0,0.0,0,0,0,1,12.5,0,0,0,0.0,0
136,A,Texas A&M,LSU,Le'Veon Moss,Rusher,0,0,0.0,0,0,0,7,37.5,0,0,0,0.0,0
136,A,Texas A&M,LSU,Rueben Owens,Rusher,0,0,0.0,0,0,0,4,6.4,0,0,0,0.0,0
136,A,Texas A&M,LSU,Jamarion Morrow,Rusher,0,0,0.0,0,0,0,1,0.4,0,0,0,0.0,0
136,A,Texas A&M,LSU,E.J. Smith,Rusher,0,0,0.0,0,0,0,4,10.0,0,0,0,0.0,0
136,A,Texas A&M,LSU,Other WR,Receiver,0,0,0.0,0,0,0,0,0.0,0,0,1,0.0,0
136,A,Texas A&M,LSU,Mario Craver,Receiver,0,0,0.0,0,0,0,0,0.0,0,7,11,122.4,1
136,A,Texas A&M,LSU,Ashton Bethel-Roman,Receiver,0,0,0.0,0,0,0,0,0.0,0,1,2,19.8,0
136,A,Texas A&M,LSU,Kevin Concepcion,Receiver,0,0,0.0,0,0,0,0,0.0,0,5,7,30.8,1
136,A,Texas A&M,LSU,Amari Niblack,Receiver,0,0,0.0,0,0,0,0,0.0,0,1,1,15.0,0
136,A,Texas A&M,LSU,Terry Bussey,Receiver,0,0,0.0,0,0,0,0,0.0,0,1,4,0.0,0
136,A,Texas A&M,LSU,Nate Boerkircher,Receiver,0,0,0.0,0,0,0,0,0.0,0,0,1,0.0,0
136,A,Texas A&M,LSU,Theo Melin Ohrstrom,Receiver,0,0,0.0,0,0,0,0,0.0,0,1,1,14.2,0
137,B,Texas A&M,LSU,Marcel Reed,QB,27,20,254.1,1,0,4,0,0.0,0,0,0,0.0,0
137,B,Texas A&M,LSU,Le'Veon Moss,Rusher,0,0,0.0,0,0,0,16,57.6,0,0,0,0.0,0
137,B,Texas A&M,LSU,Marcel Reed,Rusher,0,0,0.0,0,0,0,6,15.2,0,0,0,0.0,0
137,B,Texas A&M,LSU,Amari Daniels,Rusher,0,0,0.0,0,0,0,4,5.9,0,0,0,0.0,0
137,B,Texas A&M,LSU,Miles O'Neill,Rusher,0,0,0.0,0,0,0,2,8.2,0,0,0,0.0,0
137,B,Texas A&M,LSU,Rueben Owens,Rusher,0,0,0.0,0,0,0,5,28.2,1,0,0,0.0,0
137,B,Texas A&M,LSU,Jamarion Morrow,Rusher,0,0,0.0,0,0,0,3,-2.0,0,0,0,0.0,0
137,B,Texas A&M,LSU,E.J. Smith,Rusher,0,0,0.0,0,0,0,1,9.9,0,0,0,0.0,0
137,B,Texas A&M,LSU,Terry Bussey,Receiver,0,0,0.0,0,0,0,0,0.0,0,3,4,55.7,0
137,B,Texas A&M,LSU,Ashton Bethel-Roman,Receiver,0,0,0.0,0,0,0,0,0.0,0,2,4,22.3,0
137,B,Texas A&M,LSU,Mario Craver,Receiver,0,0,0.0,0,0,0,0,0.0,0,2,4,19.7,0
137,B,Texas A&M,LSU,Theo Melin Ohrstrom,Receiver,0,0,0.0,0,0,0,0,0.0,0,2,2,18.9,1
137,B,Texas A&M,LSU,Kevin Concepcion,Receiver,0,0,0.0,0,0,0,0,0.0,0,5,6,33.3,0
137,B,Texas A&M,LSU,Other WR,Receiver,0,0,0.0,0,0,0,0,0.0,0,5,5,86.9,0
137,B,Texas A&M,LSU,Nate Boerkircher,Receiver,0,0,0.0,0,0,0,0,0.0,0,1,2,17.2,0
137,B,LSU,Texas A&M,Garrett Nussmeier,QB,35,20,142.9,0,0,2,0,0.0,0,0,0,0.0,0
137,B,LSU,Texas A&M,Ju'Juan Johnson,Rusher,0,0,0.0,0,0,0,4,15.3,0,0,0,0.0,0
137,B,LSU,Texas A&M,Caden Durham,Rusher,0,0,0.0,0,0,0,13,57.4,0,0,0,0.0,0
137,B,LSU,Texas A&M,Garrett Nussmeier,Rusher,0,0,0.0,0,0,0,2,4.3,0,0,0,0.0,0
137,B,LSU,Texas A&M,Harlem Berry,Rusher,0,0,0.0,0,0,0,2,2.1,0,0,0,0.0,0
137,B,LSU,Texas A&M,Other RB,Rusher,0,0,0.0,0,0,0,2,8.9,0,0,0,0.0,0
137,B,LSU,Texas A&M,Barion Brown,Receiver,0,0,0.0,0,0,0,0,0.0,0,5,11,43.5,0
137,B,LSU,Texas A&M,Other WR,Receiver,0,0,0.0,0,0,0,0,0.0,0,0,3,0.0,0
137,B,LSU,Texas A&M,Trey'Dez Green,Receiver,0,0,0.0,0,0,0,0,0.0,0,3,3,0.0,0
137,B,LSU,Texas A&M,Chris Hilton Jr.,Receiver,0,0,0.0,0,0,0,0,0.0,0,2,2,18.5,0
137,B,LSU,Texas A&M,Zavion Thomas,Receiver,0,0,0.0,0,0,0,0,0.0,0,2,3,3.6,0
137,B,LSU,Texas A&M,Aaron Anderson,Receiver,0,0,0.0,0,0,0,0,0.0,0,4,4,29.3,0
137,B,LSU,Texas A&M,Nic Anderson,Receiver,0,0,0.0,0,0,0,0,0.0,0,1,3,10.4,0
137,B,LSU,Texas A&M,Bauer Sharp,Receiver,0,0,0.0,0,0,0,0,0.0,0,1,3,18.6,0
137,B,LSU,Texas A&M,Kyle Parker,Receiver,0,0,0.0,0,0,0,0,0.0,0,2,3,18.9,0
138,A,LSU,Texas A&M,Garrett Nussmeier,QB,36,23,246.2,1,0,2,0,0.0,0,0,0,0.0,0
138,A,LSU,Texas A&M,Harlem Berry,Rusher,0,0,0.0,0,0,0,6,13.5,0,0,0,0.0,0
138,A,LSU,Texas A&M,Kaleb Jackson,Rusher,0,0,0.0,0,0,0,2,-1.5,0,0,0,0.0,0
138,A,LSU,Texas A&M,Caden Durham,Rusher,0,0,0.0,0,0,0,13,39.3,0,0,0,0.0,0
138,A,LSU,Texas A&M,Other RB,Rusher,0,0,0.0,0,0,0,2,1.6,0,0,0,0.0,0
138,A,LSU,Texas A&M,Ju'Juan Johnson,Rusher,0,0,0.0,0,0,0,4,11.1,0,0,0,0.0,0
138,A,LSU,Texas A&M,Garrett Nussmeier,Rusher,0,0,0.0,0,0,0,2,7.7,0,0,0,0.0,0
138,A,LSU,Texas A&M,Zavion Thomas,Receiver,0,0,0.0,0,0,0,0,0.0,0,2,3,11.8,0
138,A,LSU,Texas A&M,Other WR,Receiver,0,0,0.0,0,0,0,0,0.0,0,1,2,31.4,0
138,A,LSU,Texas A&M,Nic Anderson,Receiver,0,0,0.0,0,0,0,0,0.0,0,3,4,46.1,1
138,A,LSU,Texas A&M,Barion Brown,Receiver,0,0,0.0,0,0,0,0,0.0,0,5,8,50.6,0
138,A,LSU,Texas A&M,Trey'Dez Green,Receiver,0,0,0.0,0,0,0,0,0.0,0,3,6,47.5,0
138,A,LSU,Texas A&M,Aaron Anderson,Receiver,0,0,0.0,0,0,0,0,0.0,0,5,7,36.9,0
138,A,LSU,Texas A&M,Chris Hilton Jr.,Receiver,0,0,0.0,0,0,0,0,0.0,0,0,1,0.0,0
138,A,LSU,Texas A&M,Bauer Sharp,Receiver,0,0,0.0,0,0,0,0,0.0,0,4,5,21.8,0
138,A,Texas A&M,LSU,Marcel Reed,QB,23,19,179.7,2,1,2,0,0.0,0,0,0,0.0,0
138,A,Texas A&M,LSU,Le'Veon Moss,Rusher,0,0,0.0,0,0,0,13,49.1,0,0,0,0.0,0
138,A,Texas A&M,LSU,Rueben Owens,Rusher,0,0,0.0,0,0,0,4,20.3,0,0,0,0.0,0
138,A,Texas A&M,LSU,Amari Daniels,Rusher,0,0,0.0,0,0,0,2,23.3,1,0,0,0.0,0
138,A,Texas A&M,LSU,Jamarion Morrow,Rusher,0,0,0.0,0,0,0,2,9.1,0,0,0,0.0,0
138,A,Texas A&M,LSU,E.J. Smith,Rusher,0,0,0.0,0,0,0,2,9.5,0,0,0,0.0,0
138,A,Texas A&M,LSU,Marcel Reed,Rusher,0,0,0.0,0,0,0,3,17.6,0,0,0,0.0,0
138,A,Texas A&M,LSU,Kevin Concepcion,Receiver,0,0,0.0,0,0,0,0,0.0,0,5,7,40.3,1
138,A,Texas A&M,LSU,Nate Boerkircher,Receiver,0,0,0.0,0,0,0,0,0.0,0,2,2,9.8,0
138,A,Texas A&M,LSU,Mario Craver,Receiver,0,0,0.0,0,0,0,0,0.0,0,3,4,32.4,0
138,A,Texas A&M,LSU,Other WR,Receiver,0,0,0.0,0,0,0,0,0.0,0,4,5,36.5,0
138,A,Texas A&M,LSU,Amari Niblack,Receiver,0,0,0.0,0,0,0,0,0.0,0,2,2,11.6,0
138,A,Texas A&M,LSU,Theo Melin Ohrstrom,Receiver,0,0,0.0,0,0,0,0,0.0,0,2,2,27.6,0
138,A,Texas A&M,LSU,Ashton Bethel-Roman,Receiver,0,0,0.0,0,0,0,0,0.0,0,1,1,21.4,1
139,B,Texas A&M,LSU,Marcel Reed,QB,23,13,141.7,0,0,4,0,0.0,0,0,0,0.0,0
139,B,Texas A&M,LSU,Rueben Owens,Rusher,0,0,0.0,0,0,0,7,21.5,0,0,0,0.0,0
139,B,Texas A&M,LSU,Amari Daniels,Rusher,0,0,0.0,0,0,0,9,38.4,0,0,0,0.0,0
139,B,Texas A&M,LSU,Le'Veon Moss,Rusher,0,0,0.0,0,0,0,8,16.5,1,0,0,0.0,0
139,B,Texas A&M,LSU,E.J. Smith,Rusher,0,0,0.0,0,0,0,1,15.3,1,0,0,0.0,0
139,B,Texas A&M,LSU,Marcel Reed,Rusher,0,0,0.0,0,0,0,5,10.0,0,0,0,0.0,0
139,B,Texas A&M,LSU,Jamarion Morrow,Rusher,0,0,0.0,0,0,0,1,7.4,0,0,0,0.0,0
139,B,Texas A&M,LSU,Ashton Bethel-Roman,Receiver,0,0,0.0,0,0,0,0,0.0,0,2,3,32.8,0
139,B,Texas A&M,LSU,Terry Bussey,Receiver,0,0,0.0,0,0,0,0,0.0,0,1,2,15.6,0
139,B,Texas A&M,LSU,Other WR,Receiver,0,0,0.0,0,0,0,0,0.0,0,5,6,72.7,0
139,B,Texas A&M,LSU,Theo Melin Ohrstrom,Receiver,0,0,0.0,0,0,0,0,0.0,0,1,3,3.0,0
139,B,Texas A&M,LSU,Mario Craver,Receiver,0,0,0.0,0,0,0,0,0.0,0,1,4,5.5,0
139,B,Texas A&M,LSU,Kevin Concepcion,Receiver,0,0,0.0,0,0,0,0,0.0,0,2,3,10.4,0
139,B,Texas A&M,LSU,Nate Boerkircher,Receiver,0,0,0.0,0,0,0,0,0.0,0,1,1,1.6,0
139,B,Texas A&M,LSU,Amari Niblack,Receiver,0,0,0.0,0,0,0,0,0.0,0,0,1,0.0,0
139,B,LSU,Texas A&M,Garrett Nussmeier,QB,28,21,216.2,2,0,1,0,0.0,0,0,0,0.0,0
139,B,LSU,Texas A&M,Caden Durham,Rusher,0,0,0.0,0,0,0,21,101.9,2,0,0,0.0,0
139,B,LSU,Texas A&M,Ju'Juan Johnson,Rusher,0,0,0.0,0,0,0,6,30.7,1,0,0,0.0,0
139,B,LSU,Texas A&M,Other RB,Rusher,0,0,0.0,0,0,0,2,13.7,0,0,0,0.0,0
139,B,LSU,Texas A&M,Harlem Berry,Rusher,0,0,0.0,0,0,0,5,20.3,0,0,0,0.0,0
139,B,LSU,Texas A&M,Garrett Nussmeier,Rusher,0,0,0.0,0,0,0,2,19.5,0,0,0,0.0,0
139,B,LSU,Texas A&M,Aaron Anderson,Receiver,0,0,0.0,0,0,0,0,0.0,0,5,7,70.6,0
139,B,LSU,Texas A&M,Barion Brown,Receiver,0,0,0.0,0,0,0,0,0.0,0,3,5,32.9,0
139,B,LSU,Texas A&M,Chris Hilton Jr.,Receiver,0,0,0.0,0,0,0,0,0.0,0,4,5,21.0,0
139,B,LSU,Texas A&M,Trey'Dez Green,Receiver,0,0,0.0,0,0,0,0,0.0,0,2,2,27.6,1
139,B,LSU,Texas A&M,Nic Anderson,Receiver,0,0,0.0,0,0,0,0,0.0,0,1,2,16.2,1
139,B,LSU,Texas A&M,Kyle Parker,Receiver,0,0,0.0,0,0,0,0,0.0,0,2,2,12.7,0
139,B,LSU,Texas A&M,Other WR,Receiver,0,0,0.0,0,0,0,0,0.0,0,1,1,3.6,0
139,B,LSU,Texas A&M,Bauer Sharp,Receiver,0,0,0.0,0,0,0,0,0.0,0,2,3,31.3,0
139,B,LSU,Texas A&M,Zavion Thomas,Receiver,0,0,0.0,0,0,0,0,0.0,0,1,1,0.3,0
140,A,LSU,Texas A&M,Garrett Nussmeier,QB,38,22,245.4,1,0,0,0,0.0,0,0,0,0.0,0
140,A,LSU,Texas A&M,Caden Durham,Rusher,0,0,0.0,0,0,0,14,22.6,0,0,0,0.0,0
140,A,LSU,Texas A&M,Harlem Berry,Rusher,0,0,0.0,0,0,0,8,34.6,0,0,0,0.0,0
140,A,LSU,Texas A&M,Ju'Juan Johnson,Rusher,0,0,0.0,0,0,0,9,35.2,1,0,0,0.0,0
140,A,LSU,Texas A&M,Kaleb Jackson,Rusher,0,0,0.0,0,0,0,2,4.5,0,0,0,0.0,0
140,A,LSU,Texas A&M,Garrett Nussmeier,Rusher,0,0,0.0,0,0,0,3,36.6,1,0,0,0.0,0
140,A,LSU,Texas A&M,Other RB,Rusher,0,0,0.0,0,0,0,3,19.6,0,0,0,0.0,0
140,A,LSU,Texas A&M,Barion Brown,Receiver,0,0,0.0,0,0,0,0,0.0,0,6,11,58.4,0
140,A,LSU,Texas A&M,Bauer Sharp,Receiver,0,0,0.0,0,0,0,0,0.0,0,4,6,32.6,1
140,A,LSU,Texas A&M,Chris Hilton Jr.,Receiver,0,0,0.0,0,0,0,0,0.0,0,1,2,0.0,0
140,A,LSU,Texas A&M,Other WR,Receiver,0,0,0.0,0,0,0,0,0.0,0,1,2,26.6,0
140,A,LSU,Texas A&M,Trey'Dez Green,Receiver,0,0,0.0,0,0,0,0,0.0,0,1,1,0.0,0
140,A,LSU,Texas A&M,Zavion Thomas,Receiver,0,0,0.0,0,0,0,0,0.0,0,3,4,44.6,0
140,A,LSU,Texas A&M,Kyle Parker,Receiver,0,0,0.0,0,0,0,0,0.0,0,0,2,0.0,0
140,A,LSU,Texas A&M,Nic Anderson,Receiver,0,0,0.0,0,0,0,0,0.0,0,3,4,43.0,0
140,A,LSU,Texas A&M,Aaron Anderson,Receiver,0,0,0.0,0,0,0,0,0.0,0,3,6,40.1,0
140,A,Texas A&M,LSU,Marcel Reed,QB,28,15,203.8,1,0,3,0,0.0,0,0,0,0.0,0
140,A,Texas A&M,LSU,Le'Veon Moss,Rusher,0,0,0.0,0,0,0,9,56.6,1,0,0,0.0,0
140,A,Texas A&M,LSU,Rueben Owens,Rusher,0,0,0.0,0,0,0,6,15.2,0,0,0,0.0,0
140,A,Texas A&M,LSU,Marcel Reed,Rusher,0,0,0.0,0,0,0,5,7.7,0,0,0,0.0,0
140,A,Texas A&M,LSU,Kevin Concepcion,Receiver,0,0,0.0,0,0,0,0,0.0,0,3,7,40.1,1
140,A,Texas A&M,LSU,Mario Craver,Receiver,0,0,0.0,0,0,0,0,0.0,0,2,7,30.5,0
140,A,Texas A&M,LSU,Theo Melin Ohrstrom,Receiver,0,0,0.0,0,0,0,0,0.0,0,2,3,27.1,0
140,A,Texas A&M,LSU,Ashton Bethel-Roman,Receiver,0,0,0.0,0,0,0,0,0.0,0,2,3,37.3,0
140,A,Texas A&M,LSU,Other WR,Receiver,0,0,0.0,0,0,0,0,0.0,0,5,7,64.4,0
140,A,Texas A&M,LSU,Terry Bussey,Receiver,0,0,0.0,0,0,0,0,0.0,0,1,1,4.6,0
141,B,Texas A&M,LSU,Marcel Reed,QB,18,14,139.4,0,0,1,0,0.0,0,0,0,0.0,0
141,B,Texas A&M,LSU,Marcel Reed,Rusher,0,0,0.0,0,0,0,12,55.9,1,0,0,0.0,0
141,B,Texas A&M,LSU,Le'Veon Moss,Rusher,0,0,0.0,0,0,0,14,29.4,0,0,0,0.0,0
141,B,Texas A&M,LSU,Amari Daniels,Rusher,0,0,0.0,0,0,0,5,38.6,1,0,0,0.0,0
141,B,Texas A&M,LSU,Rueben Owens,Rusher,0,0,0.0,0,0,0,2,6.6,0,0,0,0.0,0
141,B,Texas A&M,LSU,Miles O'Neill,Rusher,0,0,0.0,0,0,0,1,8.8,0,0,0,0.0,0
141,B,Texas A&M,LSU,E.J. Smith,Rusher,0,0,0.0,0,0,0,1,6.1,0,0,0,0.0,0
141,B,Texas A&M,LSU,Mario Craver,Receiver,0,0,0.0,0,0,0,0,0.0,0,1,2,0.0,0
141,B,Texas A&M,LSU,Ashton Bethel-Roman,Receiver,0,0,0.0,0,0,0,0,0.0,0,4,4,61.2,0
141,B,Texas A&M,LSU,Other WR,Receiver,0,0,0.0,0,0,0,0,0.0,0,5,6,51.3,0
141,B,Texas A&M,LSU,Terry Bussey,Receiver,0,0,0.0,0,0,0,0,0.0,0,0,1,0.0,0
141,B,Texas A&M,LSU,Kevin Concepcion,Receiver,0,0,0.0,0,0,0,0,0.0,0,1,2,0.0,0
141,B,Texas A&M,LSU,Theo Melin Ohrstrom,Receiver,0,0,0.0,0,0,0,0,0.0,0,1,1,3.8,0
141,B,Texas A&M,LSU,Amari Niblack,Receiver,0,0,0.0,0,0,0,0,0.0,0,1,1,8.7,0
141,B,Texas A&M,LSU,Nate Boerkircher,Receiver,0,0,0.0,0,0,0,0,0.0,0,1,1,14.4,0
141,B,LSU,Texas A&M,Garrett Nussmeier,QB,35,20,193.1,1,0,2,0,0.0,0,0,0,0.0,0
141,B,LSU,Texas A&M,Other RB,Rusher,0,0,0.0,0,0,0,3,10.7,0,0,0,0.0,0
141,B,LSU,Texas A&M,Garrett Nussmeier,Rusher,0,0,0.0,0,0,0,3,28.3,0,0,0,0.0,0
141,B,LSU,Texas A&M,Caden Durham,Rusher,0,0,0.0,0,0,0,12,45.1,0,0,0,0.0,0
141,B,LSU,Texas A&M,Ju'Juan Johnson,Rusher,0,0,0.0,0,0,0,7,30.3,0,0,0,0.0,0
141,B,LSU,Texas A&M,Harlem Berry,Rusher,0,0,0.0,0,0,0,3,12.4,0,0,0,0.0,0
141,B,LSU,Texas A&M,Kaleb Jackson,Rusher,0,0,0.0,0,0,0,2,18.6,0,0,0,0.0,0
141,B,LSU,Texas A&M,Nic Anderson,Receiver,0,0,0.0,0,0,0,0,0.0,0,4,4,59.7,0
141,B,LSU,Texas A&M,Barion Brown,Receiver,0,0,0.0,0,0,0,0,0.0,0,2,5,18.8,0
141,B,LSU,Texas A&M,Aaron Anderson,Receiver,0,0,0.0,0,0,0,0,0.0,0,4,8,37.9,0
141,B,LSU,Texas A&M,Bauer Sharp,Receiver,0,0,0.0,0,0,0,0,0.0,0,2,4,19.9,0
141,B,LSU,Texas A&M,Zavion Thomas,Receiver,0,0,0.0,0,0,0,0,0.0,0,4,7,48.2,1
141,B,LSU,Texas A&M,Chris Hilton Jr.,Receiver,0,0,0.0,0,0,0,0,0.0,0,2,3,7.8,0
141,B,LSU,Texas A&M,Kyle Parker,Receiver,0,0,0.0,0,0,0,0,0.0,0,1,2,0.8,0
141,B,LSU,Texas A&M,Other WR,Receiver,0,0,0.0,0,0,0,0,0.0,0,1,1,0.0,0
141,B,LSU,Texas A&M,Trey'Dez Green,Receiver,0,0,0.0,0,0,0,0,0.0,0,0,1,0.0,0
142,A,LSU,Texas A&M,Garrett Nussmeier,QB,29,24,240.6,1,0,2,0,0.0,0,0,0,0.0,0
142,A,LSU,Texas A&M,Ju'Juan Johnson,Rusher,0,0,0.0,0,0,0,5,25.0,0,0,0,0.0,0
142,A,LSU,Texas A&M,Harlem Berry,Rusher,0,0,0.0,0,0,0,5,15.4,0,0,0,0.0,0
142,A,LSU,Texas A&M,Caden Durham,Rusher,0,0,0.0,0,0,0,12,60.3,0,0,0,0.0,0
142,A,LSU,Texas A&M,Other RB,Rusher,0,0,0.0,0,0,0,3,4.1,1,0,0,0.0,0
142,A,LSU,Texas A&M,Garrett Nussmeier,Rusher,0,0,0.0,0,0,0,7,55.9,2,0,0,0.0,0
142,A,LSU,Texas A&M,Kaleb Jackson,Rusher,0,0,0.0,0,0,0,1,7.2,0,0,0,0.0,0
142,A,LSU,Texas A&M,Aaron Anderson,Receiver,0,0,0.0,0,0,0,0,0.0,0,5,6,47.3,0
142,A,LSU,Texas A&M,Barion Brown,Receiver,0,0,0.0,0,0,0,0,0.0,0,6,6,56.4,0
142,A,LSU,Texas A&M,Kyle Parker,Receiver,0,0,0.0,0,0,0,0,0.0,0,4,4,26.6,0
142,A,LSU,Texas A&M,Chris Hilton Jr.,Receiver,0,0,0.0,0,0,0,0,0.0,0,2,2,18.8,0
142,A,LSU,Texas A&M,Nic Anderson,Receiver,0,0,0.0,0,0,0,0,0.0,0,1,1,21.9,1
142,A,LSU,Texas A&M,Zavion Thomas,Receiver,0,0,0.0,0,0,0,0,0.0,0,1,4,26.0,0
142,A,LSU,Texas A&M,Trey'Dez Green,Receiver,0,0,0.0,0,0,0,0,0.0,0,4,5,36.4,0
142,A,LSU,Texas A&M,Bauer Sharp,Receiver,0,0,0.0,0,0,0,0,0.0,0,1,1,7.0,0
142,A,Texas A&M,LSU,Marcel Reed,QB,16,11,120.6,0,0,4,0,0.0,0,0,0,0.0,0
142,A,Texas A&M,LSU,Le'Veon Moss,Rusher,0,0,0.0,0,0,0,16,71.0,2,0,0,0.0,0
142,A,Texas A&M,LSU,Amari Daniels,Rusher,0,0,0.0,0,0,0,5,19.8,0,0,0,0.0,0
142,A,Texas A&M,LSU,Marcel Reed,Rusher,0,0,0.0,0,0,0,8,59.4,1,0,0,0.0,0
142,A,Texas A&M,LSU,E.J. Smith,Rusher,0,0,0.0,0,0,0,1,5.3,0,0,0,0.0,0
142,A,Texas A&M,LSU,Rueben Owens,Rusher,0,0,0.0,0,0,0,3,22.7,0,0,0,0.0,0
142,A,Texas A&M,LSU,Jamarion Morrow,Rusher,0,0,0.0,0,0,0,1,6.4,0,0,0,0.0,0
142,A,Texas A&M,LSU,Ashton Bethel-Roman,Receiver,0,0,0.0,0,0,0,0,0.0,0,4,4,23.8,0
142,A,Texas A&M,LSU,Mario Craver,Receiver,0,0,0.0,0,0,0,0,0.0,0,3,3,50.2,0
142,A,Texas A&M,LSU,Terry Bussey,Receiver,0,0,0.0,0,0,0,0,0.0,0,1,2,15.6,0
142,A,Texas A&M,LSU,Other WR,Receiver,0,0,0.0,0,0,0,0,0.0,0,1,4,17.3,0
142,A,Texas A&M,LSU,Kevin Concepcion,Receiver,0,0,0.0,0,0,0,0,0.0,0,1,2,5.2,0
142,A,Texas A&M,LSU,Theo Melin Ohrstrom,Receiver,0,0,0.0,0,0,0,0,0.0,0,1,1,8.4,0
143,B,Texas A&M,LSU,Marcel Reed,QB,33,21,236.6,0,0,6,0,0.0,0,0,0,0.0,0
143,B,Texas A&M,LSU,Le'Veon Moss,Rusher,0,0,0.0,0,0,0,11,39.8,0,0,0,0.0,0
143,B,Texas A&M,LSU,Marcel Reed,Rusher,0,0,0.0,0,0,0,9,46.3,0,0,0,0.0,0
143,B,Texas A&M,LSU,Amari Daniels,Rusher,0,0,0.0,0,0,0,5,9.1,0,0,0,0.0,0
143,B,Texas A&M,LSU,Rueben Owens,Rusher,0,0,0.0,0,0,0,2,2.8,0,0,0,0.0,0
143,B,Texas A&M,LSU,Miles O'Neill,Rusher,0,0,0.0,0,0,0,1,-3.2,0,0,0,0.0,0
143,B,Texas A&M,LSU,E.J. Smith,Rusher,0,0,0.0,0,0,0,3,13.7,0,0,0,0.0,0
143,B,Texas A&M,LSU,Mario Craver,Receiver,0,0,0.0,0,0,0,0,0.0,0,6,8,65.0,0
143,B,Texas A&M,LSU,Other WR,Receiver,0,0,0.0,0,0,0,0,0.0,0,4,9,59.0,0
143,B,Texas A&M,LSU,Kevin Concepcion,Receiver,0,0,0.0,0,0,0,0,0.0,0,5,6,34.9,0
143,B,Texas A&M,LSU,Theo Melin Ohrstrom,Receiver,0,0,0.0,0,0,0,0,0.0,0,3,5,27.5,0
143,B,Texas A&M,LSU,Ashton Bethel-Roman,Receiver,0,0,0.0,0,0,0,0,0.0,0,1,1,23.2,0
143,B,Texas A&M,LSU,Nate Boerkircher,Receiver,0,0,0.0,0,0,0,0,0.0,0,0,1,0.0,0
143,B,Texas A&M,LSU,Terry Bussey,Receiver,0,0,0.0,0,0,0,0,0.0,0,2,2,27.1,0
143,B,Texas A&M,LSU,Amari Niblack,Receiver,0,0,0.0,0,0,0,0,0.0,0,0,1,0.0,0
143,B,LSU,Texas A&M,Garrett Nussmeier,QB,23,13,149.7,1,0,2,0,0.0,0,0,0,0.0,0
143,B,LSU,Texas A&M,Other RB,Rusher,0,0,0.0,0,0,0,4,0.8,0,0,0,0.0,0
143,B,LSU,Texas A&M,Caden Durham,Rusher,0,0,0.0,0,0,0,7,38.2,0,0,0,0.0,0
143,B,LSU,Texas A&M,Harlem Berry,Rusher,0,0,0.0,0,0,0,5,23.1,0,0,0,0.0,0
143,B,LSU,Texas A&M,Kaleb Jackson,Rusher,0,0,0.0,0,0,0,2,5.4,0,0,0,0.0,0
143,B,LSU,Texas A&M,Ju'Juan Johnson,Rusher,0,0,0.0,0,0,0,3,20.9,0,0,0,0.0,0
143,B,LSU,Texas A&M,Garrett Nussmeier,Rusher,0,0,0.0,0,0,0,2,6.1,0,0,0,0.0,0
143,B,LSU,Texas A&M,Nic Anderson,Receiver,0,0,0.0,0,0,0,0,0.0,0,4,4,43.9,0
143,B,LSU,Texas A&M,Barion Brown,Receiver,0,0,0.0,0,0,0,0,0.0,0,3,6,39.1,0
143,B,LSU,Texas A&M,Bauer Sharp,Receiver,0,0,0.0,0,0,0,0,0.0,0,3,3,41.9,1
143,B,LSU,Texas A&M,Zavion Thomas,Receiver,0,0,0.0,0,0,0,0,0.0,0,0,3,0.0,0
143,B,LSU,Texas A&M,Other WR,Receiver,0,0,0.0,0,0,0,0,0.0,0,0,1,0.0,0
143,B,LSU,Texas A&M,Aaron Anderson,Receiver,0,0,0.0,0,0,0,0,0.0,0,2,3,16.4,0
143,B,LSU,Texas A&M,Trey'Dez Green,Receiver,0,0,0.0,0,0,0,0,0.0,0,0,1,0.0,0
143,B,LSU,Texas A&M,Chris Hilton Jr.,Receiver,0,0,0.0,0,0,0,0,0.0,0,1,2,8.5,0
176,A,LSU,Texas A&M,Garrett Nussmeier,QB,39,20,140.9,0,0,7,0,0.0,0,0,0,0.0,0
176,A,LSU,Texas A&M,Caden Durham,Rusher,0,0,0.0,0,0,0,13,53.1,0,0,0,0.0,0
176,A,LSU,Texas A&M,Ju'Juan Johnson,Rusher,0,0,0.0,0,0,0,6,27.1,0,0,0,0.0,0
176,A,LSU,Texas A&M,Harlem Berry,Rusher,0,0,0.0,0,0,0,3,18.5,0,0,0,0.0,0
176,A,LSU,Texas A&M,Kaleb Jackson,Rusher,0,0,0.0,0,0,0,1,0.5,0,0,0,0.0,0
176,A,LSU,Texas A&M,Garrett Nussmeier,Rusher,0,0,0.0,0,0,0,1,0.0,0,0,0,0.0,0
176,A,LSU,Texas A&M,Other RB,Rusher,0,0,0.0,0,0,0,2,6.1,0,0,0,0.0,0
176,A,LSU,Texas A&M,Aaron Anderson,Receiver,0,0,0.0,0,0,0,0,0.0,0,5,11,51.6,0
176,A,LSU,Texas A&M,Bauer Sharp,Receiver,0,0,0.0,0,0,0,0,0.0,0,3,6,15.9,0
176,A,LSU,Texas A&M,Barion Brown,Receiver,0,0,0.0,0,0,0,0,0.0,0,4,7,20.6,0
176,A,LSU,Texas A&M,Trey'Dez Green,Receiver,0,0,0.0,0,0,0,0,0.0,0,2,3,15.5,0
176,A,LSU,Texas A&M,Chris Hilton Jr.,Receiver,0,0,0.0,0,0,0,0,0.0,0,1,3,6.6,0
176,A,LSU,Texas A&M,Zavion Thomas,Receiver,0,0,0.0,0,0,0,0,0.0,0,0,2,0.0,0
176,A,LSU,Texas A&M,Nic Anderson,Receiver,0,0,0.0,0,0,0,0,0.0,0,2,3,18.1,0
176,A,LSU,Texas A&M,Other WR,Receiver,0,0,0.0,0,0,0,0,0.0,0,2,2,2.9,0
176,A,LSU,Texas A&M,Kyle Parker,Receiver,0,0,0.0,0,0,0,0,0.0,0,1,2,9.7,0
176,A,Texas A&M,LSU,Marcel Reed,QB,21,14,125.8,0,0,3,0,0.0,0,0,0,0.0,0
176,A,Texas A&M,LSU,Marcel Reed,Rusher,0,0,0.0,0,0,0,9,48.0,2,0,0,0.0,0
176,A,Texas A&M,LSU,Le'Veon Moss,Rusher,0,0,0.0,0,0,0,12,29.9,0,0,0,0.0,0
176,A,Texas A&M,LSU,Jamarion Morrow,Rusher,0,0,0.0,0,0,0,1,-0.2,0,0,0,0.0,0
176,A,Texas A&M,LSU,Rueben Owens,Rusher,0,0,0.0,0,0,0,5,31.7,1,0,0,0.0,0
176,A,Texas A&M,LSU,Amari Daniels,Rusher,0,0,0.0,0,0,0,3,6.9,0,0,0,0.0,0
176,A,Texas A&M,LSU,Miles O'Neill,Rusher,0,0,0.0,0,0,0,1,1.1,0,0,0,0.0,0
176,A,Texas A&M,LSU,Other WR,Receiver,0,0,0.0,0,0,0,0,0.0,0,4,8,56.9,0
176,A,Texas A&M,LSU,Mario Craver,Receiver,0,0,0.0,0,0,0,0,0.0,0,6,7,26.7,0
176,A,Texas A&M,LSU,Ashton Bethel-Roman,Receiver,0,0,0.0,0,0,0,0,0.0,0,1,2,3.1,0
176,A,Texas A&M,LSU,Kevin Concepcion,Receiver,0,0,0.0,0,0,0,0,0.0,0,1,1,17.3,0
176,A,Texas A&M,LSU,Theo Melin Ohrstrom,Receiver,0,0,0.0,0,0,0,0,0.0,0,0,1,0.0,0
176,A,Texas A&M,LSU,Terry Bussey,Receiver,0,0,0.0,0,0,0,0,0.0,0,2,2,21.8,0
177,B,Texas A&M,LSU,Marcel Reed,QB,31,22,191.6,1,0,3,0,0.0,0,0,0,0.0,0
177,B,Texas A&M,LSU,Marcel Reed,Rusher,0,0,0.0,0,0,0,15,78.1,1,0,0,0.0,0
177,B,Texas A&M,LSU,Le'Veon Moss,Rusher,0,0,0.0,0,0,0,12,83.1,0,0,0,0.0,0
177,B,Texas A&M,LSU,Amari Daniels,Rusher,0,0,0.0,0,0,0,2,6.8,0,0,0,0.0,0
177,B,Texas A&M,LSU,Rueben Owens,Rusher,0,0,0.0,0,0,0,5,21.8,1,0,0,0.0,0
177,B,Texas A&M,LSU,Jamarion Morrow,Rusher,0,0,0.0,0,0,0,1,3.1,0,0,0,0.0,0
177,B,Texas A&M,LSU,E.J. Smith,Rusher,0,0,0.0,0,0,0,1,8.5,0,0,0,0.0,0
177,B,Texas A&M,LSU,Kevin Concepcion,Receiver,0,0,0.0,0,0,0,0,0.0,0,4,7,34.3,0
177,B,Texas A&M,LSU,Other WR,Receiver,0,0,0.0,0,0,0,0,0.0,0,4,5,43.5,0
177,B,Texas A&M,LSU,Nate Boerkircher,Receiver,0,0,0.0,0,0,0,0,0.0,0,2,3,12.2,0
177,B,Texas A&M,LSU,Mario Craver,Receiver,0,0,0.0,0,0,0,0,0.0,0,6,8,43.3,1
177,B,Texas A&M,LSU,Theo Melin Ohrstrom,Receiver,0,0,0.0,0,0,0,0,0.0,0,3,4,28.0,0
177,B,Texas A&M,LSU,Ashton Bethel-Roman,Receiver,0,0,0.0,0,0,0,0,0.0,0,1,1,18.3,0
177,B,Texas A&M,LSU,Terry Bussey,Receiver,0,0,0.0,0,0,0,0,0.0,0,2,2,11.9,0
177,B,Texas A&M,LSU,Amari Niblack,Receiver,0,0,0.0,0,0,0,0,0.0,0,0,1,0.0,0
177,B,LSU,Texas A&M,Garrett Nussmeier,QB,25,19,236.8,2,0,4,0,0.0,0,0,0,0.0,0
177,B,LSU,Texas A&M,Harlem Berry,Rusher,0,0,0.0,0,0,0,4,23.9,1,0,0,0.0,0
177,B,LSU,Texas A&M,Other RB,Rusher,0,0,0.0,0,0,0,1,-3.9,0,0,0,0.0,0
177,B,LSU,Texas A&M,Caden Durham,Rusher,0,0,0.0,0,0,0,10,20.7,0,0,0,0.0,0
177,B,LSU,Texas A&M,Ju'Juan Johnson,Rusher,0,0,0.0,0,0,0,6,22.8,0,0,0,0.0,0
177,B,LSU,Texas A&M,Garrett Nussmeier,Rusher,0,0,0.0,0,0,0,2,12.9,0,0,0,0.0,0
177,B,LSU,Texas A&M,Kaleb Jackson,Rusher,0,0,0.0,0,0,0,1,7.4,0,0,0,0.0,0
177,B,LSU,Texas A&M,Barion Brown,Receiver,0,0,0.0,0,0,0,0,0.0,0,9,10,90.5,0
177,B,LSU,Texas A&M,Zavion Thomas,Receiver,0,0,0.0,0,0,0,0,0.0,0,2,3,42.4,0
177,B,LSU,Texas A&M,Aaron Anderson,Receiver,0,0,0.0,0,0,0,0,0.0,0,3,4,50.2,2
177,B,LSU,Texas A&M,Nic Anderson,Receiver,0,0,0.0,0,0,0,0,0.0,0,0,0,0.0,0
177,B,LSU,Texas A&M,Bauer Sharp,Receiver,0,0,0.0,0,0,0,0,0.0,0,1,2,0.0,0
177,B,LSU,Texas A&M,Other WR,Receiver,0,0,0.0,0,0,0,0,0.0,0,0,1,0.0,0
177,B,LSU,Texas A&M,Trey'Dez Green,Receiver,0,0,0.0,0,0,0,0,0.0,0,3,4,28.4,0
177,B,LSU,Texas A&M,Chris Hilton Jr.,Receiver,0,0,0.0,0,0,0,0,0.0,0,1,1,25.4,0
178,A,LSU,Texas A&M,Garrett Nussmeier,QB,26,16,88.7,0,0,3,0,0.0,0,0,0,0.0,0
178,A,LSU,Texas A&M,Caden Durham,Rusher,0,0,0.0,0,0,0,22,93.7,1,0,0,0.0,0
178,A,LSU,Texas A&M,Ju'Juan Johnson,Rusher,0,0,0.0,0,0,0,4,2.4,0,0,0,0.0,0
178,A,LSU,Texas A&M,Garrett Nussmeier,Rusher,0,0,0.0,0,0,0,2,23.0,0,0,0,0.0,0
178,A,LSU,Texas A&M,Kaleb Jackson,Rusher,0,0,0.0,0,0,0,5,10.4,0,0,0,0.0,0
178,A,LSU,Texas A&M,Other RB,Rusher,0,0,0.0,0,0,0,5,20.3,0,0,0,0.0,0
178,A,LSU,Texas A&M,Harlem Berry,Rusher,0,0,0.0,0,0,0,6,33.5,1,0,0,0.0,0
178,A,LSU,Texas A&M,Kyle Parker,Receiver,0,0,0.0,0,0,0,0,0.0,0,2,4,7.2,0
178,A,LSU,Texas A&M,Aaron Anderson,Receiver,0,0,0.0,0,0,0,0,0.0,0,5,8,18.5,0
178,A,LSU,Texas A&M,Bauer Sharp,Receiver,0,0,0.0,0,0,0,0,0.0,0,2,2,16.2,0
178,A,LSU,Texas A&M,Zavion Thomas,Receiver,0,0,0.0,0,0,0,0,0.0,0,2,3,4.1,0
178,A,LSU,Texas A&M,Trey'Dez Green,Receiver,0,0,0.0,0,0,0,0,0.0,0,1,2,13.7,0
178,A,LSU,Texas A&M,Chris Hilton Jr.,Receiver,0,0,0.0,0,0,0,0,0.0,0,1,1,9.7,0
178,A,LSU,Texas A&M,Barion Brown,Receiver,0,0,0.0,0,0,0,0,0.0,0,1,3,0.3,0
178,A,LSU,Texas A&M,Other WR,Receiver,0,0,0.0,0,0,0,0,0.0,0,1,2,3.7,0
178,A,LSU,Texas A&M,Nic Anderson,Receiver,0,0,0.0,0,0,0,0,0.0,0,1,1,15.4,0
178,A,Texas A&M,LSU,Marcel Reed,QB,17,12,101.1,0,0,5,0,0.0,0,0,0,0.0,0
178,A,Texas A&M,LSU,Le'Veon Moss,Rusher,0,0,0.0,0,0,0,10,41.9,1,0,0,0.0,0
178,A,Texas A&M,LSU,Marcel Reed,Rusher,0,0,0.0,0,0,0,8,28.1,0,0,0,0.0,0
178,A,Texas A&M,LSU,Rueben Owens,Rusher,0,0,0.0,0,0,0,1,1.6,0,0,0,0.0,0
178,A,Texas A&M,LSU,Other WR,Receiver,0,0,0.0,0,0,0,0,0.0,0,5,7,45.6,0
178,A,Texas A&M,LSU,Kevin Concepcion,Receiver,0,0,0.0,0,0,0,0,0.0,0,1,1,2.3,0
178,A,Texas A&M,LSU,Mario Craver,Receiver,0,0,0.0,0,0,0,0,0.0,0,2,5,19.2,0
178,A,Texas A&M,LSU,Nate Boerkircher,Receiver,0,0,0.0,0,0,0,0,0.0,0,0,0,0.0,0
178,A,Texas A&M,LSU,Amari Niblack,Receiver,0,0,0.0,0,0,0,0,0.0,0,1,1,0.0,0
178,A,Texas A&M,LSU,Ashton Bethel-Roman,Receiver,0,0,0.0,0,0,0,0,0.0,0,1,1,0.2,0
178,A,Texas A&M,LSU,Terry Bussey,Receiver,0,0,0.0,0,0,0,0,0.0,0,2,2,33.8,0
178,A,Texas A&M,LSU,Theo Melin Ohrstrom,Receiver,0,0,0.0,0,0,0,0,0.0,0,0,0,0.0,0
179,B,Texas A&M,LSU,Marcel Reed,QB,22,17,218.5,3,0,4,0,0.0,0,0,0,0.0,0
179,B,Texas A&M,LSU,Rueben Owens,Rusher,0,0,0.0,0,0,0,6,14.3,0,0,0,0.0,0
179,B,Texas A&M,LSU,Le'Veon Moss,Rusher,0,0,0.0,0,0,0,18,80.6,1,0,0,0.0,0
179,B,Texas A&M,LSU,Marcel Reed,Rusher,0,0,0.0,0,0,0,7,16.3,0,0,0,0.0,0
179,B,Texas A&M,LSU,E.J. Smith,Rusher,0,0,0.0,0,0,0,2,13.8,0,0,0,0.0,0
179,B,Texas A&M,LSU,Amari Daniels,Rusher,0,0,0.0,0,0,0,3,14.1,0,0,0,0.0,0
179,B,Texas A&M,LSU,Ashton Bethel-Roman,Receiver,0,0,0.0,0,0,0,0,0.0,0,5,5,62.7,2
179,B,Texas A&M,LSU,Other WR,Receiver,0,0,0.0,0,0,0,0,0.0,0,4,6,56.9,1
179,B,Texas A&M,LSU,Kevin Concepcion,Receiver,0,0,0.0,0,0,0,0,0.0,0,3,4,27.8,0
179,B,Texas A&M,LSU,Mario Craver,Receiver,0,0,0.0,0,0,0,0,0.0,0,2,3,27.1,0
179,B,Texas A&M,LSU,Amari Niblack,Receiver,0,0,0.0,0,0,0,0,0.0,0,1,1,12.5,0
179,B,Texas A&M,LSU,Nate Boerkircher,Receiver,0,0,0.0,0,0,0,0,0.0,0,1,1,11.7,0
179,B,Texas A&M,LSU,Theo Melin Ohrstrom,Receiver,0,0,0.0,0,0,0,0,0.0,0,0,1,0.0,0
179,B,Texas A&M,LSU,Terry Bussey,Receiver,0,0,0.0,0,0,0,0,0.0,0,1,1,19.8,0
179,B,LSU,Texas A&M,Garrett Nussmeier,QB,40,26,256.0,1,1,3,0,0.0,0,0,0,0.0,0
179,B,LSU,Texas A&M,Caden Durham,Rusher,0,0,0.0,0,0,0,15,54.8,1,0,0,0.0,0
179,B,LSU,Texas A&M,Ju'Juan Johnson,Rusher,0,0,0.0,0,0,0,2,5.7,0,0,0,0.0,0
179,B,LSU,Texas A&M,Harlem Berry,Rusher,0,0,0.0,0,0,0,2,13.6,1,0,0,0.0,0
179,B,LSU,Texas A&M,Garrett Nussmeier,Rusher,0,0,0.0,0,0,0,1,6.2,0,0,0,0.0,0
179,B,LSU,Texas A&M,Zavion Thomas,Receiver,0,0,0.0,0,0,0,0,0.0,0,5,6,49.7,0
179,B,LSU,Texas A&M,Bauer Sharp,Receiver,0,0,0.0,0,0,0,0,0.0,0,2,4,0.1,0
179,B,LSU,Texas A&M,Barion Brown,Receiver,0,0,0.0,0,0,0,0,0.0,0,4,7,47.6,0
179,B,LSU,Texas A&M,Other WR,Receiver,0,0,0.0,0,0,0,0,0.0,0,1,2,22.7,1
179,B,LSU,Texas A&M,Aaron Anderson,Receiver,0,0,0.0,0,0,0,0,0.0,0,5,7,80.6,0
179,B,LSU,Texas A&M,Nic Anderson,Receiver,0,0,0.0,0,0,0,0,0.0,0,2,3,2.7,0
179,B,LSU,Texas A&M,Trey'Dez Green,Receiver,0,0,0.0,0,0,0,0,0.0,0,1,2,8.2,0
179,B,LSU,Texas A&M,Kyle Parker,Receiver,0,0,0.0,0,0,0,0,0.0,0,5,7,35.4,0
179,B,LSU,Texas A&M,Chris Hilton Jr.,Receiver,0,0,0.0,0,0,0,0,0.0,0,1,2,9.0,0
180,A,LSU,Texas A&M,Garrett Nussmeier,QB,28,19,167.3,0,0,7,0,0.0,0,0,0,0.0,0
180,A,LSU,Texas A&M,Ju'Juan Johnson,Rusher,0,0,0.0,0,0,0,4,16.4,0,0,0,0.0,0
180,A,LSU,Texas A&M,Garrett Nussmeier,Rusher,0,0,0.0,0,0,0,2,4.3,0,0,0,0.0,0
180,A,LSU,Texas A&M,Caden Durham,Rusher,0,0,0.0,0,0,0,11,76.5,1,0,0,0.0,0
180,A,LSU,Texas A&M,Harlem Berry,Rusher,0,0,0.0,0,0,0,3,8.2,0,0,0,0.0,0
180,A,LSU,Texas A&M,Other RB,Rusher,0,0,0.0,0,0,0,2,5.7,0,0,0,0.0,0
180,A,LSU,Texas A&M,Zavion Thomas,Receiver,0,0,0.0,0,0,0,0,0.0,0,5,6,38.3,0
180,A,LSU,Texas A&M,Nic Anderson,Receiver,0,0,0.0,0,0,0,0,0.0,0,1,2,0.0,0
180,A,LSU,Texas A&M,Barion Brown,Receiver,0,0,0.0,0,0,0,0,0.0,0,5,6,61.0,0
180,A,LSU,Texas A&M,Bauer Sharp,Receiver,0,0,0.0,0,0,0,0,0.0,0,2,3,22.2,0
180,A,LSU,Texas A&M,Kyle Parker,Receiver,0,0,0.0,0,0,0,0,0.0,0,1,3,11.5,0
180,A,LSU,Texas A&M,Chris Hilton Jr.,Receiver,0,0,0.0,0,0,0,0,0.0,0,0,1,0.0,0
180,A,LSU,Texas A&M,Aaron Anderson,Receiver,0,0,0.0,0,0,0,0,0.0,0,1,1,0.0,0
180,A,LSU,Texas A&M,Other WR,Receiver,0,0,0.0,0,0,0,0,0.0,0,2,2,34.3,0
180,A,LSU,Texas A&M,Trey'Dez Green,Receiver,0,0,0.0,0,0,0,0,0.0,0,2,4,0.0,0
180,A,Texas A&M,LSU,Marcel Reed,QB,13,10,75.5,0,0,4,0,0.0,0,0,0,0.0,0
180,A,Texas A&M,LSU,Marcel Reed,Rusher,0,0,0.0,0,0,0,11,63.7,2,0,0,0.0,0
180,A,Texas A&M,LSU,E.J. Smith,Rusher,0,0,0.0,0,0,0,4,24.4,0,0,0,0.0,0
180,A,Texas A&M,LSU,Amari Daniels,Rusher,0,0,0.0,0,0,0,4,22.0,0,0,0,0.0,0
180,A,Texas A&M,LSU,Le'Veon Moss,Rusher,0,0,0.0,0,0,0,14,54.1,0,0,0,0.0,0
180,A,Texas A&M,LSU,Jamarion Morrow,Rusher,0,0,0.0,0,0,0,1,3.6,0,0,0,0.0,0
180,A,Texas A&M,LSU,Rueben Owens,Rusher,0,0,0.0,0,0,0,6,25.7,0,0,0,0.0,0
180,A,Texas A&M,LSU,Miles O'Neill,Rusher,0,0,0.0,0,0,0,1,9.6,0,0,0,0.0,0
180,A,Texas A&M,LSU,Mario Craver,Receiver,0,0,0.0,0,0,0,0,0.0,0,2,3,10.8,0
180,A,Texas A&M,LSU,Kevin Concepcion,Receiver,0,0,0.0,0,0,0,0,0.0,0,2,4,0.5,0
180,A,Texas A&M,LSU,Ashton Bethel-Roman,Receiver,0,0,0.0,0,0,0,0,0.0,0,4,4,42.4,0
180,A,Texas A&M,LSU,Amari Niblack,Receiver,0,0,0.0,0,0,0,0,0.0,0,1,1,14.9,0
180,A,Texas A&M,LSU,Theo Melin Ohrstrom,Receiver,0,0,0.0,0,0,0,0,0.0,0,1,1,6.9,0
180,A,Texas A&M,LSU,Other WR,Receiver,0,0,0.0,0,0,0,0,0.0,0,0,0,0.0,0
181,B,Texas A&M,LSU,Marcel Reed,QB,23,15,179.2,3,0,3,0,0.0,0,0,0,0.0,0
181,B,Texas A&M,LSU,Marcel Reed,Rusher,0,0,0.0,0,0,0,9,34.7,0,0,0,0.0,0
181,B,Texas A&M,LSU,Amari Daniels,Rusher,0,0,0.0,0,0,0,5,23.3,0,0,0,0.0,0
181,B,Texas A&M,LSU,Rueben Owens,Rusher,0,0,0.0,0,0,0,5,39.8,0,0,0,0.0,0
181,B,Texas A&M,LSU,Le'Veon Moss,Rusher,0,0,0.0,0,0,0,10,34.8,0,0,0,0.0,0
181,B,Texas A&M,LSU,Miles O'Neill,Rusher,0,0,0.0,0,0,0,2,3.4,0,0,0,0.0,0
181,B,Texas A&M,LSU,Other RB,Rusher,0,0,0.0,0,0,0,1,7.4,0,0,0,0.0,0
181,B,Texas A&M,LSU,Other WR,Receiver,0,0,0.0,0,0,0,0,0.0,0,2,3,22.6,1
181,B,Texas A&M,LSU,Mario Craver,Receiver,0,0,0.0,0,0,0,0,0.0,0,2,3,5.8,0
181,B,Texas A&M,LSU,Kevin Concepcion,Receiver,0,0,0.0,0,0,0,0,0.0,0,2,5,29.6,0
181,B,Texas A&M,LSU,Theo Melin Ohrstrom,Receiver,0,0,0.0,0,0,0,0,0.0,0,2,2,18.5,0
181,B,Texas A&M,LSU,Amari Niblack,Receiver,0,0,0.0,0,0,0,0,0.0,0,3,3,37.3,1
181,B,Texas A&M,LSU,Terry Bussey,Receiver,0,0,0.0,0,0,0,0,0.0,0,2,3,47.4,1
181,B,Texas A&M,LSU,Nate Boerkircher,Receiver,0,0,0.0,0,0,0,0,0.0,0,1,2,11.8,0
181,B,Texas A&M,LSU,Ashton Bethel-Roman,Receiver,0,0,0.0,0,0,0,0,0.0,0,1,2,6.2,0
181,B,LSU,Texas A&M,Garrett Nussmeier,QB,23,12,128.0,0,0,1,0,0.0,0,0,0,0.0,0
181,B,LSU,Texas A&M,Kaleb Jackson,Rusher,0,0,0.0,0,0,0,4,13.2,0,0,0,0.0,0
181,B,LSU,Texas A&M,Caden Durham,Rusher,0,0,0.0,0,0,0,23,90.8,2,0,0,0.0,0
181,B,LSU,Texas A&M,Ju'Juan Johnson,Rusher,0,0,0.0,0,0,0,5,12.4,0,0,0,0.0,0
181,B,LSU,Texas A&M,Harlem Berry,Rusher,0,0,0.0,0,0,0,2,6.0,0,0,0,0.0,0
181,B,LSU,Texas A&M,Other RB,Rusher,0,0,0.0,0,0,0,4,25.1,0,0,0,0.0,0
181,B,LSU,Texas A&M,Garrett Nussmeier,Rusher,0,0,0.0,0,0,0,3,0.0,0,0,0,0.0,0
181,B,LSU,Texas A&M,Trey'Dez Green,Receiver,0,0,0.0,0,0,0,0,0.0,0,3,4,29.9,0
181,B,LSU,Texas A&M,Aaron Anderson,Receiver,0,0,0.0,0,0,0,0,0.0,0,4,10,61.7,0
181,B,LSU,Texas A&M,Chris Hilton Jr.,Receiver,0,0,0.0,0,0,0,0,0.0,0,1,1,8.0,0
181,B,LSU,Texas A&M,Bauer Sharp,Receiver,0,0,0.0,0,0,0,0,0.0,0,2,4,11.0,0
181,B,LSU,Texas A&M,Kyle Parker,Receiver,0,0,0.0,0,0,0,0,0.0,0,0,2,0.0,0
181,B,LSU,Texas A&M,Barion Brown,Receiver,0,0,0.0,0,0,0,0,0.0,0,1,1,7.1,0
181,B,LSU,Texas A&M,Other WR,Receiver,0,0,0.0,0,0,0,0,0.0,0,0,0,0.0,0
181,B,LSU,Texas A&M,Zavion Thomas,Receiver,0,0,0.0,0,0,0,0,0.0,0,1,1,10.3,0
182,A,LSU,Texas A&M,Garrett Nussmeier,QB,33,22,216.5,2,0,1,0,0.0,0,0,0,0.0,0
182,A,LSU,Texas A&M,Ju'Juan Johnson,Rusher,0,0,0.0,0,0,0,12,48.0,1,0,0,0.0,0
182,A,LSU,Texas A&M,Caden Durham,Rusher,0,0,0.0,0,0,0,18,48.7,0,0,0,0.0,0
182,A,LSU,Texas A&M,Other RB,Rusher,0,0,0.0,0,0,0,4,17.3,1,0,0,0.0,0
182,A,LSU,Texas A&M,Harlem Berry,Rusher,0,0,0.0,0,0,0,4,24.2,0,0,0,0.0,0
182,A,LSU,Texas A&M,Garrett Nussmeier,Rusher,0,0,0.0,0,0,0,1,4.0,0,0,0,0.0,0
182,A,LSU,Texas A&M,Kaleb Jackson,Rusher,0,0,0.0,0,0,0,3,7.9,0,0,0,0.0,0
182,A,LSU,Texas A&M,Aaron Anderson,Receiver,0,0,0.0,0,0,0,0,0.0,0,4,9,36.2,1
182,A,LSU,Texas A&M,Other WR,Receiver,0,0,0.0,0,0,0,0,0.0,0,4,4,37.2,0
182,A,LSU,Texas A&M,Barion Brown,Receiver,0,0,0.0,0,0,0,0,0.0,0,4,5,48.9,0
182,A,LSU,Texas A&M,Trey'Dez Green,Receiver,0,0,0.0,0,0,0,0,0.0,0,4,4,27.8,0
182,A,LSU,Texas A&M,Zavion Thomas,Receiver,0,0,0.0,0,0,0,0,0.0,0,4,5,39.5,1
182,A,LSU,Texas A&M,Nic Anderson,Receiver,0,0,0.0,0,0,0,0,0.0,0,1,5,1.6,0
182,A,LSU,Texas A&M,Bauer Sharp,Receiver,0,0,0.0,0,0,0,0,0.0,0,1,1,25.2,0
182,A,Texas A&M,LSU,Marcel Reed,QB,24,17,222.7,3,0,1,0,0.0,0,0,0,0.0,0
182,A,Texas A&M,LSU,Le'Veon Moss,Rusher,0,0,0.0,0,0,0,9,10.1,0,0,0,0.0,0
182,A,Texas A&M,LSU,Amari Daniels,Rusher,0,0,0.0,0,0,0,2,6.5,0,0,0,0.0,0
182,A,Texas A&M,LSU,Rueben Owens,Rusher,0,0,0.0,0,0,0,1,5.8,0,0,0,0.0,0
182,A,Texas A&M,LSU,Jamarion Morrow,Rusher,0,0,0.0,0,0,0,1,0.1,0,0,0,0.0,0
182,A,Texas A&M,LSU,Marcel Reed,Rusher,0,0,0.0,0,0,0,4,8.1,0,0,0,0.0,0
182,A,Texas A&M,LSU,E.J. Smith,Rusher,0,0,0.0,0,0,0,1,6.8,0,0,0,0.0,0
182,A,Texas A&M,LSU,Ashton Bethel-Roman,Receiver,0,0,0.0,0,0,0,0,0.0,0,1,2,32.7,0
182,A,Texas A&M,LSU,Terry Bussey,Receiver,0,0,0.0,0,0,0,0,0.0,0,2,2,20.4,0
182,A,Texas A&M,LSU,Mario Craver,Receiver,0,0,0.0,0,0,0,0,0.0,0,5,5,51.1,1
182,A,Texas A&M,LSU,Kevin Concepcion,Receiver,0,0,0.0,0,0,0,0,0.0,0,6,9,76.5,2
182,A,Texas A&M,LSU,Other WR,Receiver,0,0,0.0,0,0,0,0,0.0,0,1,4,7.0,0
182,A,Texas A&M,LSU,Theo Melin Ohrstrom,Receiver,0,0,0.0,0,0,0,0,0.0,0,1,1,12.8,0
182,A,Texas A&M,LSU,Amari Niblack,Receiver,0,0,0.0,0,0,0,0,0.0,0,1,1,22.1,0
183,B,Texas A&M,LSU,Marcel Reed,QB,26,15,164.8,1,0,7,0,0.0,0,0,0,0.0,0
183,B,Texas A&M,LSU,Marcel Reed,Rusher,0,0,0.0,0,0,0,5,-0.4,0,0,0,0.0,0
183,B,Texas A&M,LSU,Le'Veon Moss,Rusher,0,0,0.0,0,0,0,16,64.5,0,0,0,0.0,0
183,B,Texas A&M,LSU,Rueben Owens,Rusher,0,0,0.0,0,0,0,1,-1.2,0,0,0,0.0,0
183,B,Texas A&M,LSU,E.J. Smith,Rusher,0,0,0.0,0,0,0,2,3.0,0,0,0,0.0,0
183,B,Texas A&M,LSU,Miles O'Neill,Rusher,0,0,0.0,0,0,0,1,3.2,0,0,0,0.0,0
183,B,Texas A&M,LSU,Amari Daniels,Rusher,0,0,0.0,0,0,0,1,6.0,0,0,0,0.0,0
183,B,Texas A&M,LSU,Kevin Concepcion,Receiver,0,0,0.0,0,0,0,0,0.0,0,3,5,42.4,0
183,B,Texas A&M,LSU,Theo Melin Ohrstrom,Receiver,0,0,0.0,0,0,0,0,0.0,0,0,4,0.0,0
183,B,Texas A&M,LSU,Other WR,Receiver,0,0,0.0,0,0,0,0,0.0,0,3,5,33.3,0
183,B,Texas A&M,LSU,Ashton Bethel-Roman,Receiver,0,0,0.0,0,0,0,0,0.0,0,0,0,0.0,0
183,B,Texas A&M,LSU,Mario Craver,Receiver,0,0,0.0,0,0,0,0,0.0,0,6,7,63.5,1
183,B,Texas A&M,LSU,Amari Niblack,Receiver,0,0,0.0,0,0,0,0,0.0,0,1,1,11.4,0
183,B,Texas A&M,LSU,Terry Bussey,Receiver,0,0,0.0,0,0,0,0,0.0,0,2,4,14.3,0
183,B,LSU,Texas A&M,Garrett Nussmeier,QB,24,14,156.5,1,1,1,0,0.0,0,0,0,0.0,0
183,B,LSU,Texas A&M,Ju'Juan Johnson,Rusher,0,0,0.0,0,0,0,6,26.7,0,0,0,0.0,0
183,B,LSU,Texas A&M,Caden Durham,Rusher,0,0,0.0,0,0,0,17,74.7,3,0,0,0.0,0
183,B,LSU,Texas A&M,Kaleb Jackson,Rusher,0,0,0.0,0,0,0,2,9.3,0,0,0,0.0,0
183,B,LSU,Texas A&M,Other RB,Rusher,0,0,0.0,0,0,0,5,11.1,0,0,0,0.0,0
183,B,LSU,Texas A&M,Harlem Berry,Rusher,0,0,0.0,0,0,0,3,19.2,0,0,0,0.0,0
183,B,LSU,Texas A&M,Garrett Nussmeier,Rusher,0,0,0.0,0,0,0,2,15.7,0,0,0,0.0,0
183,B,LSU,Texas A&M,Bauer Sharp,Receiver,0,0,0.0,0,0,0,0,0.0,0,3,6,16.6,0
183,B,LSU,Texas A&M,Trey'Dez Green,Receiver,0,0,0.0,0,0,0,0,0.0,0,2,5,30.2,0
183,B,LSU,Texas A&M,Zavion Thomas,Receiver,0,0,0.0,0,0,0,0,0.0,0,2,2,18.4,0
183,B,LSU,Texas A&M,Barion Brown,Receiver,0,0,0.0,0,0,0,0,0.0,0,2,3,8.2,0
183,B,LSU,Texas A&M,Aaron Anderson,Receiver,0,0,0.0,0,0,0,0,0.0,0,2,4,35.2,1
183,B,LSU,Texas A&M,Kyle Parker,Receiver,0,0,0.0,0,0,0,0,0.0,0,2,2,23.9,0
183,B,LSU,Texas A&M,Nic Anderson,Receiver,0,0,0.0,0,0,0,0,0.0,0,1,1,24.1,0
183,B,LSU,Texas A&M,Other WR,Receiver,0,0,0.0,0,0,0,0,0.0,0,0,1,0.0,0
184,A,LSU,Texas A&M,Garrett Nussmeier,QB,36,22,248.7,2,0,1,0,0.0,0,0,0,0.0,0
184,A,LSU,Texas A&M,Caden Durham,Rusher,0,0,0.0,0,0,0,15,54.0,0,0,0,0.0,0
184,A,LSU,Texas A&M,Harlem Berry,Rusher,0,0,0.0,0,0,0,5,21.5,0,0,0,0.0,0
184,A,LSU,Texas A&M,Ju'Juan Johnson,Rusher,0,0,0.0,0,0,0,1,1.2,0,0,0,0.0,0
184,A,LSU,Texas A&M,Other RB,Rusher,0,0,0.0,0,0,0,3,-0.9,0,0,0,0.0,0
184,A,LSU,Texas A&M,Garrett Nussmeier,Rusher,0,0,0.0,0,0,0,1,8.2,0,0,0,0.0,0
184,A,LSU,Texas A&M,Kaleb Jackson,Rusher,0,0,0.0,0,0,0,1,-0.8,0,0,0,0.0,0
184,A,LSU,Texas A&M,Kyle Parker,Receiver,0,0,0.0,0,0,0,0,0.0,0,3,4,37.4,1
184,A,LSU,Texas A&M,Aaron Anderson,Receiver,0,0,0.0,0,0,0,0,0.0,0,8,12,84.7,0
184,A,LSU,Texas A&M,Zavion Thomas,Receiver,0,0,0.0,0,0,0,0,0.0,0,2,4,21.7,0
184,A,LSU,Texas A&M,Barion Brown,Receiver,0,0,0.0,0,0,0,0,0.0,0,3,6,31.2,0
184,A,LSU,Texas A&M,Bauer Sharp,Receiver,0,0,0.0,0,0,0,0,0.0,0,1,3,6.3,0
184,A,LSU,Texas A&M,Trey'Dez Green,Receiver,0,0,0.0,0,0,0,0,0.0,0,2,2,26.5,0
184,A,LSU,Texas A&M,Chris Hilton Jr.,Receiver,0,0,0.0,0,0,0,0,0.0,0,0,1,0.0,0
184,A,LSU,Texas A&M,Nic Anderson,Receiver,0,0,0.0,0,0,0,0,0.0,0,3,3,40.9,1
184,A,LSU,Texas A&M,Other WR,Receiver,0,0,0.0,0,0,0,0,0.0,0,0,1,0.0,0
184,A,Texas A&M,LSU,Marcel Reed,QB,15,11,148.5,0,0,4,0,0.0,0,0,0,0.0,0
184,A,Texas A&M,LSU,E.J. Smith,Rusher,0,0,0.0,0,0,0,3,22.2,1,0,0,0.0,0
184,A,Texas A&M,LSU,Marcel Reed,Rusher,0,0,0.0,0,0,0,5,18.0,0,0,0,0.0,0
184,A,Texas A&M,LSU,Jamarion Morrow,Rusher,0,0,0.0,0,0,0,3,7.0,0,0,0,0.0,0
184,A,Texas A&M,LSU,Le'Veon Moss,Rusher,0,0,0.0,0,0,0,13,67.3,0,0,0,0.0,0
184,A,Texas A&M,LSU,Rueben Owens,Rusher,0,0,0.0,0,0,0,3,6.6,0,0,0,0.0,0
184,A,Texas A&M,LSU,Amari Daniels,Rusher,0,0,0.0,0,0,0,7,18.2,1,0,0,0.0,0
184,A,Texas A&M,LSU,Mario Craver,Receiver,0,0,0.0,0,0,0,0,0.0,0,2,2,7.9,0
184,A,Texas A&M,LSU,Terry Bussey,Receiver,0,0,0.0,0,0,0,0,0.0,0,3,3,39.9,0
184,A,Texas A&M,LSU,Kevin Concepcion,Receiver,0,0,0.0,0,0,0,0,0.0,0,2,4,13.7,0
184,A,Texas A&M,LSU,Ashton Bethel-Roman,Receiver,0,0,0.0,0,0,0,0,0.0,0,1,1,14.3,0
184,A,Texas A&M,LSU,Other WR,Receiver,0,0,0.0,0,0,0,0,0.0,0,3,4,72.6,0
184,A,Texas A&M,LSU,Nate Boerkircher,Receiver,0,0,0.0,0,0,0,0,0.0,0,0,1,0.0,0
184,A,Texas A&M,LSU,Theo Melin Ohrstrom,Receiver,0,0,0.0,0,0,0,0,0.0,0,0,0,0.0,0
185,B,Texas A&M,LSU,Marcel Reed,QB,24,17,165.6,1,0,5,0,0.0,0,0,0,0.0,0
185,B,Texas A&M,LSU,Marcel Reed,Rusher,0,0,0.0,0,0,0,6,29.4,0,0,0,0.0,0
185,B,Texas A&M,LSU,Le'Veon Moss,Rusher,0,0,0.0,0,0,0,13,39.1,0,0,0,0.0,0
185,B,Texas A&M,LSU,Rueben Owens,Rusher,0,0,0.0,0,0,0,4,12.9,0,0,0,0.0,0
185,B,Texas A&M,LSU,Jamarion Morrow,Rusher,0,0,0.0,0,0,0,2,1.2,0,0,0,0.0,0
185,B,Texas A&M,LSU,Amari Daniels,Rusher,0,0,0.0,0,0,0,4,19.4,0,0,0,0.0,0
185,B,Texas A&M,LSU,E.J. Smith,Rusher,0,0,0.0,0,0,0,1,-2.2,0,0,0,0.0,0
185,B,Texas A&M,LSU,Kevin Concepcion,Receiver,0,0,0.0,0,0,0,0,0.0,0,9,11,93.2,1
185,B,Texas A&M,LSU,Other WR,Receiver,0,0,0.0,0,0,0,0,0.0,0,2,4,6.6,0
185,B,Texas A&M,LSU,Mario Craver,Receiver,0,0,0.0,0,0,0,0,0.0,0,3,4,44.6,0
185,B,Texas A&M,LSU,Ashton Bethel-Roman,Receiver,0,0,0.0,0,0,0,0,0.0,0,0,2,0.0,0
185,B,Texas A&M,LSU,Theo Melin Ohrstrom,Receiver,0,0,0.0,0,0,0,0,0.0,0,2,2,7.1,0
185,B,Texas A&M,LSU,Amari Niblack,Receiver,0,0,0.0,0,0,0,0,0.0,0,1,1,14.0,0
185,B,LSU,Texas A&M,Garrett Nussmeier,QB,36,23,217.4,1,1,1,0,0.0,0,0,0,0.0,0
185,B,LSU,Texas A&M,Caden Durham,Rusher,0,0,0.0,0,0,0,10,21.0,0,0,0,0.0,0
185,B,LSU,Texas A&M,Ju'Juan Johnson,Rusher,0,0,0.0,0,0,0,8,21.3,0,0,0,0.0,0
185,B,LSU,Texas A&M,Harlem Berry,Rusher,0,0,0.0,0,0,0,3,11.0,0,0,0,0.0,0
185,B,LSU,Texas A&M,Other RB,Rusher,0,0,0.0,0,0,0,5,15.3,0,0,0,0.0,0
185,B,LSU,Texas A&M,Garrett Nussmeier,Rusher,0,0,0.0,0,0,0,1,3.9,0,0,0,0.0,0
185,B,LSU,Texas A&M,Other WR,Receiver,0,0,0.0,0,0,0,0,0.0,0,1,1,9.0,0
185,B,LSU,Texas A&M,Trey'Dez Green,Receiver,0,0,0.0,0,0,0,0,0.0,0,4,6,49.7,0
185,B,LSU,Texas A&M,Barion Brown,Receiver,0,0,0.0,0,0,0,0,0.0,0,6,7,56.4,0
185,B,LSU,Texas A&M,Nic Anderson,Receiver,0,0,0.0,0,0,0,0,0.0,0,2,4,19.9,0
185,B,LSU,Texas A&M,Zavion Thomas,Receiver,0,0,0.0,0,0,0,0,0.0,0,0,2,0.0,0
185,B,LSU,Texas A&M,Aaron Anderson,Receiver,0,0,0.0,0,0,0,0,0.0,0,4,8,44.5,0
185,B,LSU,Texas A&M,Kyle Parker,Receiver,0,0,0.0,0,0,0,0,0.0,0,4,4,37.9,1
185,B,LSU,Texas A&M,Bauer Sharp,Receiver,0,0,0.0,0,0,0,0,0.0,0,2,4,0.0,0
186,A,LSU,Texas A&M,Garrett Nussmeier,QB,25,10,82.1,1,0,1,0,0.0,0,0,0,0.0,0
186,A,LSU,Texas A&M,Ju'Juan Johnson,Rusher,0,0,0.0,0,0,0,4,15.2,0,0,0,0.0,0
186,A,LSU,Texas A&M,Caden Durham,Rusher,0,0,0.0,0,0,0,15,79.9,0,0,0,0.0,0
186,A,LSU,Texas A&M,Kaleb Jackson,Rusher,0,0,0.0,0,0,0,3,3.6,0,0,0,0.0,0
186,A,LSU,Texas A&M,Other RB,Rusher,0,0,0.0,0,0,0,3,16.0,0,0,0,0.0,0
186,A,LSU,Texas A&M,Harlem Berry,Rusher,0,0,0.0,0,0,0,4,-2.8,0,0,0,0.0,0
186,A,LSU,Texas A&M,Garrett Nussmeier,Rusher,0,0,0.0,0,0,0,1,4.0,0,0,0,0.0,0
186,A,LSU,Texas A&M,Kyle Parker,Receiver,0,0,0.0,0,0,0,0,0.0,0,1,2,0.0,0
186,A,LSU,Texas A&M,Aaron Anderson,Receiver,0,0,0.0,0,0,0,0,0.0,0,2,5,24.3,1
186,A,LSU,Texas A&M,Chris Hilton Jr.,Receiver,0,0,0.0,0,0,0,0,0.0,0,2,3,6.7,0
186,A,LSU,Texas A&M,Barion Brown,Receiver,0,0,0.0,0,0,0,0,0.0,0,2,4,16.8,0
186,A,LSU,Texas A&M,Zavion Thomas,Receiver,0,0,0.0,0,0,0,0,0.0,0,0,3,0.0,0
186,A,LSU,Texas A&M,Trey'Dez Green,Receiver,0,0,0.0,0,0,0,0,0.0,0,1,3,21.4,0
186,A,LSU,Texas A&M,Other WR,Receiver,0,0,0.0,0,0,0,0,0.0,0,1,4,0.0,0
186,A,LSU,Texas A&M,Nic Anderson,Receiver,0,0,0.0,0,0,0,0,0.0,0,1,1,12.9,0
186,A,Texas A&M,LSU,Marcel Reed,QB,31,19,161.0,1,0,5,0,0.0,0,0,0,0.0,0
186,A,Texas A&M,LSU,Marcel Reed,Rusher,0,0,0.0,0,0,0,11,67.2,1,0,0,0.0,0
186,A,Texas A&M,LSU,Le'Veon Moss,Rusher,0,0,0.0,0,0,0,17,65.1,0,0,0,0.0,0
186,A,Texas A&M,LSU,Jamarion Morrow,Rusher,0,0,0.0,0,0,0,2,9.6,0,0,0,0.0,0
186,A,Texas A&M,LSU,Amari Daniels,Rusher,0,0,0.0,0,0,0,1,1.0,0,0,0,0.0,0
186,A,Texas A&M,LSU,Rueben Owens,Rusher,0,0,0.0,0,0,0,4,0.9,0,0,0,0.0,0
186,A,Texas A&M,LSU,Theo Melin Ohrstrom,Receiver,0,0,0.0,0,0,0,0,0.0,0,2,2,16.4,0
186,A,Texas A&M,LSU,Other WR,Receiver,0,0,0.0,0,0,0,0,0.0,0,3,7,35.3,0
186,A,Texas A&M,LSU,Ashton Bethel-Roman,Receiver,0,0,0.0,0,0,0,0,0.0,0,6,7,52.0,1
186,A,Texas A&M,LSU,Mario Craver,Receiver,0,0,0.0,0,0,0,0,0.0,0,5,10,47.4,0
186,A,Texas A&M,LSU,Kevin Concepcion,Receiver,0,0,0.0,0,0,0,0,0.0,0,3,3,9.9,0
186,A,Texas A&M,LSU,Amari Niblack,Receiver,0,0,0.0,0,0,0,0,0.0,0,0,1,0.0,0
186,A,Texas A&M,LSU,Terry Bussey,Receiver,0,0,0.0,0,0,0,0,0.0,0,0,1,0.0,0
187,B,Texas A&M,LSU,Marcel Reed,QB,15,8,79.6,0,0,3,0,0.0,0,0,0,0.0,0
187,B,Texas A&M,LSU,Amari Daniels,Rusher,0,0,0.0,0,0,0,9,28.3,0,0,0,0.0,0
187,B,Texas A&M,LSU,Miles O'Neill,Rusher,0,0,0.0,0,0,0,2,16.3,1,0,0,0.0,0
187,B,Texas A&M,LSU,Le'Veon Moss,Rusher,0,0,0.0,0,0,0,16,54.6,1,0,0,0.0,0
187,B,Texas A&M,LSU,Marcel Reed,Rusher,0,0,0.0,0,0,0,12,67.2,0,0,0,0.0,0
187,B,Texas A&M,LSU,Rueben Owens,Rusher,0,0,0.0,0,0,0,6,31.8,0,0,0,0.0,0
187,B,Texas A&M,LSU,E.J. Smith,Rusher,0,0,0.0,0,0,0,3,15.7,0,0,0,0.0,0
187,B,Texas A&M,LSU,Kevin Concepcion,Receiver,0,0,0.0,0,0,0,0,0.0,0,1,3,9.6,0
187,B,Texas A&M,LSU,Theo Melin Ohrstrom,Receiver,0,0,0.0,0,0,0,0,0.0,0,1,1,7.2,0
187,B,Texas A&M,LSU,Mario Craver,Receiver,0,0,0.0,0,0,0,0,0.0,0,4,5,34.5,0
187,B,Texas A&M,LSU,Ashton Bethel-Roman,Receiver,0,0,0.0,0,0,0,0,0.0,0,0,2,0.0,0
187,B,Texas A&M,LSU,Amari Niblack,Receiver,0,0,0.0,0,0,0,0,0.0,0,0,1,0.0,0
187,B,Texas A&M,LSU,Other WR,Receiver,0,0,0.0,0,0,0,0,0.0,0,1,1,18.7,0
187,B,Texas A&M,LSU,Terry Bussey,Receiver,0,0,0.0,0,0,0,0,0.0,0,1,2,9.6,0
187,B,LSU,Texas A&M,Garrett Nussmeier,QB,26,15,112.9,0,0,2,0,0.0,0,0,0,0.0,0
187,B,LSU,Texas A&M,Caden Durham,Rusher,0,0,0.0,0,0,0,9,18.5,0,0,0,0.0,0
187,B,LSU,Texas A&M,Other RB,Rusher,0,0,0.0,0,0,0,5,25.4,0,0,0,0.0,0
187,B,LSU,Texas A&M,Ju'Juan Johnson,Rusher,0,0,0.0,0,0,0,4,3.6,0,0,0,0.0,0
187,B,LSU,Texas A&M,Garrett Nussmeier,Rusher,0,0,0.0,0,0,0,1,2.5,0,0,0,0.0,0
187,B,LSU,Texas A&M,Harlem Berry,Rusher,0,0,0.0,0,0,0,2,19.1,1,0,0,0.0,0
187,B,LSU,Texas A&M,Zavion Thomas,Receiver,0,0,0.0,0,0,0,0,0.0,0,5,7,53.8,0
187,B,LSU,Texas A&M,Aaron Anderson,Receiver,0,0,0.0,0,0,0,0,0.0,0,3,4,17.4,0
187,B,LSU,Texas A&M,Barion Brown,Receiver,0,0,0.0,0,0,0,0,0.0,0,1,2,5.4,0
187,B,LSU,Texas A&M,Kyle Parker,Receiver,0,0,0.0,0,0,0,0,0.0,0,2,3,0.0,0
187,B,LSU,Texas A&M,Trey'Dez Green,Receiver,0,0,0.0,0,0,0,0,0.0,0,3,5,27.5,0
187,B,LSU,Texas A&M,Chris Hilton Jr.,Receiver,0,0,0.0,0,0,0,0,0.0,0,0,1,0.0,0
187,B,LSU,Texas A&M,Other WR,Receiver,0,0,0.0,0,0,0,0,0.0,0,0,1,0.0,0
187,B,LSU,Texas A&M,Bauer Sharp,Receiver,0,0,0.0,0,0,0,0,0.0,0,0,1,0.0,0
187,B,LSU,Texas A&M,Nic Anderson,Receiver,0,0,0.0,0,0,0,0,0.0,0,1,2,8.8,0
188,A,LSU,Texas A&M,Garrett Nussmeier,QB,35,17,125.2,0,0,4,0,0.0,0,0,0,0.0,0
188,A,LSU,Texas A&M,Caden Durham,Rusher,0,0,0.0,0,0,0,6,16.2,0,0,0,0.0,0
188,A,LSU,Texas A&M,Garrett Nussmeier,Rusher,0,0,0.0,0,0,0,1,-1.4,0,0,0,0.0,0
188,A,LSU,Texas A&M,Other RB,Rusher,0,0,0.0,0,0,0,2,5.7,0,0,0,0.0,0
188,A,LSU,Texas A&M,Harlem Berry,Rusher,0,0,0.0,0,0,0,1,-1.7,0,0,0,0.0,0
188,A,LSU,Texas A&M,Ju'Juan Johnson,Rusher,0,0,0.0,0,0,0,2,0.9,0,0,0,0.0,0
188,A,LSU,Texas A&M,Kaleb Jackson,Rusher,0,0,0.0,0,0,0,1,5.5,0,0,0,0.0,0
188,A,LSU,Texas A&M,Trey'Dez Green,Receiver,0,0,0.0,0,0,0,0,0.0,0,4,6,9.3,0
188,A,LSU,Texas A&M,Kyle Parker,Receiver,0,0,0.0,0,0,0,0,0.0,0,2,4,48.1,0
188,A,LSU,Texas A&M,Other WR,Receiver,0,0,0.0,0,0,0,0,0.0,0,1,3,3.0,0
188,A,LSU,Texas A&M,Aaron Anderson,Receiver,0,0,0.0,0,0,0,0,0.0,0,3,6,23.9,0
188,A,LSU,Texas A&M,Barion Brown,Receiver,0,0,0.0,0,0,0,0,0.0,0,1,5,3.3,0
188,A,LSU,Texas A&M,Zavion Thomas,Receiver,0,0,0.0,0,0,0,0,0.0,0,3,5,7.1,0
188,A,LSU,Texas A&M,Bauer Sharp,Receiver,0,0,0.0,0,0,0,0,0.0,0,3,5,30.6,0
188,A,LSU,Texas A&M,Chris Hilton Jr.,Receiver,0,0,0.0,0,0,0,0,0.0,0,0,1,0.0,0
188,A,Texas A&M,LSU,Marcel Reed,QB,28,16,233.0,2,0,3,0,0.0,0,0,0,0.0,0
188,A,Texas A&M,LSU,Amari Daniels,Rusher,0,0,0.0,0,0,0,7,41.7,0,0,0,0.0,0
188,A,Texas A&M,LSU,Le'Veon Moss,Rusher,0,0,0.0,0,0,0,20,41.2,1,0,0,0.0,0
188,A,Texas A&M,LSU,Marcel Reed,Rusher,0,0,0.0,0,0,0,7,39.8,0,0,0,0.0,0
188,A,Texas A&M,LSU,Rueben Owens,Rusher,0,0,0.0,0,0,0,2,17.9,1,0,0,0.0,0
188,A,Texas A&M,LSU,Jamarion Morrow,Rusher,0,0,0.0,0,0,0,1,10.1,0,0,0,0.0,0
188,A,Texas A&M,LSU,Miles O'Neill,Rusher,0,0,0.0,0,0,0,2,0.3,0,0,0,0.0,0
188,A,Texas A&M,LSU,E.J. Smith,Rusher,0,0,0.0,0,0,0,2,15.9,0,0,0,0.0,0
188,A,Texas A&M,LSU,Amari Niblack,Receiver,0,0,0.0,0,0,0,0,0.0,0,1,2,9.3,0
188,A,Texas A&M,LSU,Nate Boerkircher,Receiver,0,0,0.0,0,0,0,0,0.0,0,1,2,23.8,0
188,A,Texas A&M,LSU,Ashton Bethel-Roman,Receiver,0,0,0.0,0,0,0,0,0.0,0,3,3,42.7,0
188,A,Texas A&M,LSU,Mario Craver,Receiver,0,0,0.0,0,0,0,0,0.0,0,5,8,78.6,1
188,A,Texas A&M,LSU,Kevin Concepcion,Receiver,0,0,0.0,0,0,0,0,0.0,0,2,4,20.1,0
188,A,Texas A&M,LSU,Other WR,Receiver,0,0,0.0,0,0,0,0,0.0,0,2,4,44.7,1
188,A,Texas A&M,LSU,Theo Melin Ohrstrom,Receiver,0,0,0.0,0,0,0,0,0.0,0,1,1,13.7,0
188,A,Texas A&M,LSU,Terry Bussey,Receiver,0,0,0.0,0,0,0,0,0.0,0,1,4,0.0,0
189,B,Texas A&M,LSU,Marcel Reed,QB,24,16,244.1,2,0,2,0,0.0,0,0,0,0.0,0
189,B,Texas A&M,LSU,Marcel Reed,Rusher,0,0,0.0,0,0,0,7,28.2,0,0,0,0.0,0
189,B,Texas A&M,LSU,Le'Veon Moss,Rusher,0,0,0.0,0,0,0,17,68.2,2,0,0,0.0,0
189,B,Texas A&M,LSU,Amari Daniels,Rusher,0,0,0.0,0,0,0,6,39.7,0,0,0,0.0,0
189,B,Texas A&M,LSU,E.J. Smith,Rusher,0,0,0.0,0,0,0,3,15.8,0,0,0,0.0,0
189,B,Texas A&M,LSU,Rueben Owens,Rusher,0,0,0.0,0,0,0,5,30.6,0,0,0,0.0,0
189,B,Texas A&M,LSU,Mario Craver,Receiver,0,0,0.0,0,0,0,0,0.0,0,3,5,33.4,0
189,B,Texas A&M,LSU,Nate Boerkircher,Receiver,0,0,0.0,0,0,0,0,0.0,0,2,2,28.8,0
189,B,Texas A&M,LSU,Other WR,Receiver,0,0,0.0,0,0,0,0,0.0,0,4,7,83.2,0
189,B,Texas A&M,LSU,Terry Bussey,Receiver,0,0,0.0,0,0,0,0,0.0,0,4,4,45.2,0
189,B,Texas A&M,LSU,Theo Melin Ohrstrom,Receiver,0,0,0.0,0,0,0,0,0.0,0,2,4,35.2,1
189,B,Texas A&M,LSU,Kevin Concepcion,Receiver,0,0,0.0,0,0,0,0,0.0,0,1,2,18.3,1
189,B,LSU,Texas A&M,Garrett Nussmeier,QB,22,18,226.8,1,0,2,0,0.0,0,0,0,0.0,0
189,B,LSU,Texas A&M,Other RB,Rusher,0,0,0.0,0,0,0,4,31.5,0,0,0,0.0,0
189,B,LSU,Texas A&M,Caden Durham,Rusher,0,0,0.0,0,0,0,13,89.5,3,0,0,0.0,0
189,B,LSU,Texas A&M,Ju'Juan Johnson,Rusher,0,0,0.0,0,0,0,9,56.8,0,0,0,0.0,0
189,B,LSU,Texas A&M,Harlem Berry,Rusher,0,0,0.0,0,0,0,4,14.5,0,0,0,0.0,0
189,B,LSU,Texas A&M,Kaleb Jackson,Rusher,0,0,0.0,0,0,0,1,-0.4,0,0,0,0.0,0
189,B,LSU,Texas A&M,Chris Hilton Jr.,Receiver,0,0,0.0,0,0,0,0,0.0,0,1,1,6.0,0
189,B,LSU,Texas A&M,Other WR,Receiver,0,0,0.0,0,0,0,0,0.0,0,1,1,3.0,0
189,B,LSU,Texas A&M,Zavion Thomas,Receiver,0,0,0.0,0,0,0,0,0.0,0,1,3,13.2,0
189,B,LSU,Texas A&M,Kyle Parker,Receiver,0,0,0.0,0,0,0,0,0.0,0,2,2,22.2,0
189,B,LSU,Texas A&M,Bauer Sharp,Receiver,0,0,0.0,0,0,0,0,0.0,0,3,3,61.3,0
189,B,LSU,Texas A&M,Aaron Anderson,Receiver,0,0,0.0,0,0,0,0,0.0,0,1,1,18.7,0
189,B,LSU,Texas A&M,Trey'Dez Green,Receiver,0,0,0.0,0,0,0,0,0.0,0,5,6,58.5,1
189,B,LSU,Texas A&M,Barion Brown,Receiver,0,0,0.0,0,0,0,0,0.0,0,3,3,28.2,0
189,B,LSU,Texas A&M,Nic Anderson,Receiver,0,0,0.0,0,0,0,0,0.0,0,1,2,15.6,0
190,A,LSU,Texas A&M,Garrett Nussmeier,QB,36,22,212.2,1,0,3,0,0.0,0,0,0,0.0,0
190,A,LSU,Texas A&M,Other RB,Rusher,0,0,0.0,0,0,0,2,4.6,0,0,0,0.0,0
190,A,LSU,Texas A&M,Ju'Juan Johnson,Rusher,0,0,0.0,0,0,0,4,12.3,0,0,0,0.0,0
190,A,LSU,Texas A&M,Caden Durham,Rusher,0,0,0.0,0,0,0,11,72.7,1,0,0,0.0,0
190,A,LSU,Texas A&M,Harlem Berry,Rusher,0,0,0.0,0,0,0,2,5.1,0,0,0,0.0,0
190,A,LSU,Texas A&M,Garrett Nussmeier,Rusher,0,0,0.0,0,0,0,1,0.3,0,0,0,0.0,0
190,A,LSU,Texas A&M,Bauer Sharp,Receiver,0,0,0.0,0,0,0,0,0.0,0,3,5,23.3,0
190,A,LSU,Texas A&M,Barion Brown,Receiver,0,0,0.0,0,0,0,0,0.0,0,3,6,20.1,0
190,A,LSU,Texas A&M,Chris Hilton Jr.,Receiver,0,0,0.0,0,0,0,0,0.0,0,2,3,23.3,0
190,A,LSU,Texas A&M,Aaron Anderson,Receiver,0,0,0.0,0,0,0,0,0.0,0,6,10,41.7,0
190,A,LSU,Texas A&M,Zavion Thomas,Receiver,0,0,0.0,0,0,0,0,0.0,0,1,1,0.0,0
190,A,LSU,Texas A&M,Trey'Dez Green,Receiver,0,0,0.0,0,0,0,0,0.0,0,2,3,20.3,0
190,A,LSU,Texas A&M,Nic Anderson,Receiver,0,0,0.0,0,0,0,0,0.0,0,2,2,33.7,0
190,A,LSU,Texas A&M,Other WR,Receiver,0,0,0.0,0,0,0,0,0.0,0,2,4,29.9,1
190,A,LSU,Texas A&M,Kyle Parker,Receiver,0,0,0.0,0,0,0,0,0.0,0,1,2,19.9,0
190,A,Texas A&M,LSU,Marcel Reed,QB,28,19,221.3,2,0,4,0,0.0,0,0,0,0.0,0
190,A,Texas A&M,LSU,Le'Veon Moss,Rusher,0,0,0.0,0,0,0,11,12.0,1,0,0,0.0,0
190,A,Texas A&M,LSU,E.J. Smith,Rusher,0,0,0.0,0,0,0,3,8.5,0,0,0,0.0,0
190,A,Texas A&M,LSU,Marcel Reed,Rusher,0,0,0.0,0,0,0,11,77.1,1,0,0,0.0,0
190,A,Texas A&M,LSU,Rueben Owens,Rusher,0,0,0.0,0,0,0,3,10.9,0,0,0,0.0,0
190,A,Texas A&M,LSU,Amari Daniels,Rusher,0,0,0.0,0,0,0,2,16.7,0,0,0,0.0,0
190,A,Texas A&M,LSU,Miles O'Neill,Rusher,0,0,0.0,0,0,0,1,11.5,0,0,0,0.0,0
190,A,Texas A&M,LSU,Jamarion Morrow,Rusher,0,0,0.0,0,0,0,1,-4.0,0,0,0,0.0,0
190,A,Texas A&M,LSU,Other WR,Receiver,0,0,0.0,0,0,0,0,0.0,0,3,4,8.7,0
190,A,Texas A&M,LSU,Theo Melin Ohrstrom,Receiver,0,0,0.0,0,0,0,0,0.0,0,3,3,43.7,0
190,A,Texas A&M,LSU,Nate Boerkircher,Receiver,0,0,0.0,0,0,0,0,0.0,0,0,1,0.0,0
190,A,Texas A&M,LSU,Amari Niblack,Receiver,0,0,0.0,0,0,0,0,0.0,0,0,1,0.0,0
190,A,Texas A&M,LSU,Mario Craver,Receiver,0,0,0.0,0,0,0,0,0.0,0,6,8,68.4,1
190,A,Texas A&M,LSU,Ashton Bethel-Roman,Receiver,0,0,0.0,0,0,0,0,0.0,0,1,2,0.0,0
190,A,Texas A&M,LSU,Kevin Concepcion,Receiver,0,0,0.0,0,0,0,0,0.0,0,6,7,100.5,1
190,A,Texas A&M,LSU,Terry Bussey,Receiver,0,0,0.0,0,0,0,0,0.0,0,0,2,0.0,0
191,B,Texas A&M,LSU,Marcel Reed,QB,21,19,189.0,0,0,3,0,0.0,0,0,0,0.0,0
191,B,Texas A&M,LSU,Jamarion Morrow,Rusher,0,0,0.0,0,0,0,4,21.1,1,0,0,0.0,0
191,B,Texas A&M,LSU,Le'Veon Moss,Rusher,0,0,0.0,0,0,0,11,3.1,0,0,0,0.0,0
191,B,Texas A&M,LSU,Miles O'Neill,Rusher,0,0,0.0,0,0,0,2,5.8,0,0,0,0.0,0
191,B,Texas A&M,LSU,Marcel Reed,Rusher,0,0,0.0,0,0,0,3,18.6,1,0,0,0.0,0
191,B,Texas A&M,LSU,E.J. Smith,Rusher,0,0,0.0,0,0,0,2,12.6,0,0,0,0.0,0
191,B,Texas A&M,LSU,Rueben Owens,Rusher,0,0,0.0,0,0,0,5,-2.7,0,0,0,0.0,0
191,B,Texas A&M,LSU,Amari Daniels,Rusher,0,0,0.0,0,0,0,1,17.4,1,0,0,0.0,0
191,B,Texas A&M,LSU,Other RB,Rusher,0,0,0.0,0,0,0,1,3.5,0,0,0,0.0,0
191,B,Texas A&M,LSU,Amari Niblack,Receiver,0,0,0.0,0,0,0,0,0.0,0,0,0,0.0,0
191,B,Texas A&M,LSU,Theo Melin Ohrstrom,Receiver,0,0,0.0,0,0,0,0,0.0,0,1,1,9.4,0
191,B,Texas A&M,LSU,Ashton Bethel-Roman,Receiver,0,0,0.0,0,0,0,0,0.0,0,3,4,39.4,0
191,B,Texas A&M,LSU,Kevin Concepcion,Receiver,0,0,0.0,0,0,0,0,0.0,0,2,3,1.1,0
191,B,Texas A&M,LSU,Other WR,Receiver,0,0,0.0,0,0,0,0,0.0,0,4,4,68.4,0
191,B,Texas A&M,LSU,Mario Craver,Receiver,0,0,0.0,0,0,0,0,0.0,0,7,7,56.6,0
191,B,Texas A&M,LSU,Terry Bussey,Receiver,0,0,0.0,0,0,0,0,0.0,0,2,2,14.1,0
191,B,LSU,Texas A&M,Garrett Nussmeier,QB,34,23,212.7,1,0,5,0,0.0,0,0,0,0.0,0
191,B,LSU,Texas A&M,Ju'Juan Johnson,Rusher,0,0,0.0,0,0,0,5,20.1,0,0,0,0.0,0
191,B,LSU,Texas A&M,Caden Durham,Rusher,0,0,0.0,0,0,0,10,35.4,0,0,0,0.0,0
191,B,LSU,Texas A&M,Garrett Nussmeier,Rusher,0,0,0.0,0,0,0,3,29.1,1,0,0,0.0,0
191,B,LSU,Texas A&M,Kaleb Jackson,Rusher,0,0,0.0,0,0,0,1,2.9,0,0,0,0.0,0
191,B,LSU,Texas A&M,Other RB,Rusher,0,0,0.0,0,0,0,4,5.4,0,0,0,0.0,0
191,B,LSU,Texas A&M,Harlem Berry,Rusher,0,0,0.0,0,0,0,1,2.1,0,0,0,0.0,0
191,B,LSU,Texas A&M,Barion Brown,Receiver,0,0,0.0,0,0,0,0,0.0,0,6,9,48.3,0
191,B,LSU,Texas A&M,Bauer Sharp,Receiver,0,0,0.0,0,0,0,0,0.0,0,2,4,31.9,0
191,B,LSU,Texas A&M,Other WR,Receiver,0,0,0.0,0,0,0,0,0.0,0,1,2,1.0,0
191,B,LSU,Texas A&M,Zavion Thomas,Receiver,0,0,0.0,0,0,0,0,0.0,0,7,9,77.8,1
191,B,LSU,Texas A&M,Kyle Parker,Receiver,0,0,0.0,0,0,0,0,0.0,0,3,4,29.5,0
191,B,LSU,Texas A&M,Aaron Anderson,Receiver,0,0,0.0,0,0,0,0,0.0,0,1,2,7.3,0
191,B,LSU,Texas A&M,Trey'Dez Green,Receiver,0,0,0.0,0,0,0,0,0.0,0,3,3,16.9,0
191,B,LSU,Texas A&M,Nic Anderson,Receiver,0,0,0.0,0,0,0,0,0.0,0,0,1,0.0,0
192,A,LSU,Texas A&M,Garrett Nussmeier,QB,20,13,103.4,1,0,1,0,0.0,0,0,0,0.0,0
192,A,LSU,Texas A&M,Caden Durham,Rusher,0,0,0.0,0,0,0,13,100.4,1,0,0,0.0,0
192,A,LSU,Texas A&M,Harlem Berry,Rusher,0,0,0.0,0,0,0,7,43.2,0,0,0,0.0,0
192,A,LSU,Texas A&M,Ju'Juan Johnson,Rusher,0,0,0.0,0,0,0,4,-0.2,0,0,0,0.0,0
192,A,LSU,Texas A&M,Other RB,Rusher,0,0,0.0,0,0,0,6,31.3,0,0,0,0.0,0
192,A,LSU,Texas A&M,Garrett Nussmeier,Rusher,0,0,0.0,0,0,0,1,4.9,0,0,0,0.0,0
192,A,LSU,Texas A&M,Kaleb Jackson,Rusher,0,0,0.0,0,0,0,1,1.5,0,0,0,0.0,0
192,A,LSU,Texas A&M,Other WR,Receiver,0,0,0.0,0,0,0,0,0.0,0,0,2,0.0,0
192,A,LSU,Texas A&M,Barion Brown,Receiver,0,0,0.0,0,0,0,0,0.0,0,6,6,44.1,0
192,A,LSU,Texas A&M,Aaron Anderson,Receiver,0,0,0.0,0,0,0,0,0.0,0,1,2,17.2,0
192,A,LSU,Texas A&M,Bauer Sharp,Receiver,0,0,0.0,0,0,0,0,0.0,0,2,3,10.5,0
192,A,LSU,Texas A&M,Chris Hilton Jr.,Receiver,0,0,0.0,0,0,0,0,0.0,0,0,2,0.0,0
192,A,LSU,Texas A&M,Kyle Parker,Receiver,0,0,0.0,0,0,0,0,0.0,0,1,2,21.9,1
192,A,LSU,Texas A&M,Trey'Dez Green,Receiver,0,0,0.0,0,0,0,0,0.0,0,1,1,5.6,0
192,A,LSU,Texas A&M,Zavion Thomas,Receiver,0,0,0.0,0,0,0,0,0.0,0,1,1,0.0,0
192,A,LSU,Texas A&M,Nic Anderson,Receiver,0,0,0.0,0,0,0,0,0.0,0,1,1,4.2,0
192,A,Texas A&M,LSU,Marcel Reed,QB,26,16,167.8,1,0,4,0,0.0,0,0,0,0.0,0
192,A,Texas A&M,LSU,Marcel Reed,Rusher,0,0,0.0,0,0,0,8,30.6,0,0,0,0.0,0
192,A,Texas A&M,LSU,Rueben Owens,Rusher,0,0,0.0,0,0,0,5,15.5,0,0,0,0.0,0
192,A,Texas A&M,LSU,Le'Veon Moss,Rusher,0,0,0.0,0,0,0,13,67.1,1,0,0,0.0,0
192,A,Texas A&M,LSU,Amari Daniels,Rusher,0,0,0.0,0,0,0,7,39.5,0,0,0,0.0,0
192,A,Texas A&M,LSU,E.J. Smith,Rusher,0,0,0.0,0,0,0,1,-4.0,0,0,0,0.0,0
192,A,Texas A&M,LSU,Miles O'Neill,Rusher,0,0,0.0,0,0,0,1,4.0,0,0,0,0.0,0
192,A,Texas A&M,LSU,Jamarion Morrow,Rusher,0,0,0.0,0,0,0,1,8.7,0,0,0,0.0,0
192,A,Texas A&M,LSU,Other WR,Receiver,0,0,0.0,0,0,0,0,0.0,0,4,8,48.3,0
192,A,Texas A&M,LSU,Terry Bussey,Receiver,0,0,0.0,0,0,0,0,0.0,0,1,1,13.4,0
192,A,Texas A&M,LSU,Amari Niblack,Receiver,0,0,0.0,0,0,0,0,0.0,0,0,0,0.0,0
192,A,Texas A&M,LSU,Kevin Concepcion,Receiver,0,0,0.0,0,0,0,0,0.0,0,3,7,26.5,0
192,A,Texas A&M,LSU,Mario Craver,Receiver,0,0,0.0,0,0,0,0,0.0,0,3,4,21.6,0
192,A,Texas A&M,LSU,Ashton Bethel-Roman,Receiver,0,0,0.0,0,0,0,0,0.0,0,3,3,29.3,0
192,A,Texas A&M,LSU,Theo Melin Ohrstrom,Receiver,0,0,0.0,0,0,0,0,0.0,0,2,2,28.7,1
192,A,Texas A&M,LSU,Nate Boerkircher,Receiver,0,0,0.0,0,0,0,0,0.0,0,0,1,0.0,0
193,B,Texas A&M,LSU,Marcel Reed,QB,26,17,215.7,1,0,3,0,0.0,0,0,0,0.0,0
193,B,Texas A&M,LSU,Marcel Reed,Rusher,0,0,0.0,0,0,0,7,31.3,0,0,0,0.0,0
193,B,Texas A&M,LSU,Miles O'Neill,Rusher,0,0,0.0,0,0,0,2,8.6,0,0,0,0.0,0
193,B,Texas A&M,LSU,Le'Veon Moss,Rusher,0,0,0.0,0,0,0,7,25.2,1,0,0,0.0,0
193,B,Texas A&M,LSU,Rueben Owens,Rusher,0,0,0.0,0,0,0,6,17.2,0,0,0,0.0,0
193,B,Texas A&M,LSU,Amari Daniels,Rusher,0,0,0.0,0,0,0,6,37.8,1,0,0,0.0,0
193,B,Texas A&M,LSU,E.J. Smith,Rusher,0,0,0.0,0,0,0,3,-4.8,0,0,0,0.0,0
193,B,Texas A&M,LSU,Ashton Bethel-Roman,Receiver,0,0,0.0,0,0,0,0,0.0,0,2,2,32.0,1
193,B,Texas A&M,LSU,Theo Melin Ohrstrom,Receiver,0,0,0.0,0,0,0,0,0.0,0,1,4,4.8,0
193,B,Texas A&M,LSU,Mario Craver,Receiver,0,0,0.0,0,0,0,0,0.0,0,3,7,30.0,0
193,B,Texas A&M,LSU,Other WR,Receiver,0,0,0.0,0,0,0,0,0.0,0,6,7,101.4,0
193,B,Texas A&M,LSU,Kevin Concepcion,Receiver,0,0,0.0,0,0,0,0,0.0,0,3,4,44.3,0
193,B,Texas A&M,LSU,Amari Niblack,Receiver,0,0,0.0,0,0,0,0,0.0,0,1,1,3.3,0
193,B,Texas A&M,LSU,Nate Boerkircher,Receiver,0,0,0.0,0,0,0,0,0.0,0,1,1,0.0,0
193,B,LSU,Texas A&M,Garrett Nussmeier,QB,29,17,140.5,1,0,2,0,0.0,0,0,0,0.0,0
193,B,LSU,Texas A&M,Caden Durham,Rusher,0,0,0.0,0,0,0,18,71.0,1,0,0,0.0,0
193,B,LSU,Texas A&M,Garrett Nussmeier,Rusher,0,0,0.0,0,0,0,2,12.6,0,0,0,0.0,0
193,B,LSU,Texas A&M,Other RB,Rusher,0,0,0.0,0,0,0,4,19.7,0,0,0,0.0,0
193,B,LSU,Texas A&M,Kaleb Jackson,Rusher,0,0,0.0,0,0,0,1,0.7,0,0,0,0.0,0
193,B,LSU,Texas A&M,Ju'Juan Johnson,Rusher,0,0,0.0,0,0,0,3,26.1,0,0,0,0.0,0
193,B,LSU,Texas A&M,Harlem Berry,Rusher,0,0,0.0,0,0,0,4,0.5,0,0,0,0.0,0
193,B,LSU,Texas A&M,Aaron Anderson,Receiver,0,0,0.0,0,0,0,0,0.0,0,4,7,20.0,1
193,B,LSU,Texas A&M,Bauer Sharp,Receiver,0,0,0.0,0,0,0,0,0.0,0,3,3,26.3,0
193,B,LSU,Texas A&M,Other WR,Receiver,0,0,0.0,0,0,0,0,0.0,0,2,4,20.9,0
193,B,LSU,Texas A&M,Barion Brown,Receiver,0,0,0.0,0,0,0,0,0.0,0,3,8,31.9,0
193,B,LSU,Texas A&M,Zavion Thomas,Receiver,0,0,0.0,0,0,0,0,0.0,0,1,2,12.4,0
193,B,LSU,Texas A&M,Kyle Parker,Receiver,0,0,0.0,0,0,0,0,0.0,0,2,2,8.6,0
193,B,LSU,Texas A&M,Nic Anderson,Receiver,0,0,0.0,0,0,0,0,0.0,0,1,2,11.5,0
193,B,LSU,Texas A&M,Trey'Dez Green,Receiver,0,0,0.0,0,0,0,0,0.0,0,1,1,8.8,0
194,A,LSU,Texas A&M,Garrett Nussmeier,QB,34,20,191.1,1,0,1,0,0.0,0,0,0,0.0,0
194,A,LSU,Texas A&M,Other RB,Rusher,0,0,0.0,0,0,0,4,35.6,1,0,0,0.0,0
194,A,LSU,Texas A&M,Ju'Juan Johnson,Rusher,0,0,0.0,0,0,0,8,41.3,0,0,0,0.0,0
194,A,LSU,Texas A&M,Garrett Nussmeier,Rusher,0,0,0.0,0,0,0,3,32.4,0,0,0,0.0,0
194,A,LSU,Texas A&M,Caden Durham,Rusher,0,0,0.0,0,0,0,19,95.6,1,0,0,0.0,0
194,A,LSU,Texas A&M,Kaleb Jackson,Rusher,0,0,0.0,0,0,0,3,27.7,1,0,0,0.0,0
194,A,LSU,Texas A&M,Harlem Berry,Rusher,0,0,0.0,0,0,0,3,9.3,0,0,0,0.0,0
194,A,LSU,Texas A&M,Trey'Dez Green,Receiver,0,0,0.0,0,0,0,0,0.0,0,4,8,41.4,1
194,A,LSU,Texas A&M,Kyle Parker,Receiver,0,0,0.0,0,0,0,0,0.0,0,2,2,14.8,0
194,A,LSU,Texas A&M,Barion Brown,Receiver,0,0,0.0,0,0,0,0,0.0,0,3,8,32.5,0
194,A,LSU,Texas A&M,Aaron Anderson,Receiver,0,0,0.0,0,0,0,0,0.0,0,2,5,8.1,0
194,A,LSU,Texas A&M,Nic Anderson,Receiver,0,0,0.0,0,0,0,0,0.0,0,2,2,8.8,0
194,A,LSU,Texas A&M,Zavion Thomas,Receiver,0,0,0.0,0,0,0,0,0.0,0,2,2,33.2,0
194,A,LSU,Texas A&M,Other WR,Receiver,0,0,0.0,0,0,0,0,0.0,0,1,2,23.9,0
194,A,LSU,Texas A&M,Bauer Sharp,Receiver,0,0,0.0,0,0,0,0,0.0,0,4,5,28.3,0
194,A,Texas A&M,LSU,Marcel Reed,QB,23,14,212.8,1,0,2,0,0.0,0,0,0,0.0,0
194,A,Texas A&M,LSU,Le'Veon Moss,Rusher,0,0,0.0,0,0,0,11,34.8,0,0,0,0.0,0
194,A,Texas A&M,LSU,Rueben Owens,Rusher,0,0,0.0,0,0,0,4,14.2,0,0,0,0.0,0
194,A,Texas A&M,LSU,Marcel Reed,Rusher,0,0,0.0,0,0,0,6,42.7,1,0,0,0.0,0
194,A,Texas A&M,LSU,Amari Daniels,Rusher,0,0,0.0,0,0,0,2,7.9,0,0,0,0.0,0
194,A,Texas A&M,LSU,Other RB,Rusher,0,0,0.0,0,0,0,1,4.2,0,0,0,0.0,0
194,A,Texas A&M,LSU,Miles O'Neill,Rusher,0,0,0.0,0,0,0,1,1.8,0,0,0,0.0,0
194,A,Texas A&M,LSU,Other WR,Receiver,0,0,0.0,0,0,0,0,0.0,0,2,3,69.2,1
194,A,Texas A&M,LSU,Theo Melin Ohrstrom,Receiver,0,0,0.0,0,0,0,0,0.0,0,1,1,12.3,0
194,A,Texas A&M,LSU,Mario Craver,Receiver,0,0,0.0,0,0,0,0,0.0,0,3,4,21.3,0
194,A,Texas A&M,LSU,Kevin Concepcion,Receiver,0,0,0.0,0,0,0,0,0.0,0,1,3,10.5,0
194,A,Texas A&M,LSU,Terry Bussey,Receiver,0,0,0.0,0,0,0,0,0.0,0,4,5,58.0,0
194,A,Texas A&M,LSU,Amari Niblack,Receiver,0,0,0.0,0,0,0,0,0.0,0,2,2,19.6,0
194,A,Texas A&M,LSU,Nate Boerkircher,Receiver,0,0,0.0,0,0,0,0,0.0,0,1,2,21.9,0
194,A,Texas A&M,LSU,Ashton Bethel-Roman,Receiver,0,0,0.0,0,0,0,0,0.0,0,0,3,0.0,0
195,B,Texas A&M,LSU,Marcel Reed,QB,27,16,161.7,0,0,3,0,0.0,0,0,0,0.0,0
195,B,Texas A&M,LSU,Marcel Reed,Rusher,0,0,0.0,0,0,0,4,13.6,0,0,0,0.0,0
195,B,Texas A&M,LSU,Le'Veon Moss,Rusher,0,0,0.0,0,0,0,15,79.0,1,0,0,0.0,0
195,B,Texas A&M,LSU,Amari Daniels,Rusher,0,0,0.0,0,0,0,5,18.6,0,0,0,0.0,0
195,B,Texas A&M,LSU,Rueben Owens,Rusher,0,0,0.0,0,0,0,3,8.1,0,0,0,0.0,0
195,B,Texas A&M,LSU,E.J. Smith,Rusher,0,0,0.0,0,0,0,1,-4.0,0,0,0,0.0,0
195,B,Texas A&M,LSU,Nate Boerkircher,Receiver,0,0,0.0,0,0,0,0,0.0,0,1,1,23.8,0
195,B,Texas A&M,LSU,Ashton Bethel-Roman,Receiver,0,0,0.0,0,0,0,0,0.0,0,5,5,8.5,0
195,B,Texas A&M,LSU,Other WR,Receiver,0,0,0.0,0,0,0,0,0.0,0,2,4,59.5,0
195,B,Texas A&M,LSU,Amari Niblack,Receiver,0,0,0.0,0,0,0,0,0.0,0,0,1,0.0,0
195,B,Texas A&M,LSU,Kevin Concepcion,Receiver,0,0,0.0,0,0,0,0,0.0,0,5,9,64.2,0
195,B,Texas A&M,LSU,Mario Craver,Receiver,0,0,0.0,0,0,0,0,0.0,0,2,6,3.8,0
195,B,Texas A&M,LSU,Terry Bussey,Receiver,0,0,0.0,0,0,0,0,0.0,0,1,1,1.8,0
195,B,Texas A&M,LSU,Theo Melin Ohrstrom,Receiver,0,0,0.0,0,0,0,0,0.0,0,0,0,0.0,0
195,B,LSU,Texas A&M,Garrett Nussmeier,QB,24,16,195.8,0,0,4,0,0.0,0,0,0,0.0,0
195,B,LSU,Texas A&M,Harlem Berry,Rusher,0,0,0.0,0,0,0,5,28.5,0,0,0,0.0,0
195,B,LSU,Texas A&M,Caden Durham,Rusher,0,0,0.0,0,0,0,17,54.8,1,0,0,0.0,0
195,B,LSU,Texas A&M,Garrett Nussmeier,Rusher,0,0,0.0,0,0,0,3,7.4,0,0,0,0.0,0
195,B,LSU,Texas A&M,Other RB,Rusher,0,0,0.0,0,0,0,3,31.5,1,0,0,0.0,0
195,B,LSU,Texas A&M,Ju'Juan Johnson,Rusher,0,0,0.0,0,0,0,5,13.0,0,0,0,0.0,0
195,B,LSU,Texas A&M,Kaleb Jackson,Rusher,0,0,0.0,0,0,0,1,3.4,0,0,0,0.0,0
195,B,LSU,Texas A&M,Aaron Anderson,Receiver,0,0,0.0,0,0,0,0,0.0,0,3,5,41.1,0
195,B,LSU,Texas A&M,Chris Hilton Jr.,Receiver,0,0,0.0,0,0,0,0,0.0,0,1,3,22.2,0
195,B,LSU,Texas A&M,Bauer Sharp,Receiver,0,0,0.0,0,0,0,0,0.0,0,4,5,18.9,0
195,B,LSU,Texas A&M,Barion Brown,Receiver,0,0,0.0,0,0,0,0,0.0,0,3,5,35.1,0
195,B,LSU,Texas A&M,Other WR,Receiver,0,0,0.0,0,0,0,0,0.0,0,1,2,34.6,0
195,B,LSU,Texas A&M,Zavion Thomas,Receiver,0,0,0.0,0,0,0,0,0.0,0,2,2,31.8,0
195,B,LSU,Texas A&M,Nic Anderson,Receiver,0,0,0.0,0,0,0,0,0.0,0,2,2,12.1,0
196,A,LSU,Texas A&M,Garrett Nussmeier,QB,25,17,218.9,0,0,1,0,0.0,0,0,0,0.0,0
196,A,LSU,Texas A&M,Ju'Juan Johnson,Rusher,0,0,0.0,0,0,0,7,18.9,0,0,0,0.0,0
196,A,LSU,Texas A&M,Caden Durham,Rusher,0,0,0.0,0,0,0,13,82.2,2,0,0,0.0,0
196,A,LSU,Texas A&M,Garrett Nussmeier,Rusher,0,0,0.0,0,0,0,4,41.6,1,0,0,0.0,0
196,A,LSU,Texas A&M,Harlem Berry,Rusher,0,0,0.0,0,0,0,5,44.0,2,0,0,0.0,0
196,A,LSU,Texas A&M,Other RB,Rusher,0,0,0.0,0,0,0,2,2.1,0,0,0,0.0,0
196,A,LSU,Texas A&M,Aaron Anderson,Receiver,0,0,0.0,0,0,0,0,0.0,0,3,4,20.4,0
196,A,LSU,Texas A&M,Zavion Thomas,Receiver,0,0,0.0,0,0,0,0,0.0,0,3,5,27.5,0
196,A,LSU,Texas A&M,Kyle Parker,Receiver,0,0,0.0,0,0,0,0,0.0,0,2,2,23.4,0
196,A,LSU,Texas A&M,Other WR,Receiver,0,0,0.0,0,0,0,0,0.0,0,1,1,25.4,0
196,A,LSU,Texas A&M,Barion Brown,Receiver,0,0,0.0,0,0,0,0,0.0,0,5,9,59.3,0
196,A,LSU,Texas A&M,Trey'Dez Green,Receiver,0,0,0.0,0,0,0,0,0.0,0,1,1,25.4,0
196,A,LSU,Texas A&M,Nic Anderson,Receiver,0,0,0.0,0,0,0,0,0.0,0,2,3,37.6,0
196,A,Texas A&M,LSU,Marcel Reed,QB,31,20,197.6,0,0,7,0,0.0,0,0,0,0.0,0
196,A,Texas A&M,LSU,Marcel Reed,Rusher,0,0,0.0,0,0,0,7,18.3,0,0,0,0.0,0
196,A,Texas A&M,LSU,Rueben Owens,Rusher,0,0,0.0,0,0,0,4,24.0,1,0,0,0.0,0
196,A,Texas A&M,LSU,Le'Veon Moss,Rusher,0,0,0.0,0,0,0,10,22.1,0,0,0,0.0,0
196,A,Texas A&M,LSU,E.J. Smith,Rusher,0,0,0.0,0,0,0,1,-0.2,0,0,0,0.0,0
196,A,Texas A&M,LSU,Miles O'Neill,Rusher,0,0,0.0,0,0,0,1,-4.0,0,0,0,0.0,0
196,A,Texas A&M,LSU,Jamarion Morrow,Rusher,0,0,0.0,0,0,0,1,0.6,0,0,0,0.0,0
196,A,Texas A&M,LSU,Other WR,Receiver,0,0,0.0,0,0,0,0,0.0,0,5,6,72.3,0
196,A,Texas A&M,LSU,Ashton Bethel-Roman,Receiver,0,0,0.0,0,0,0,0,0.0,0,2,4,24.3,0
196,A,Texas A&M,LSU,Mario Craver,Receiver,0,0,0.0,0,0,0,0,0.0,0,3,9,2.6,0
196,A,Texas A&M,LSU,Kevin Concepcion,Receiver,0,0,0.0,0,0,0,0,0.0,0,4,5,47.9,0
196,A,Texas A&M,LSU,Theo Melin Ohrstrom,Receiver,0,0,0.0,0,0,0,0,0.0,0,2,3,16.8,0
196,A,Texas A&M,LSU,Nate Boerkircher,Receiver,0,0,0.0,0,0,0,0,0.0,0,3,3,33.8,0
196,A,Texas A&M,LSU,Terry Bussey,Receiver,0,0,0.0,0,0,0,0,0.0,0,1,1,0.0,0
197,B,Texas A&M,LSU,Marcel Reed,QB,30,20,186.9,0,0,5,0,0.0,0,0,0,0.0,0
197,B,Texas A&M,LSU,Le'Veon Moss,Rusher,0,0,0.0,0,0,0,16,56.9,1,0,0,0.0,0
197,B,Texas A&M,LSU,Amari Daniels,Rusher,0,0,0.0,0,0,0,5,9.1,0,0,0,0.0,0
197,B,Texas A&M,LSU,Marcel Reed,Rusher,0,0,0.0,0,0,0,4,21.1,0,0,0,0.0,0
197,B,Texas A&M,LSU,Jamarion Morrow,Rusher,0,0,0.0,0,0,0,2,19.3,1,0,0,0.0,0
197,B,Texas A&M,LSU,Rueben Owens,Rusher,0,0,0.0,0,0,0,1,10.0,0,0,0,0.0,0
197,B,Texas A&M,LSU,Theo Melin Ohrstrom,Receiver,0,0,0.0,0,0,0,0,0.0,0,4,6,35.6,0
197,B,Texas A&M,LSU,Kevin Concepcion,Receiver,0,0,0.0,0,0,0,0,0.0,0,3,6,23.2,0
197,B,Texas A&M,LSU,Other WR,Receiver,0,0,0.0,0,0,0,0,0.0,0,4,5,41.0,0
197,B,Texas A&M,LSU,Mario Craver,Receiver,0,0,0.0,0,0,0,0,0.0,0,3,5,27.1,0
197,B,Texas A&M,LSU,Nate Boerkircher,Receiver,0,0,0.0,0,0,0,0,0.0,0,1,2,16.5,0
197,B,Texas A&M,LSU,Ashton Bethel-Roman,Receiver,0,0,0.0,0,0,0,0,0.0,0,2,3,23.8,0
197,B,Texas A&M,LSU,Amari Niblack,Receiver,0,0,0.0,0,0,0,0,0.0,0,1,1,0.0,0
197,B,Texas A&M,LSU,Terry Bussey,Receiver,0,0,0.0,0,0,0,0,0.0,0,2,2,19.7,0
197,B,LSU,Texas A&M,Garrett Nussmeier,QB,21,17,263.5,3,0,1,0,0.0,0,0,0,0.0,0
197,B,LSU,Texas A&M,Caden Durham,Rusher,0,0,0.0,0,0,0,19,51.9,0,0,0,0.0,0
197,B,LSU,Texas A&M,Kaleb Jackson,Rusher,0,0,0.0,0,0,0,4,18.3,1,0,0,0.0,0
197,B,LSU,Texas A&M,Harlem Berry,Rusher,0,0,0.0,0,0,0,8,62.7,1,0,0,0.0,0
197,B,LSU,Texas A&M,Ju'Juan Johnson,Rusher,0,0,0.0,0,0,0,3,9.2,0,0,0,0.0,0
197,B,LSU,Texas A&M,Other RB,Rusher,0,0,0.0,0,0,0,2,23.7,0,0,0,0.0,0
197,B,LSU,Texas A&M,Bauer Sharp,Receiver,0,0,0.0,0,0,0,0,0.0,0,1,1,19.4,0
197,B,LSU,Texas A&M,Nic Anderson,Receiver,0,0,0.0,0,0,0,0,0.0,0,5,5,49.7,0
197,B,LSU,Texas A&M,Kyle Parker,Receiver,0,0,0.0,0,0,0,0,0.0,0,0,1,0.0,0
197,B,LSU,Texas A&M,Zavion Thomas,Receiver,0,0,0.0,0,0,0,0,0.0,0,1,1,3.0,0
197,B,LSU,Texas A&M,Other WR,Receiver,0,0,0.0,0,0,0,0,0.0,0,5,5,131.6,1
197,B,LSU,Texas A&M,Trey'Dez Green,Receiver,0,0,0.0,0,0,0,0,0.0,0,1,2,7.5,1
197,B,LSU,Texas A&M,Barion Brown,Receiver,0,0,0.0,0,0,0,0,0.0,0,1,2,14.9,1
197,B,LSU,Texas A&M,Aaron Anderson,Receiver,0,0,0.0,0,0,0,0,0.0,0,3,4,37.4,0
198,A,LSU,Texas A&M,Garrett Nussmeier,QB,33,19,196.1,2,0,2,0,0.0,0,0,0,0.0,0
198,A,LSU,Texas A&M,Harlem Berry,Rusher,0,0,0.0,0,0,0,5,20.0,0,0,0,0.0,0
198,A,LSU,Texas A&M,Caden Durham,Rusher,0,0,0.0,0,0,0,11,32.3,0,0,0,0.0,0
198,A,LSU,Texas A&M,Garrett Nussmeier,Rusher,0,0,0.0,0,0,0,5,20.2,0,0,0,0.0,0
198,A,LSU,Texas A&M,Other RB,Rusher,0,0,0.0,0,0,0,3,16.8,0,0,0,0.0,0
198,A,LSU,Texas A&M,Ju'Juan Johnson,Rusher,0,0,0.0,0,0,0,1,10.2,0,0,0,0.0,0
198,A,LSU,Texas A&M,Aaron Anderson,Receiver,0,0,0.0,0,0,0,0,0.0,0,2,4,0.6,0
198,A,LSU,Texas A&M,Nic Anderson,Receiver,0,0,0.0,0,0,0,0,0.0,0,4,5,39.1,1
198,A,LSU,Texas A&M,Kyle Parker,Receiver,0,0,0.0,0,0,0,0,0.0,0,1,2,35.1,0
198,A,LSU,Texas A&M,Barion Brown,Receiver,0,0,0.0,0,0,0,0,0.0,0,5,9,53.2,0
198,A,LSU,Texas A&M,Zavion Thomas,Receiver,0,0,0.0,0,0,0,0,0.0,0,4,7,47.5,1
198,A,LSU,Texas A&M,Bauer Sharp,Receiver,0,0,0.0,0,0,0,0,0.0,0,1,2,6.5,0
198,A,LSU,Texas A&M,Chris Hilton Jr.,Receiver,0,0,0.0,0,0,0,0,0.0,0,0,1,0.0,0
198,A,LSU,Texas A&M,Trey'Dez Green,Receiver,0,0,0.0,0,0,0,0,0.0,0,1,2,4.5,0
198,A,LSU,Texas A&M,Other WR,Receiver,0,0,0.0,0,0,0,0,0.0,0,1,1,9.7,0
198,A,Texas A&M,LSU,Marcel Reed,QB,25,14,211.9,1,0,2,0,0.0,0,0,0,0.0,0
198,A,Texas A&M,LSU,Le'Veon Moss,Rusher,0,0,0.0,0,0,0,17,59.5,1,0,0,0.0,0
198,A,Texas A&M,LSU,Marcel Reed,Rusher,0,0,0.0,0,0,0,4,3.0,0,0,0,0.0,0
198,A,Texas A&M,LSU,Amari Daniels,Rusher,0,0,0.0,0,0,0,4,11.7,0,0,0,0.0,0
198,A,Texas A&M,LSU,Rueben Owens,Rusher,0,0,0.0,0,0,0,5,16.3,0,0,0,0.0,0
198,A,Texas A&M,LSU,Jamarion Morrow,Rusher,0,0,0.0,0,0,0,1,15.9,0,0,0,0.0,0
198,A,Texas A&M,LSU,E.J. Smith,Rusher,0,0,0.0,0,0,0,3,26.7,1,0,0,0.0,0
198,A,Texas A&M,LSU,Kevin Concepcion,Receiver,0,0,0.0,0,0,0,0,0.0,0,4,5,55.6,0
198,A,Texas A&M,LSU,Other WR,Receiver,0,0,0.0,0,0,0,0,0.0,0,1,2,17.2,0
198,A,Texas A&M,LSU,Ashton Bethel-Roman,Receiver,0,0,0.0,0,0,0,0,0.0,0,0,4,0.0,0
198,A,Texas A&M,LSU,Mario Craver,Receiver,0,0,0.0,0,0,0,0,0.0,0,5,9,89.9,0
198,A,Texas A&M,LSU,Amari Niblack,Receiver,0,0,0.0,0,0,0,0,0.0,0,1,2,24.3,0
198,A,Texas A&M,LSU,Theo Melin Ohrstrom,Receiver,0,0,0.0,0,0,0,0,0.0,0,2,2,9.3,0
198,A,Texas A&M,LSU,Terry Bussey,Receiver,0,0,0.0,0,0,0,0,0.0,0,1,1,15.6,1
199,B,Texas A&M,LSU,Marcel Reed,QB,26,21,220.2,1,0,3,0,0.0,0,0,0,0.0,0
199,B,Texas A&M,LSU,Marcel Reed,Rusher,0,0,0.0,0,0,0,8,37.2,0,0,0,0.0,0
199,B,Texas A&M,LSU,Le'Veon Moss,Rusher,0,0,0.0,0,0,0,15,72.7,0,0,0,0.0,0
199,B,Texas A&M,LSU,Rueben Owens,Rusher,0,0,0.0,0,0,0,6,38.0,0,0,0,0.0,0
199,B,Texas A&M,LSU,Amari Daniels,Rusher,0,0,0.0,0,0,0,3,20.0,1,0,0,0.0,0
199,B,Texas A&M,LSU,Other RB,Rusher,0,0,0.0,0,0,0,1,1.7,0,0,0,0.0,0
199,B,Texas A&M,LSU,Jamarion Morrow,Rusher,0,0,0.0,0,0,0,1,5.2,0,0,0,0.0,0
199,B,Texas A&M,LSU,E.J. Smith,Rusher,0,0,0.0,0,0,0,1,4.8,0,0,0,0.0,0
199,B,Texas A&M,LSU,Miles O'Neill,Rusher,0,0,0.0,0,0,0,1,0.6,0,0,0,0.0,0
199,B,Texas A&M,LSU,Ashton Bethel-Roman,Receiver,0,0,0.0,0,0,0,0,0.0,0,2,2,42.1,0
199,B,Texas A&M,LSU,Theo Melin Ohrstrom,Receiver,0,0,0.0,0,0,0,0,0.0,0,3,3,29.8,0
199,B,Texas A&M,LSU,Kevin Concepcion,Receiver,0,0,0.0,0,0,0,0,0.0,0,6,9,33.3,0
199,B,Texas A&M,LSU,Nate Boerkircher,Receiver,0,0,0.0,0,0,0,0,0.0,0,1,1,5.9,1
199,B,Texas A&M,LSU,Other WR,Receiver,0,0,0.0,0,0,0,0,0.0,0,3,3,56.3,0
199,B,Texas A&M,LSU,Mario Craver,Receiver,0,0,0.0,0,0,0,0,0.0,0,3,5,35.5,0
199,B,Texas A&M,LSU,Terry Bussey,Receiver,0,0,0.0,0,0,0,0,0.0,0,2,2,10.9,0
199,B,Texas A&M,LSU,Amari Niblack,Receiver,0,0,0.0,0,0,0,0,0.0,0,1,1,6.4,0
199,B,LSU,Texas A&M,Garrett Nussmeier,QB,31,17,156.9,1,0,2,0,0.0,0,0,0,0.0,0
199,B,LSU,Texas A&M,Ju'Juan Johnson,Rusher,0,0,0.0,0,0,0,4,10.7,0,0,0,0.0,0
199,B,LSU,Texas A&M,Caden Durham,Rusher,0,0,0.0,0,0,0,7,16.4,0,0,0,0.0,0
199,B,LSU,Texas A&M,Other RB,Rusher,0,0,0.0,0,0,0,2,4.5,0,0,0,0.0,0
199,B,LSU,Texas A&M,Harlem Berry,Rusher,0,0,0.0,0,0,0,6,34.3,0,0,0,0.0,0
199,B,LSU,Texas A&M,Garrett Nussmeier,Rusher,0,0,0.0,0,0,0,3,11.9,0,0,0,0.0,0
199,B,LSU,Texas A&M,Bauer Sharp,Receiver,0,0,0.0,0,0,0,0,0.0,0,1,2,0.0,0
199,B,LSU,Texas A&M,Aaron Anderson,Receiver,0,0,0.0,0,0,0,0,0.0,0,3,9,16.8,0
199,B,LSU,Texas A&M,Other WR,Receiver,0,0,0.0,0,0,0,0,0.0,0,2,3,38.3,0
199,B,LSU,Texas A&M,Trey'Dez Green,Receiver,0,0,0.0,0,0,0,0,0.0,0,5,5,41.8,1
199,B,LSU,Texas A&M,Barion Brown,Receiver,0,0,0.0,0,0,0,0,0.0,0,3,5,40.6,0
199,B,LSU,Texas A&M,Zavion Thomas,Receiver,0,0,0.0,0,0,0,0,0.0,0,0,2,0.0,0
199,B,LSU,Texas A&M,Nic Anderson,Receiver,0,0,0.0,0,0,0,0,0.0,0,2,2,15.6,0
199,B,LSU,Texas A&M,Kyle Parker,Receiver,0,0,0.0,0,0,0,0,0.0,0,0,2,0.0,0
199,B,LSU,Texas A&M,Chris Hilton Jr.,Receiver,0,0,0.0,0,0,0,0,0.0,0,1,1,3.8,0
200,A,LSU,Texas A&M,Garrett Nussmeier,QB,33,21,96.0,1,0,4,0,0.0,0,0,0,0.0,0
200,A,LSU,Texas A&M,Caden Durham,Rusher,0,0,0.0,0,0,0,7,24.6,0,0,0,0.0,0
200,A,LSU,Texas A&M,Other RB,Rusher,0,0,0.0,0,0,0,5,28.4,0,0,0,0.0,0
200,A,LSU,Texas A&M,Garrett Nussmeier,Rusher,0,0,0.0,0,0,0,1,8.9,0,0,0,0.0,0
200,A,LSU,Texas A&M,Harlem Berry,Rusher,0,0,0.0,0,0,0,3,4.6,0,0,0,0.0,0
200,A,LSU,Texas A&M,Ju'Juan Johnson,Rusher,0,0,0.0,0,0,0,3,10.3,0,0,0,0.0,0
200,A,LSU,Texas A&M,Trey'Dez Green,Receiver,0,0,0.0,0,0,0,0,0.0,0,5,10,41.7,1
200,A,LSU,Texas A&M,Aaron Anderson,Receiver,0,0,0.0,0,0,0,0,0.0,0,6,8,17.0,0
200,A,LSU,Texas A&M,Nic Anderson,Receiver,0,0,0.0,0,0,0,0,0.0,0,1,2,2.1,0
200,A,LSU,Texas A&M,Barion Brown,Receiver,0,0,0.0,0,0,0,0,0.0,0,6,7,25.4,0
200,A,LSU,Texas A&M,Zavion Thomas,Receiver,0,0,0.0,0,0,0,0,0.0,0,1,2,0.0,0
200,A,LSU,Texas A&M,Bauer Sharp,Receiver,0,0,0.0,0,0,0,0,0.0,0,0,1,0.0,0
200,A,LSU,Texas A&M,Chris Hilton Jr.,Receiver,0,0,0.0,0,0,0,0,0.0,0,1,2,3.3,0
200,A,LSU,Texas A&M,Kyle Parker,Receiver,0,0,0.0,0,0,0,0,0.0,0,1,1,6.5,0
200,A,Texas A&M,LSU,Marcel Reed,QB,28,22,212.4,0,0,2,0,0.0,0,0,0,0.0,0
200,A,Texas A&M,LSU,Le'Veon Moss,Rusher,0,0,0.0,0,0,0,12,26.1,1,0,0,0.0,0
200,A,Texas A&M,LSU,Marcel Reed,Rusher,0,0,0.0,0,0,0,9,50.0,0,0,0,0.0,0
200,A,Texas A&M,LSU,E.J. Smith,Rusher,0,0,0.0,0,0,0,3,11.9,0,0,0,0.0,0
200,A,Texas A&M,LSU,Amari Daniels,Rusher,0,0,0.0,0,0,0,1,2.8,0,0,0,0.0,0
200,A,Texas A&M,LSU,Miles O'Neill,Rusher,0,0,0.0,0,0,0,2,3.9,0,0,0,0.0,0
200,A,Texas A&M,LSU,Rueben Owens,Rusher,0,0,0.0,0,0,0,3,25.7,1,0,0,0.0,0
200,A,Texas A&M,LSU,Other RB,Rusher,0,0,0.0,0,0,0,1,5.1,1,0,0,0.0,0
200,A,Texas A&M,LSU,Nate Boerkircher,Receiver,0,0,0.0,0,0,0,0,0.0,0,2,2,14.0,0
200,A,Texas A&M,LSU,Amari Niblack,Receiver,0,0,0.0,0,0,0,0,0.0,0,0,1,0.0,0
200,A,Texas A&M,LSU,Theo Melin Ohrstrom,Receiver,0,0,0.0,0,0,0,0,0.0,0,1,1,0.1,0
200,A,Texas A&M,LSU,Kevin Concepcion,Receiver,0,0,0.0,0,0,0,0,0.0,0,5,5,42.1,0
200,A,Texas A&M,LSU,Mario Craver,Receiver,0,0,0.0,0,0,0,0,0.0,0,5,7,26.0,0
200,A,Texas A&M,LSU,Other WR,Receiver,0,0,0.0,0,0,0,0,0.0,0,5,6,87.8,0
200,A,Texas A&M,LSU,Terry Bussey,Receiver,0,0,0.0,0,0,0,0,0.0,0,1,2,8.0,0
200,A,Texas A&M,LSU,Ashton Bethel-Roman,Receiver,0,0,0.0,0,0,0,0,0.0,0,3,4,34.4,0
201,B,Texas A&M,LSU,Marcel Reed,QB,31,25,274.8,2,0,4,0,0.0,0,0,0,0.0,0
201,B,Texas A&M,LSU,Le'Veon Moss,Rusher,0,0,0.0,0,0,0,13,16.9,0,0,0,0.0,0
201,B,Texas A&M,LSU,Marcel Reed,Rusher,0,0,0.0,0,0,0,12,64.2,0,0,0,0.0,0
201,B,Texas A&M,LSU,E.J. Smith,Rusher,0,0,0.0,0,0,0,2,3.6,0,0,0,0.0,0
201,B,Texas A&M,LSU,Amari Daniels,Rusher,0,0,0.0,0,0,0,3,5.8,0,0,0,0.0,0
201,B,Texas A&M,LSU,Rueben Owens,Rusher,0,0,0.0,0,0,0,4,20.9,0,0,0,0.0,0
201,B,Texas A&M,LSU,Terry Bussey,Receiver,0,0,0.0,0,0,0,0,0.0,0,3,3,15.0,0
201,B,Texas A&M,LSU,Mario Craver,Receiver,0,0,0.0,0,0,0,0,0.0,0,8,8,125.2,1
201,B,Texas A&M,LSU,Kevin Concepcion,Receiver,0,0,0.0,0,0,0,0,0.0,0,4,7,16.7,0
201,B,Texas A&M,LSU,Ashton Bethel-Roman,Receiver,0,0,0.0,0,0,0,0,0.0,0,2,3,26.0,1
201,B,Texas A&M,LSU,Other WR,Receiver,0,0,0.0,0,0,0,0,0.0,0,5,6,67.1,0
201,B,Texas A&M,LSU,Amari Niblack,Receiver,0,0,0.0,0,0,0,0,0.0,0,1,1,5.5,0
201,B,Texas A&M,LSU,Theo Melin Ohrstrom,Receiver,0,0,0.0,0,0,0,0,0.0,0,2,2,19.3,0
201,B,Texas A&M,LSU,Nate Boerkircher,Receiver,0,0,0.0,0,0,0,0,0.0,0,0,1,0.0,0
201,B,LSU,Texas A&M,Garrett Nussmeier,QB,28,15,137.2,1,0,4,0,0.0,0,0,0,0.0,0
201,B,LSU,Texas A&M,Harlem Berry,Rusher,0,0,0.0,0,0,0,7,11.6,0,0,0,0.0,0
201,B,LSU,Texas A&M,Ju'Juan Johnson,Rusher,0,0,0.0,0,0,0,4,11.3,0,0,0,0.0,0
201,B,LSU,Texas A&M,Caden Durham,Rusher,0,0,0.0,0,0,0,8,38.3,0,0,0,0.0,0
201,B,LSU,Texas A&M,Garrett Nussmeier,Rusher,0,0,0.0,0,0,0,1,4.9,0,0,0,0.0,0
201,B,LSU,Texas A&M,Trey'Dez Green,Receiver,0,0,0.0,0,0,0,0,0.0,0,1,5,9.8,0
201,B,LSU,Texas A&M,Kyle Parker,Receiver,0,0,0.0,0,0,0,0,0.0,0,3,6,40.0,1
201,B,LSU,Texas A&M,Barion Brown,Receiver,0,0,0.0,0,0,0,0,0.0,0,8,10,76.5,0
201,B,LSU,Texas A&M,Zavion Thomas,Receiver,0,0,0.0,0,0,0,0,0.0,0,0,2,0.0,0
201,B,LSU,Texas A&M,Aaron Anderson,Receiver,0,0,0.0,0,0,0,0,0.0,0,3,3,11.0,0
201,B,LSU,Texas A&M,Bauer Sharp,Receiver,0,0,0.0,0,0,0,0,0.0,0,0,1,0.0,0
201,B,LSU,Texas A&M,Other WR,Receiver,0,0,0.0,0,0,0,0,0.0,0,0,1,0.0,0
202,A,LSU,Texas A&M,Garrett Nussmeier,QB,33,19,261.6,1,0,6,0,0.0,0,0,0,0.0,0
202,A,LSU,Texas A&M,Caden Durham,Rusher,0,0,0.0,0,0,0,14,52.5,0,0,0,0.0,0
202,A,LSU,Texas A&M,Other RB,Rusher,0,0,0.0,0,0,0,3,12.6,0,0,0,0.0,0
202,A,LSU,Texas A&M,Harlem Berry,Rusher,0,0,0.0,0,0,0,2,3.2,0,0,0,0.0,0
202,A,LSU,Texas A&M,Kaleb Jackson,Rusher,0,0,0.0,0,0,0,1,-2.2,0,0,0,0.0,0
202,A,LSU,Texas A&M,Ju'Juan Johnson,Rusher,0,0,0.0,0,0,0,3,7.5,0,0,0,0.0,0
202,A,LSU,Texas A&M,Garrett Nussmeier,Rusher,0,0,0.0,0,0,0,1,3.7,0,0,0,0.0,0
202,A,LSU,Texas A&M,Aaron Anderson,Receiver,0,0,0.0,0,0,0,0,0.0,0,2,5,17.9,0
202,A,LSU,Texas A&M,Barion Brown,Receiver,0,0,0.0,0,0,0,0,0.0,0,10,12,105.3,0
202,A,LSU,Texas A&M,Chris Hilton Jr.,Receiver,0,0,0.0,0,0,0,0,0.0,0,2,2,35.9,0
202,A,LSU,Texas A&M,Kyle Parker,Receiver,0,0,0.0,0,0,0,0,0.0,0,0,3,0.0,0
202,A,LSU,Texas A&M,Zavion Thomas,Receiver,0,0,0.0,0,0,0,0,0.0,0,1,3,15.6,0
202,A,LSU,Texas A&M,Nic Anderson,Receiver,0,0,0.0,0,0,0,0,0.0,0,0,1,0.0,0
202,A,LSU,Texas A&M,Other WR,Receiver,0,0,0.0,0,0,0,0,0.0,0,2,3,55.0,1
202,A,LSU,Texas A&M,Bauer Sharp,Receiver,0,0,0.0,0,0,0,0,0.0,0,1,2,30.3,0
202,A,LSU,Texas A&M,Trey'Dez Green,Receiver,0,0,0.0,0,0,0,0,0.0,0,1,2,1.6,0
202,A,Texas A&M,LSU,Marcel Reed,QB,27,21,248.2,2,0,2,0,0.0,0,0,0,0.0,0
202,A,Texas A&M,LSU,Le'Veon Moss,Rusher,0,0,0.0,0,0,0,11,58.8,1,0,0,0.0,0
202,A,Texas A&M,LSU,Marcel Reed,Rusher,0,0,0.0,0,0,0,9,39.9,1,0,0,0.0,0
202,A,Texas A&M,LSU,Amari Daniels,Rusher,0,0,0.0,0,0,0,4,17.4,0,0,0,0.0,0
202,A,Texas A&M,LSU,Rueben Owens,Rusher,0,0,0.0,0,0,0,3,5.0,0,0,0,0.0,0
202,A,Texas A&M,LSU,E.J. Smith,Rusher,0,0,0.0,0,0,0,4,11.9,0,0,0,0.0,0
202,A,Texas A&M,LSU,Kevin Concepcion,Receiver,0,0,0.0,0,0,0,0,0.0,0,7,7,63.3,1
202,A,Texas A&M,LSU,Terry Bussey,Receiver,0,0,0.0,0,0,0,0,0.0,0,1,1,10.1,0
202,A,Texas A&M,LSU,Mario Craver,Receiver,0,0,0.0,0,0,0,0,0.0,0,5,7,69.5,1
202,A,Texas A&M,LSU,Ashton Bethel-Roman,Receiver,0,0,0.0,0,0,0,0,0.0,0,1,1,36.2,0
202,A,Texas A&M,LSU,Nate Boerkircher,Receiver,0,0,0.0,0,0,0,0,0.0,0,1,1,12.6,0
202,A,Texas A&M,LSU,Other WR,Receiver,0,0,0.0,0,0,0,0,0.0,0,4,6,35.0,0
202,A,Texas A&M,LSU,Theo Melin Ohrstrom,Receiver,0,0,0.0,0,0,0,0,0.0,0,1,2,13.0,0
202,A,Texas A&M,LSU,Amari Niblack,Receiver,0,0,0.0,0,0,0,0,0.0,0,1,2,8.5,0
203,B,Texas A&M,LSU,Marcel Reed,QB,12,9,114.1,0,0,2,0,0.0,0,0,0,0.0,0
203,B,Texas A&M,LSU,Marcel Reed,Rusher,0,0,0.0,0,0,0,15,48.4,0,0,0,0.0,0
203,B,Texas A&M,LSU,Le'Veon Moss,Rusher,0,0,0.0,0,0,0,24,114.6,2,0,0,0.0,0
203,B,Texas A&M,LSU,Miles O'Neill,Rusher,0,0,0.0,0,0,0,3,18.8,0,0,0,0.0,0
203,B,Texas A&M,LSU,Amari Daniels,Rusher,0,0,0.0,0,0,0,8,43.3,1,0,0,0.0,0
203,B,Texas A&M,LSU,E.J. Smith,Rusher,0,0,0.0,0,0,0,3,20.1,0,0,0,0.0,0
203,B,Texas A&M,LSU,Jamarion Morrow,Rusher,0,0,0.0,0,0,0,2,4.5,0,0,0,0.0,0
203,B,Texas A&M,LSU,Other WR,Receiver,0,0,0.0,0,0,0,0,0.0,0,2,3,38.9,0
203,B,Texas A&M,LSU,Mario Craver,Receiver,0,0,0.0,0,0,0,0,0.0,0,5,5,59.9,0
203,B,Texas A&M,LSU,Theo Melin Ohrstrom,Receiver,0,0,0.0,0,0,0,0,0.0,0,0,0,0.0,0
203,B,Texas A&M,LSU,Kevin Concepcion,Receiver,0,0,0.0,0,0,0,0,0.0,0,1,2,9.8,0
203,B,Texas A&M,LSU,Ashton Bethel-Roman,Receiver,0,0,0.0,0,0,0,0,0.0,0,0,1,0.0,0
203,B,Texas A&M,LSU,Nate Boerkircher,Receiver,0,0,0.0,0,0,0,0,0.0,0,1,1,5.5,0
203,B,LSU,Texas A&M,Garrett Nussmeier,QB,29,17,161.9,0,1,0,0,0.0,0,0,0,0.0,0
203,B,LSU,Texas A&M,Garrett Nussmeier,Rusher,0,0,0.0,0,0,0,2,3.1,0,0,0,0.0,0
203,B,LSU,Texas A&M,Caden Durham,Rusher,0,0,0.0,0,0,0,17,72.3,1,0,0,0.0,0
203,B,LSU,Texas A&M,Ju'Juan Johnson,Rusher,0,0,0.0,0,0,0,2,20.3,0,0,0,0.0,0
203,B,LSU,Texas A&M,Harlem Berry,Rusher,0,0,0.0,0,0,0,1,-3.6,0,0,0,0.0,0
203,B,LSU,Texas A&M,Kaleb Jackson,Rusher,0,0,0.0,0,0,0,1,-1.6,0,0,0,0.0,0
203,B,LSU,Texas A&M,Trey'Dez Green,Receiver,0,0,0.0,0,0,0,0,0.0,0,1,2,0.0,0
203,B,LSU,Texas A&M,Other WR,Receiver,0,0,0.0,0,0,0,0,0.0,0,1,3,17.5,0
203,B,LSU,Texas A&M,Zavion Thomas,Receiver,0,0,0.0,0,0,0,0,0.0,0,6,8,24.2,0
203,B,LSU,Texas A&M,Aaron Anderson,Receiver,0,0,0.0,0,0,0,0,0.0,0,4,8,60.3,0
203,B,LSU,Texas A&M,Nic Anderson,Receiver,0,0,0.0,0,0,0,0,0.0,0,1,2,7.8,0
203,B,LSU,Texas A&M,Barion Brown,Receiver,0,0,0.0,0,0,0,0,0.0,0,2,2,30.3,0
203,B,LSU,Texas A&M,Bauer Sharp,Receiver,0,0,0.0,0,0,0,0,0.0,0,0,2,0.0,0
203,B,LSU,Texas A&M,Chris Hilton Jr.,Receiver,0,0,0.0,0,0,0,0,0.0,0,1,1,14.0,0
203,B,LSU,Texas A&M,Kyle Parker,Receiver,0,0,0.0,0,0,0,0,0.0,0,1,1,7.8,0
204,A,LSU,Texas A&M,Garrett Nussmeier,QB,30,17,173.2,0,0,2,0,0.0,0,0,0,0.0,0
204,A,LSU,Texas A&M,Caden Durham,Rusher,0,0,0.0,0,0,0,13,54.5,1,0,0,0.0,0
204,A,LSU,Texas A&M,Other RB,Rusher,0,0,0.0,0,0,0,3,7.5,0,0,0,0.0,0
204,A,LSU,Texas A&M,Ju'Juan Johnson,Rusher,0,0,0.0,0,0,0,5,9.4,0,0,0,0.0,0
204,A,LSU,Texas A&M,Garrett Nussmeier,Rusher,0,0,0.0,0,0,0,2,6.0,0,0,0,0.0,0
204,A,LSU,Texas A&M,Kaleb Jackson,Rusher,0,0,0.0,0,0,0,2,-0.3,0,0,0,0.0,0
204,A,LSU,Texas A&M,Harlem Berry,Rusher,0,0,0.0,0,0,0,8,45.2,0,0,0,0.0,0
204,A,LSU,Texas A&M,Bauer Sharp,Receiver,0,0,0.0,0,0,0,0,0.0,0,2,5,44.3,0
204,A,LSU,Texas A&M,Aaron Anderson,Receiver,0,0,0.0,0,0,0,0,0.0,0,3,5,20.3,0
204,A,LSU,Texas A&M,Chris Hilton Jr.,Receiver,0,0,0.0,0,0,0,0,0.0,0,1,1,1.0,0
204,A,LSU,Texas A&M,Nic Anderson,Receiver,0,0,0.0,0,0,0,0,0.0,0,1,2,0.0,0
204,A,LSU,Texas A&M,Zavion Thomas,Receiver,0,0,0.0,0,0,0,0,0.0,0,3,6,46.3,0
204,A,LSU,Texas A&M,Barion Brown,Receiver,0,0,0.0,0,0,0,0,0.0,0,2,4,3.2,0
204,A,LSU,Texas A&M,Other WR,Receiver,0,0,0.0,0,0,0,0,0.0,0,2,3,22.8,0
204,A,LSU,Texas A&M,Kyle Parker,Receiver,0,0,0.0,0,0,0,0,0.0,0,1,1,19.2,0
204,A,LSU,Texas A&M,Trey'Dez Green,Receiver,0,0,0.0,0,0,0,0,0.0,0,2,3,16.0,0
204,A,Texas A&M,LSU,Marcel Reed,QB,17,12,117.7,1,0,2,0,0.0,0,0,0,0.0,0
204,A,Texas A&M,LSU,Amari Daniels,Rusher,0,0,0.0,0,0,0,2,8.0,0,0,0,0.0,0
204,A,Texas A&M,LSU,Le'Veon Moss,Rusher,0,0,0.0,0,0,0,13,62.9,0,0,0,0.0,0
204,A,Texas A&M,LSU,Rueben Owens,Rusher,0,0,0.0,0,0,0,1,21.1,1,0,0,0.0,0
204,A,Texas A&M,LSU,Marcel Reed,Rusher,0,0,0.0,0,0,0,10,16.1,0,0,0,0.0,0
204,A,Texas A&M,LSU,E.J. Smith,Rusher,0,0,0.0,0,0,0,4,7.1,0,0,0,0.0,0
204,A,Texas A&M,LSU,Jamarion Morrow,Rusher,0,0,0.0,0,0,0,2,5.4,0,0,0,0.0,0
204,A,Texas A&M,LSU,Miles O'Neill,Rusher,0,0,0.0,0,0,0,1,2.5,0,0,0,0.0,0
204,A,Texas A&M,LSU,Theo Melin Ohrstrom,Receiver,0,0,0.0,0,0,0,0,0.0,0,2,2,15.7,0
204,A,Texas A&M,LSU,Terry Bussey,Receiver,0,0,0.0,0,0,0,0,0.0,0,2,3,32.7,0
204,A,Texas A&M,LSU,Kevin Concepcion,Receiver,0,0,0.0,0,0,0,0,0.0,0,3,4,26.6,0
204,A,Texas A&M,LSU,Other WR,Receiver,0,0,0.0,0,0,0,0,0.0,0,3,4,30.2,1
204,A,Texas A&M,LSU,Mario Craver,Receiver,0,0,0.0,0,0,0,0,0.0,0,1,2,4.5,0
204,A,Texas A&M,LSU,Ashton Bethel-Roman,Receiver,0,0,0.0,0,0,0,0,0.0,0,0,1,0.0,0
204,A,Texas A&M,LSU,Nate Boerkircher,Receiver,0,0,0.0,0,0,0,0,0.0,0,1,1,8.0,0
205,B,Texas A&M,LSU,Marcel Reed,QB,32,22,209.5,1,0,8,0,0.0,0,0,0,0.0,0
205,B,Texas A&M,LSU,Jamarion Morrow,Rusher,0,0,0.0,0,0,0,1,6.8,0,0,0,0.0,0
205,B,Texas A&M,LSU,Le'Veon Moss,Rusher,0,0,0.0,0,0,0,11,30.5,0,0,0,0.0,0
205,B,Texas A&M,LSU,Marcel Reed,Rusher,0,0,0.0,0,0,0,2,-2.4,0,0,0,0.0,0
205,B,Texas A&M,LSU,Miles O'Neill,Rusher,0,0,0.0,0,0,0,1,-4.0,0,0,0,0.0,0
205,B,Texas A&M,LSU,Amari Daniels,Rusher,0,0,0.0,0,0,0,4,1.3,0,0,0,0.0,0
205,B,Texas A&M,LSU,Rueben Owens,Rusher,0,0,0.0,0,0,0,4,8.9,0,0,0,0.0,0
205,B,Texas A&M,LSU,E.J. Smith,Rusher,0,0,0.0,0,0,0,1,4.5,0,0,0,0.0,0
205,B,Texas A&M,LSU,Kevin Concepcion,Receiver,0,0,0.0,0,0,0,0,0.0,0,10,14,75.4,1
205,B,Texas A&M,LSU,Amari Niblack,Receiver,0,0,0.0,0,0,0,0,0.0,0,0,1,0.0,0
205,B,Texas A&M,LSU,Mario Craver,Receiver,0,0,0.0,0,0,0,0,0.0,0,2,4,5.6,0
205,B,Texas A&M,LSU,Nate Boerkircher,Receiver,0,0,0.0,0,0,0,0,0.0,0,3,4,51.0,0
205,B,Texas A&M,LSU,Other WR,Receiver,0,0,0.0,0,0,0,0,0.0,0,6,6,68.7,0
205,B,Texas A&M,LSU,Theo Melin Ohrstrom,Receiver,0,0,0.0,0,0,0,0,0.0,0,1,2,8.8,0
205,B,Texas A&M,LSU,Ashton Bethel-Roman,Receiver,0,0,0.0,0,0,0,0,0.0,0,0,1,0.0,0
205,B,Texas A&M,LSU,Terry Bussey,Receiver,0,0,0.0,0,0,0,0,0.0,0,0,0,0.0,0
205,B,LSU,Texas A&M,Garrett Nussmeier,QB,20,13,145.4,1,1,1,0,0.0,0,0,0,0.0,0
205,B,LSU,Texas A&M,Caden Durham,Rusher,0,0,0.0,0,0,0,18,83.1,2,0,0,0.0,0
205,B,LSU,Texas A&M,Kaleb Jackson,Rusher,0,0,0.0,0,0,0,2,10.9,0,0,0,0.0,0
205,B,LSU,Texas A&M,Ju'Juan Johnson,Rusher,0,0,0.0,0,0,0,6,32.1,0,0,0,0.0,0
205,B,LSU,Texas A&M,Garrett Nussmeier,Rusher,0,0,0.0,0,0,0,3,24.1,0,0,0,0.0,0
205,B,LSU,Texas A&M,Harlem Berry,Rusher,0,0,0.0,0,0,0,4,6.2,0,0,0,0.0,0
205,B,LSU,Texas A&M,Bauer Sharp,Receiver,0,0,0.0,0,0,0,0,0.0,0,3,4,23.7,0
205,B,LSU,Texas A&M,Barion Brown,Receiver,0,0,0.0,0,0,0,0,0.0,0,4,7,48.0,0
205,B,LSU,Texas A&M,Trey'Dez Green,Receiver,0,0,0.0,0,0,0,0,0.0,0,1,2,20.8,1
205,B,LSU,Texas A&M,Nic Anderson,Receiver,0,0,0.0,0,0,0,0,0.0,0,1,1,20.8,0
205,B,LSU,Texas A&M,Kyle Parker,Receiver,0,0,0.0,0,0,0,0,0.0,0,0,1,0.0,0
205,B,LSU,Texas A&M,Aaron Anderson,Receiver,0,0,0.0,0,0,0,0,0.0,0,2,2,3.7,0
205,B,LSU,Texas A&M,Other WR,Receiver,0,0,0.0,0,0,0,0,0.0,0,1,1,13.6,0
205,B,LSU,Texas A&M,Chris Hilton Jr.,Receiver,0,0,0.0,0,0,0,0,0.0,0,0,1,0.0,0
205,B,LSU,Texas A&M,Zavion Thomas,Receiver,0,0,0.0,0,0,0,0,0.0,0,1,1,14.8,0
206,A,LSU,Texas A&M,Garrett Nussmeier,QB,20,13,157.4,0,0,2,0,0.0,0,0,0,0.0,0
206,A,LSU,Texas A&M,Harlem Berry,Rusher,0,0,0.0,0,0,0,8,47.0,0,0,0,0.0,0
206,A,LSU,Texas A&M,Caden Durham,Rusher,0,0,0.0,0,0,0,14,77.8,2,0,0,0.0,0
206,A,LSU,Texas A&M,Garrett Nussmeier,Rusher,0,0,0.0,0,0,0,2,14.3,0,0,0,0.0,0
206,A,LSU,Texas A&M,Kaleb Jackson,Rusher,0,0,0.0,0,0,0,2,4.4,0,0,0,0.0,0
206,A,LSU,Texas A&M,Other RB,Rusher,0,0,0.0,0,0,0,5,12.5,0,0,0,0.0,0
206,A,LSU,Texas A&M,Ju'Juan Johnson,Rusher,0,0,0.0,0,0,0,6,47.2,1,0,0,0.0,0
206,A,LSU,Texas A&M,Other WR,Receiver,0,0,0.0,0,0,0,0,0.0,0,1,4,8.8,0
206,A,LSU,Texas A&M,Aaron Anderson,Receiver,0,0,0.0,0,0,0,0,0.0,0,2,3,32.1,0
206,A,LSU,Texas A&M,Kyle Parker,Receiver,0,0,0.0,0,0,0,0,0.0,0,2,2,6.2,0
206,A,LSU,Texas A&M,Bauer Sharp,Receiver,0,0,0.0,0,0,0,0,0.0,0,2,2,28.4,0
206,A,LSU,Texas A&M,Barion Brown,Receiver,0,0,0.0,0,0,0,0,0.0,0,4,5,63.5,0
206,A,LSU,Texas A&M,Zavion Thomas,Receiver,0,0,0.0,0,0,0,0,0.0,0,1,3,6.7,0
206,A,LSU,Texas A&M,Chris Hilton Jr.,Receiver,0,0,0.0,0,0,0,0,0.0,0,1,1,11.7,0
206,A,Texas A&M,LSU,Marcel Reed,QB,23,16,151.9,0,0,5,0,0.0,0,0,0,0.0,0
206,A,Texas A&M,LSU,Marcel Reed,Rusher,0,0,0.0,0,0,0,6,35.8,0,0,0,0.0,0
206,A,Texas A&M,LSU,Rueben Owens,Rusher,0,0,0.0,0,0,0,5,51.6,1,0,0,0.0,0
206,A,Texas A&M,LSU,Jamarion Morrow,Rusher,0,0,0.0,0,0,0,3,4.5,0,0,0,0.0,0
206,A,Texas A&M,LSU,Le'Veon Moss,Rusher,0,0,0.0,0,0,0,13,58.0,0,0,0,0.0,0
206,A,Texas A&M,LSU,Amari Daniels,Rusher,0,0,0.0,0,0,0,4,18.4,0,0,0,0.0,0
206,A,Texas A&M,LSU,Other RB,Rusher,0,0,0.0,0,0,0,1,6.9,0,0,0,0.0,0
206,A,Texas A&M,LSU,E.J. Smith,Rusher,0,0,0.0,0,0,0,1,13.6,0,0,0,0.0,0
206,A,Texas A&M,LSU,Other WR,Receiver,0,0,0.0,0,0,0,0,0.0,0,2,3,25.4,0
206,A,Texas A&M,LSU,Mario Craver,Receiver,0,0,0.0,0,0,0,0,0.0,0,5,9,70.1,0
206,A,Texas A&M,LSU,Kevin Concepcion,Receiver,0,0,0.0,0,0,0,0,0.0,0,4,4,24.8,0
206,A,Texas A&M,LSU,Amari Niblack,Receiver,0,0,0.0,0,0,0,0,0.0,0,1,2,1.3,0
206,A,Texas A&M,LSU,Ashton Bethel-Roman,Receiver,0,0,0.0,0,0,0,0,0.0,0,2,2,21.3,0
206,A,Texas A&M,LSU,Theo Melin Ohrstrom,Receiver,0,0,0.0,0,0,0,0,0.0,0,1,1,9.2,0
206,A,Texas A&M,LSU,Terry Bussey,Receiver,0,0,0.0,0,0,0,0,0.0,0,1,2,0.0,0
207,B,Texas A&M,LSU,Marcel Reed,QB,17,12,118.7,0,0,4,0,0.0,0,0,0,0.0,0
207,B,Texas A&M,LSU,Miles O'Neill,Rusher,0,0,0.0,0,0,0,2,7.5,0,0,0,0.0,0
207,B,Texas A&M,LSU,Le'Veon Moss,Rusher,0,0,0.0,0,0,0,16,64.0,0,0,0,0.0,0
207,B,Texas A&M,LSU,Amari Daniels,Rusher,0,0,0.0,0,0,0,5,22.2,0,0,0,0.0,0
207,B,Texas A&M,LSU,Jamarion Morrow,Rusher,0,0,0.0,0,0,0,2,6.4,0,0,0,0.0,0
207,B,Texas A&M,LSU,Marcel Reed,Rusher,0,0,0.0,0,0,0,9,44.9,1,0,0,0.0,0
207,B,Texas A&M,LSU,Rueben Owens,Rusher,0,0,0.0,0,0,0,3,11.4,1,0,0,0.0,0
207,B,Texas A&M,LSU,Terry Bussey,Receiver,0,0,0.0,0,0,0,0,0.0,0,1,2,0.0,0
207,B,Texas A&M,LSU,Mario Craver,Receiver,0,0,0.0,0,0,0,0,0.0,0,2,2,13.3,0
207,B,Texas A&M,LSU,Ashton Bethel-Roman,Receiver,0,0,0.0,0,0,0,0,0.0,0,2,3,9.6,0
207,B,Texas A&M,LSU,Kevin Concepcion,Receiver,0,0,0.0,0,0,0,0,0.0,0,1,1,16.4,0
207,B,Texas A&M,LSU,Other WR,Receiver,0,0,0.0,0,0,0,0,0.0,0,4,6,69.1,0
207,B,Texas A&M,LSU,Theo Melin Ohrstrom,Receiver,0,0,0.0,0,0,0,0,0.0,0,2,3,10.2,0
207,B,LSU,Texas A&M,Garrett Nussmeier,QB,31,16,169.7,1,0,2,0,0.0,0,0,0,0.0,0
207,B,LSU,Texas A&M,Caden Durham,Rusher,0,0,0.0,0,0,0,12,47.0,0,0,0,0.0,0
207,B,LSU,Texas A&M,Garrett Nussmeier,Rusher,0,0,0.0,0,0,0,2,9.7,0,0,0,0.0,0
207,B,LSU,Texas A&M,Other RB,Rusher,0,0,0.0,0,0,0,3,6.3,0,0,0,0.0,0
207,B,LSU,Texas A&M,Harlem Berry,Rusher,0,0,0.0,0,0,0,3,3.7,0,0,0,0.0,0
207,B,LSU,Texas A&M,Ju'Juan Johnson,Rusher,0,0,0.0,0,0,0,9,52.3,1,0,0,0.0,0
207,B,LSU,Texas A&M,Bauer Sharp,Receiver,0,0,0.0,0,0,0,0,0.0,0,1,3,1.4,0
207,B,LSU,Texas A&M,Other WR,Receiver,0,0,0.0,0,0,0,0,0.0,0,3,5,30.6,1
207,B,LSU,Texas A&M,Zavion Thomas,Receiver,0,0,0.0,0,0,0,0,0.0,0,2,4,15.9,0
207,B,LSU,Texas A&M,Trey'Dez Green,Receiver,0,0,0.0,0,0,0,0,0.0,0,2,4,10.7,0
207,B,LSU,Texas A&M,Barion Brown,Receiver,0,0,0.0,0,0,0,0,0.0,0,1,5,25.2,0
207,B,LSU,Texas A&M,Aaron Anderson,Receiver,0,0,0.0,0,0,0,0,0.0,0,4,5,49.9,0
207,B,LSU,Texas A&M,Kyle Parker,Receiver,0,0,0.0,0,0,0,0,0.0,0,1,3,15.8,0
207,B,LSU,Texas A&M,Nic Anderson,Receiver,0,0,0.0,0,0,0,0,0.0,0,1,1,20.1,0
207,B,LSU,Texas A&M,Chris Hilton Jr.,Receiver,0,0,0.0,0,0,0,0,0.0,0,1,1,0.0,0
208,A,LSU,Texas A&M,Garrett Nussmeier,QB,34,19,173.6,1,0,1,0,0.0,0,0,0,0.0,0
208,A,LSU,Texas A&M,Garrett Nussmeier,Rusher,0,0,0.0,0,0,0,3,4.8,0,0,0,0.0,0
208,A,LSU,Texas A&M,Caden Durham,Rusher,0,0,0.0,0,0,0,21,82.2,0,0,0,0.0,0
208,A,LSU,Texas A&M,Ju'Juan Johnson,Rusher,0,0,0.0,0,0,0,4,21.3,0,0,0,0.0,0
208,A,LSU,Texas A&M,Kaleb Jackson,Rusher,0,0,0.0,0,0,0,3,15.5,0,0,0,0.0,0
208,A,LSU,Texas A&M,Harlem Berry,Rusher,0,0,0.0,0,0,0,2,1.5,0,0,0,0.0,0
208,A,LSU,Texas A&M,Other RB,Rusher,0,0,0.0,0,0,0,3,15.1,0,0,0,0.0,0
208,A,LSU,Texas A&M,Trey'Dez Green,Receiver,0,0,0.0,0,0,0,0,0.0,0,2,2,0.0,0
208,A,LSU,Texas A&M,Barion Brown,Receiver,0,0,0.0,0,0,0,0,0.0,0,1,4,13.6,0
208,A,LSU,Texas A&M,Aaron Anderson,Receiver,0,0,0.0,0,0,0,0,0.0,0,4,8,38.6,0
208,A,LSU,Texas A&M,Kyle Parker,Receiver,0,0,0.0,0,0,0,0,0.0,0,2,3,9.6,0
208,A,LSU,Texas A&M,Other WR,Receiver,0,0,0.0,0,0,0,0,0.0,0,0,1,0.0,0
208,A,LSU,Texas A&M,Bauer Sharp,Receiver,0,0,0.0,0,0,0,0,0.0,0,3,7,28.9,0
208,A,LSU,Texas A&M,Zavion Thomas,Receiver,0,0,0.0,0,0,0,0,0.0,0,3,5,24.3,0
208,A,LSU,Texas A&M,Nic Anderson,Receiver,0,0,0.0,0,0,0,0,0.0,0,2,2,29.5,0
208,A,LSU,Texas A&M,Chris Hilton Jr.,Receiver,0,0,0.0,0,0,0,0,0.0,0,2,2,29.1,1
208,A,Texas A&M,LSU,Marcel Reed,QB,21,16,173.1,0,0,2,0,0.0,0,0,0,0.0,0
208,A,Texas A&M,LSU,E.J. Smith,Rusher,0,0,0.0,0,0,0,1,-0.2,0,0,0,0.0,0
208,A,Texas A&M,LSU,Amari Daniels,Rusher,0,0,0.0,0,0,0,6,31.2,1,0,0,0.0,0
208,A,Texas A&M,LSU,Le'Veon Moss,Rusher,0,0,0.0,0,0,0,10,86.6,2,0,0,0.0,0
208,A,Texas A&M,LSU,Marcel Reed,Rusher,0,0,0.0,0,0,0,9,42.3,1,0,0,0.0,0
208,A,Texas A&M,LSU,Miles O'Neill,Rusher,0,0,0.0,0,0,0,3,26.9,0,0,0,0.0,0
208,A,Texas A&M,LSU,Other WR,Receiver,0,0,0.0,0,0,0,0,0.0,0,1,3,23.1,0
208,A,Texas A&M,LSU,Ashton Bethel-Roman,Receiver,0,0,0.0,0,0,0,0,0.0,0,1,1,3.4,0
208,A,Texas A&M,LSU,Theo Melin Ohrstrom,Receiver,0,0,0.0,0,0,0,0,0.0,0,3,3,35.3,0
208,A,Texas A&M,LSU,Mario Craver,Receiver,0,0,0.0,0,0,0,0,0.0,0,4,5,19.7,0
208,A,Texas A&M,LSU,Kevin Concepcion,Receiver,0,0,0.0,0,0,0,0,0.0,0,5,6,61.2,0
208,A,Texas A&M,LSU,Nate Boerkircher,Receiver,0,0,0.0,0,0,0,0,0.0,0,2,2,30.3,0
208,A,Texas A&M,LSU,Terry Bussey,Receiver,0,0,0.0,0,0,0,0,0.0,0,0,1,0.0,0
209,B,Texas A&M,LSU,Marcel Reed,QB,26,17,240.3,0,0,2,0,0.0,0,0,0,0.0,0
209,B,Texas A&M,LSU,Marcel Reed,Rusher,0,0,0.0,0,0,0,10,29.6,0,0,0,0.0,0
209,B,Texas A&M,LSU,Jamarion Morrow,Rusher,0,0,0.0,0,0,0,1,6.0,0,0,0,0.0,0
209,B,Texas A&M,LSU,Rueben Owens,Rusher,0,0,0.0,0,0,0,7,41.7,1,0,0,0.0,0
209,B,Texas A&M,LSU,Amari Daniels,Rusher,0,0,0.0,0,0,0,10,60.6,1,0,0,0.0,0
209,B,Texas A&M,LSU,Le'Veon Moss,Rusher,0,0,0.0,0,0,0,13,86.2,2,0,0,0.0,0
209,B,Texas A&M,LSU,Miles O'Neill,Rusher,0,0,0.0,0,0,0,2,10.2,0,0,0,0.0,0
209,B,Texas A&M,LSU,Nate Boerkircher,Receiver,0,0,0.0,0,0,0,0,0.0,0,1,1,7.2,0
209,B,Texas A&M,LSU,Theo Melin Ohrstrom,Receiver,0,0,0.0,0,0,0,0,0.0,0,5,6,68.5,0
209,B,Texas A&M,LSU,Other WR,Receiver,0,0,0.0,0,0,0,0,0.0,0,4,7,68.0,0
209,B,Texas A&M,LSU,Kevin Concepcion,Receiver,0,0,0.0,0,0,0,0,0.0,0,2,5,23.5,0
209,B,Texas A&M,LSU,Amari Niblack,Receiver,0,0,0.0,0,0,0,0,0.0,0,1,1,23.7,0
209,B,Texas A&M,LSU,Mario Craver,Receiver,0,0,0.0,0,0,0,0,0.0,0,3,4,48.2,0
209,B,Texas A&M,LSU,Ashton Bethel-Roman,Receiver,0,0,0.0,0,0,0,0,0.0,0,1,2,1.1,0
209,B,LSU,Texas A&M,Garrett Nussmeier,QB,35,19,185.6,0,0,3,0,0.0,0,0,0,0.0,0
209,B,LSU,Texas A&M,Caden Durham,Rusher,0,0,0.0,0,0,0,10,38.5,0,0,0,0.0,0
209,B,LSU,Texas A&M,Harlem Berry,Rusher,0,0,0.0,0,0,0,3,2.8,0,0,0,0.0,0
209,B,LSU,Texas A&M,Kaleb Jackson,Rusher,0,0,0.0,0,0,0,3,13.4,1,0,0,0.0,0
209,B,LSU,Texas A&M,Ju'Juan Johnson,Rusher,0,0,0.0,0,0,0,4,18.3,1,0,0,0.0,0
209,B,LSU,Texas A&M,Nic Anderson,Receiver,0,0,0.0,0,0,0,0,0.0,0,1,3,2.8,0
209,B,LSU,Texas A&M,Aaron Anderson,Receiver,0,0,0.0,0,0,0,0,0.0,0,4,6,48.7,0
209,B,LSU,Texas A&M,Zavion Thomas,Receiver,0,0,0.0,0,0,0,0,0.0,0,3,7,34.9,0
209,B,LSU,Texas A&M,Kyle Parker,Receiver,0,0,0.0,0,0,0,0,0.0,0,2,3,20.6,0
209,B,LSU,Texas A&M,Other WR,Receiver,0,0,0.0,0,0,0,0,0.0,0,3,4,6.7,0
209,B,LSU,Texas A&M,Barion Brown,Receiver,0,0,0.0,0,0,0,0,0.0,0,4,6,43.6,0
209,B,LSU,Texas A&M,Bauer Sharp,Receiver,0,0,0.0,0,0,0,0,0.0,0,2,5,28.4,0
209,B,LSU,Texas A&M,Trey'Dez Green,Receiver,0,0,0.0,0,0,0,0,0.0,0,0,1,0.0,0
210,A,LSU,Texas A&M,Garrett Nussmeier,QB,28,13,115.8,0,0,1,0,0.0,0,0,0,0.0,0
210,A,LSU,Texas A&M,Ju'Juan Johnson,Rusher,0,0,0.0,0,0,0,6,26.5,1,0,0,0.0,0
210,A,LSU,Texas A&M,Caden Durham,Rusher,0,0,0.0,0,0,0,13,57.1,0,0,0,0.0,0
210,A,LSU,Texas A&M,Harlem Berry,Rusher,0,0,0.0,0,0,0,5,12.2,0,0,0,0.0,0
210,A,LSU,Texas A&M,Other RB,Rusher,0,0,0.0,0,0,0,2,13.9,0,0,0,0.0,0
210,A,LSU,Texas A&M,Kaleb Jackson,Rusher,0,0,0.0,0,0,0,1,6.9,0,0,0,0.0,0
210,A,LSU,Texas A&M,Zavion Thomas,Receiver,0,0,0.0,0,0,0,0,0.0,0,2,6,2.6,0
210,A,LSU,Texas A&M,Bauer Sharp,Receiver,0,0,0.0,0,0,0,0,0.0,0,4,6,82.7,0
210,A,LSU,Texas A&M,Aaron Anderson,Receiver,0,0,0.0,0,0,0,0,0.0,0,1,3,0.0,0
210,A,LSU,Texas A&M,Trey'Dez Green,Receiver,0,0,0.0,0,0,0,0,0.0,0,4,8,17.3,0
210,A,LSU,Texas A&M,Nic Anderson,Receiver,0,0,0.0,0,0,0,0,0.0,0,1,3,13.2,0
210,A,LSU,Texas A&M,Chris Hilton Jr.,Receiver,0,0,0.0,0,0,0,0,0.0,0,0,0,0.0,0
210,A,LSU,Texas A&M,Barion Brown,Receiver,0,0,0.0,0,0,0,0,0.0,0,1,2,0.0,0
210,A,Texas A&M,LSU,Marcel Reed,QB,19,11,126.2,0,0,3,0,0.0,0,0,0,0.0,0
210,A,Texas A&M,LSU,Marcel Reed,Rusher,0,0,0.0,0,0,0,8,65.9,0,0,0,0.0,0
210,A,Texas A&M,LSU,Le'Veon Moss,Rusher,0,0,0.0,0,0,0,18,107.6,2,0,0,0.0,0
210,A,Texas A&M,LSU,E.J. Smith,Rusher,0,0,0.0,0,0,0,5,10.1,0,0,0,0.0,0
210,A,Texas A&M,LSU,Jamarion Morrow,Rusher,0,0,0.0,0,0,0,4,6.6,0,0,0,0.0,0
210,A,Texas A&M,LSU,Rueben Owens,Rusher,0,0,0.0,0,0,0,3,9.0,0,0,0,0.0,0
210,A,Texas A&M,LSU,Amari Daniels,Rusher,0,0,0.0,0,0,0,4,22.7,1,0,0,0.0,0
210,A,Texas A&M,LSU,Theo Melin Ohrstrom,Receiver,0,0,0.0,0,0,0,0,0.0,0,2,3,13.1,0
210,A,Texas A&M,LSU,Kevin Concepcion,Receiver,0,0,0.0,0,0,0,0,0.0,0,3,5,52.6,0
210,A,Texas A&M,LSU,Nate Boerkircher,Receiver,0,0,0.0,0,0,0,0,0.0,0,1,3,0.2,0
210,A,Texas A&M,LSU,Other WR,Receiver,0,0,0.0,0,0,0,0,0.0,0,1,2,21.9,0
210,A,Texas A&M,LSU,Terry Bussey,Receiver,0,0,0.0,0,0,0,0,0.0,0,1,2,19.0,0
210,A,Texas A&M,LSU,Mario Craver,Receiver,0,0,0.0,0,0,0,0,0.0,0,2,3,17.8,0
210,A,Texas A&M,LSU,Amari Niblack,Receiver,0,0,0.0,0,0,0,0,0.0,0,1,1,1.5,0
211,B,Texas A&M,LSU,Marcel Reed,QB,27,19,260.7,1,0,3,0,0.0,0,0,0,0.0,0
211,B,Texas A&M,LSU,Le'Veon Moss,Rusher,0,0,0.0,0,0,0,14,50.1,1,0,0,0.0,0
211,B,Texas A&M,LSU,Marcel Reed,Rusher,0,0,0.0,0,0,0,4,32.4,1,0,0,0.0,0
211,B,Texas A&M,LSU,E.J. Smith,Rusher,0,0,0.0,0,0,0,2,3.5,0,0,0,0.0,0
211,B,Texas A&M,LSU,Amari Daniels,Rusher,0,0,0.0,0,0,0,4,5.1,0,0,0,0.0,0
211,B,Texas A&M,LSU,Jamarion Morrow,Rusher,0,0,0.0,0,0,0,1,8.1,0,0,0,0.0,0
211,B,Texas A&M,LSU,Miles O'Neill,Rusher,0,0,0.0,0,0,0,2,8.0,0,0,0,0.0,0
211,B,Texas A&M,LSU,Rueben Owens,Rusher,0,0,0.0,0,0,0,1,7.6,0,0,0,0.0,0
211,B,Texas A&M,LSU,Terry Bussey,Receiver,0,0,0.0,0,0,0,0,0.0,0,4,5,36.9,0
211,B,Texas A&M,LSU,Mario Craver,Receiver,0,0,0.0,0,0,0,0,0.0,0,5,8,62.9,0
211,B,Texas A&M,LSU,Nate Boerkircher,Receiver,0,0,0.0,0,0,0,0,0.0,0,3,4,39.0,0
211,B,Texas A&M,LSU,Kevin Concepcion,Receiver,0,0,0.0,0,0,0,0,0.0,0,2,2,23.5,0
211,B,Texas A&M,LSU,Other WR,Receiver,0,0,0.0,0,0,0,0,0.0,0,3,4,48.4,1
211,B,Texas A&M,LSU,Theo Melin Ohrstrom,Receiver,0,0,0.0,0,0,0,0,0.0,0,1,3,26.1,0
211,B,Texas A&M,LSU,Amari Niblack,Receiver,0,0,0.0,0,0,0,0,0.0,0,0,0,0.0,0
211,B,Texas A&M,LSU,Ashton Bethel-Roman,Receiver,0,0,0.0,0,0,0,0,0.0,0,1,1,24.0,0
211,B,LSU,Texas A&M,Garrett Nussmeier,QB,29,22,267.9,2,0,1,0,0.0,0,0,0,0.0,0
211,B,LSU,Texas A&M,Caden Durham,Rusher,0,0,0.0,0,0,0,15,29.4,1,0,0,0.0,0
211,B,LSU,Texas A&M,Garrett Nussmeier,Rusher,0,0,0.0,0,0,0,6,16.5,0,0,0,0.0,0
211,B,LSU,Texas A&M,Kaleb Jackson,Rusher,0,0,0.0,0,0,0,3,17.8,0,0,0,0.0,0
211,B,LSU,Texas A&M,Ju'Juan Johnson,Rusher,0,0,0.0,0,0,0,7,42.7,0,0,0,0.0,0
211,B,LSU,Texas A&M,Harlem Berry,Rusher,0,0,0.0,0,0,0,4,12.9,0,0,0,0.0,0
211,B,LSU,Texas A&M,Nic Anderson,Receiver,0,0,0.0,0,0,0,0,0.0,0,1,2,30.8,0
211,B,LSU,Texas A&M,Chris Hilton Jr.,Receiver,0,0,0.0,0,0,0,0,0.0,0,1,3,3.9,0
211,B,LSU,Texas A&M,Kyle Parker,Receiver,0,0,0.0,0,0,0,0,0.0,0,3,3,44.8,1
211,B,LSU,Texas A&M,Zavion Thomas,Receiver,0,0,0.0,0,0,0,0,0.0,0,4,6,16.4,0
211,B,LSU,Texas A&M,Bauer Sharp,Receiver,0,0,0.0,0,0,0,0,0.0,0,3,3,42.7,1
211,B,LSU,Texas A&M,Barion Brown,Receiver,0,0,0.0,0,0,0,0,0.0,0,3,4,34.3,0
211,B,LSU,Texas A&M,Aaron Anderson,Receiver,0,0,0.0,0,0,0,0,0.0,0,5,6,60.8,0
211,B,LSU,Texas A&M,Trey'Dez Green,Receiver,0,0,0.0,0,0,0,0,0.0,0,1,1,25.1,0
211,B,LSU,Texas A&M,Other WR,Receiver,0,0,0.0,0,0,0,0,0.0,0,1,1,9.0,0
212,A,LSU,Texas A&M,Garrett Nussmeier,QB,36,17,215.9,2,1,4,0,0.0,0,0,0,0.0,0
212,A,LSU,Texas A&M,Ju'Juan Johnson,Rusher,0,0,0.0,0,0,0,5,20.8,1,0,0,0.0,0
212,A,LSU,Texas A&M,Caden Durham,Rusher,0,0,0.0,0,0,0,13,33.6,0,0,0,0.0,0
212,A,LSU,Texas A&M,Garrett Nussmeier,Rusher,0,0,0.0,0,0,0,3,26.0,0,0,0,0.0,0
212,A,LSU,Texas A&M,Other RB,Rusher,0,0,0.0,0,0,0,3,-6.1,0,0,0,0.0,0
212,A,LSU,Texas A&M,Barion Brown,Receiver,0,0,0.0,0,0,0,0,0.0,0,3,7,33.6,0
212,A,LSU,Texas A&M,Bauer Sharp,Receiver,0,0,0.0,0,0,0,0,0.0,0,3,4,61.3,2
212,A,LSU,Texas A&M,Zavion Thomas,Receiver,0,0,0.0,0,0,0,0,0.0,0,3,5,34.7,0
212,A,LSU,Texas A&M,Aaron Anderson,Receiver,0,0,0.0,0,0,0,0,0.0,0,3,9,39.5,0
212,A,LSU,Texas A&M,Chris Hilton Jr.,Receiver,0,0,0.0,0,0,0,0,0.0,0,1,1,11.8,0
212,A,LSU,Texas A&M,Nic Anderson,Receiver,0,0,0.0,0,0,0,0,0.0,0,2,4,27.1,0
212,A,LSU,Texas A&M,Trey'Dez Green,Receiver,0,0,0.0,0,0,0,0,0.0,0,1,2,0.0,0
212,A,LSU,Texas A&M,Other WR,Receiver,0,0,0.0,0,0,0,0,0.0,0,1,3,8.0,0
212,A,LSU,Texas A&M,Kyle Parker,Receiver,0,0,0.0,0,0,0,0,0.0,0,0,1,0.0,0
212,A,Texas A&M,LSU,Marcel Reed,QB,24,15,130.3,0,0,1,0,0.0,0,0,0,0.0,0
212,A,Texas A&M,LSU,Miles O'Neill,Rusher,0,0,0.0,0,0,0,2,11.1,0,0,0,0.0,0
212,A,Texas A&M,LSU,Marcel Reed,Rusher,0,0,0.0,0,0,0,7,66.5,0,0,0,0.0,0
212,A,Texas A&M,LSU,Le'Veon Moss,Rusher,0,0,0.0,0,0,0,16,87.5,4,0,0,0.0,0
212,A,Texas A&M,LSU,Rueben Owens,Rusher,0,0,0.0,0,0,0,7,23.1,0,0,0,0.0,0
212,A,Texas A&M,LSU,Amari Daniels,Rusher,0,0,0.0,0,0,0,3,-0.2,0,0,0,0.0,0
212,A,Texas A&M,LSU,Jamarion Morrow,Rusher,0,0,0.0,0,0,0,1,0.6,0,0,0,0.0,0
212,A,Texas A&M,LSU,E.J. Smith,Rusher,0,0,0.0,0,0,0,1,-4.0,0,0,0,0.0,0
212,A,Texas A&M,LSU,Kevin Concepcion,Receiver,0,0,0.0,0,0,0,0,0.0,0,7,10,82.3,0
212,A,Texas A&M,LSU,Terry Bussey,Receiver,0,0,0.0,0,0,0,0,0.0,0,1,3,4.6,0
212,A,Texas A&M,LSU,Mario Craver,Receiver,0,0,0.0,0,0,0,0,0.0,0,4,6,25.1,0
212,A,Texas A&M,LSU,Nate Boerkircher,Receiver,0,0,0.0,0,0,0,0,0.0,0,1,1,0.0,0
212,A,Texas A&M,LSU,Other WR,Receiver,0,0,0.0,0,0,0,0,0.0,0,2,3,18.4,0
212,A,Texas A&M,LSU,Theo Melin Ohrstrom,Receiver,0,0,0.0,0,0,0,0,0.0,0,0,1,0.0,0
212,A,Texas A&M,LSU,Ashton Bethel-Roman,Receiver,0,0,0.0,0,0,0,0,0.0,0,0,0,0.0,0
213,B,Texas A&M,LSU,Marcel Reed,QB,20,13,83.1,0,0,6,0,0.0,0,0,0,0.0,0
213,B,Texas A&M,LSU,Amari Daniels,Rusher,0,0,0.0,0,0,0,2,-0.3,0,0,0,0.0,0
213,B,Texas A&M,LSU,Rueben Owens,Rusher,0,0,0.0,0,0,0,4,-0.5,0,0,0,0.0,0
213,B,Texas A&M,LSU,Le'Veon Moss,Rusher,0,0,0.0,0,0,0,8,25.4,0,0,0,0.0,0
213,B,Texas A&M,LSU,Marcel Reed,Rusher,0,0,0.0,0,0,0,3,3.6,0,0,0,0.0,0
213,B,Texas A&M,LSU,E.J. Smith,Rusher,0,0,0.0,0,0,0,1,1.6,0,0,0,0.0,0
213,B,Texas A&M,LSU,Terry Bussey,Receiver,0,0,0.0,0,0,0,0,0.0,0,1,1,2.4,0
213,B,Texas A&M,LSU,Other WR,Receiver,0,0,0.0,0,0,0,0,0.0,0,4,4,33.7,0
213,B,Texas A&M,LSU,Kevin Concepcion,Receiver,0,0,0.0,0,0,0,0,0.0,0,4,5,14.4,0
213,B,Texas A&M,LSU,Mario Craver,Receiver,0,0,0.0,0,0,0,0,0.0,0,2,4,18.8,0
213,B,Texas A&M,LSU,Theo Melin Ohrstrom,Receiver,0,0,0.0,0,0,0,0,0.0,0,2,5,13.8,0
213,B,Texas A&M,LSU,Amari Niblack,Receiver,0,0,0.0,0,0,0,0,0.0,0,0,0,0.0,0
213,B,Texas A&M,LSU,Ashton Bethel-Roman,Receiver,0,0,0.0,0,0,0,0,0.0,0,0,1,0.0,0
213,B,LSU,Texas A&M,Garrett Nussmeier,QB,29,14,143.2,0,0,1,0,0.0,0,0,0,0.0,0
213,B,LSU,Texas A&M,Caden Durham,Rusher,0,0,0.0,0,0,0,22,74.7,0,0,0,0.0,0
213,B,LSU,Texas A&M,Ju'Juan Johnson,Rusher,0,0,0.0,0,0,0,7,18.4,0,0,0,0.0,0
213,B,LSU,Texas A&M,Harlem Berry,Rusher,0,0,0.0,0,0,0,5,11.1,0,0,0,0.0,0
213,B,LSU,Texas A&M,Garrett Nussmeier,Rusher,0,0,0.0,0,0,0,3,25.1,0,0,0,0.0,0
213,B,LSU,Texas A&M,Kaleb Jackson,Rusher,0,0,0.0,0,0,0,3,6.2,0,0,0,0.0,0
213,B,LSU,Texas A&M,Other RB,Rusher,0,0,0.0,0,0,0,3,10.4,0,0,0,0.0,0
213,B,LSU,Texas A&M,Bauer Sharp,Receiver,0,0,0.0,0,0,0,0,0.0,0,2,4,34.1,0
213,B,LSU,Texas A&M,Other WR,Receiver,0,0,0.0,0,0,0,0,0.0,0,1,3,9.7,0
213,B,LSU,Texas A&M,Aaron Anderson,Receiver,0,0,0.0,0,0,0,0,0.0,0,1,4,0.0,0
213,B,LSU,Texas A&M,Trey'Dez Green,Receiver,0,0,0.0,0,0,0,0,0.0,0,1,3,16.4,0
213,B,LSU,Texas A&M,Barion Brown,Receiver,0,0,0.0,0,0,0,0,0.0,0,6,7,57.3,0
213,B,LSU,Texas A&M,Chris Hilton Jr.,Receiver,0,0,0.0,0,0,0,0,0.0,0,1,1,0.0,0
213,B,LSU,Texas A&M,Kyle Parker,Receiver,0,0,0.0,0,0,0,0,0.0,0,2,3,25.7,0
213,B,LSU,Texas A&M,Zavion Thomas,Receiver,0,0,0.0,0,0,0,0,0.0,0,0,2,0.0,0
213,B,LSU,Texas A&M,Nic Anderson,Receiver,0,0,0.0,0,0,0,0,0.0,0,0,2,0.0,0
214,A,LSU,Texas A&M,Garrett Nussmeier,QB,20,11,97.4,1,0,2,0,0.0,0,0,0,0.0,0
214,A,LSU,Texas A&M,Caden Durham,Rusher,0,0,0.0,0,0,0,11,72.4,1,0,0,0.0,0
214,A,LSU,Texas A&M,Harlem Berry,Rusher,0,0,0.0,0,0,0,4,21.7,0,0,0,0.0,0
214,A,LSU,Texas A&M,Garrett Nussmeier,Rusher,0,0,0.0,0,0,0,2,10.9,0,0,0,0.0,0
214,A,LSU,Texas A&M,Other RB,Rusher,0,0,0.0,0,0,0,4,27.1,0,0,0,0.0,0
214,A,LSU,Texas A&M,Ju'Juan Johnson,Rusher,0,0,0.0,0,0,0,6,28.2,0,0,0,0.0,0
214,A,LSU,Texas A&M,Aaron Anderson,Receiver,0,0,0.0,0,0,0,0,0.0,0,2,6,32.9,1
214,A,LSU,Texas A&M,Barion Brown,Receiver,0,0,0.0,0,0,0,0,0.0,0,5,6,42.4,0
214,A,LSU,Texas A&M,Bauer Sharp,Receiver,0,0,0.0,0,0,0,0,0.0,0,0,1,0.0,0
214,A,LSU,Texas A&M,Kyle Parker,Receiver,0,0,0.0,0,0,0,0,0.0,0,2,3,6.9,0
214,A,LSU,Texas A&M,Other WR,Receiver,0,0,0.0,0,0,0,0,0.0,0,1,2,12.2,0
214,A,LSU,Texas A&M,Zavion Thomas,Receiver,0,0,0.0,0,0,0,0,0.0,0,0,1,0.0,0
214,A,LSU,Texas A&M,Trey'Dez Green,Receiver,0,0,0.0,0,0,0,0,0.0,0,1,1,3.0,0
214,A,Texas A&M,LSU,Marcel Reed,QB,28,15,140.1,1,0,4,0,0.0,0,0,0,0.0,0
214,A,Texas A&M,LSU,Le'Veon Moss,Rusher,0,0,0.0,0,0,0,13,67.7,0,0,0,0.0,0
214,A,Texas A&M,LSU,Miles O'Neill,Rusher,0,0,0.0,0,0,0,4,13.2,0,0,0,0.0,0
214,A,Texas A&M,LSU,Marcel Reed,Rusher,0,0,0.0,0,0,0,6,25.2,0,0,0,0.0,0
214,A,Texas A&M,LSU,Rueben Owens,Rusher,0,0,0.0,0,0,0,5,24.3,0,0,0,0.0,0
214,A,Texas A&M,LSU,Amari Daniels,Rusher,0,0,0.0,0,0,0,8,33.4,0,0,0,0.0,0
214,A,Texas A&M,LSU,E.J. Smith,Rusher,0,0,0.0,0,0,0,1,4.8,0,0,0,0.0,0
214,A,Texas A&M,LSU,Jamarion Morrow,Rusher,0,0,0.0,0,0,0,1,8.6,0,0,0,0.0,0
214,A,Texas A&M,LSU,Theo Melin Ohrstrom,Receiver,0,0,0.0,0,0,0,0,0.0,0,2,4,6.7,0
214,A,Texas A&M,LSU,Nate Boerkircher,Receiver,0,0,0.0,0,0,0,0,0.0,0,1,1,2.0,0
214,A,Texas A&M,LSU,Other WR,Receiver,0,0,0.0,0,0,0,0,0.0,0,5,7,72.0,0
214,A,Texas A&M,LSU,Amari Niblack,Receiver,0,0,0.0,0,0,0,0,0.0,0,2,2,20.9,0
214,A,Texas A&M,LSU,Kevin Concepcion,Receiver,0,0,0.0,0,0,0,0,0.0,0,3,6,21.3,0
214,A,Texas A&M,LSU,Mario Craver,Receiver,0,0,0.0,0,0,0,0,0.0,0,1,7,15.3,1
214,A,Texas A&M,LSU,Terry Bussey,Receiver,0,0,0.0,0,0,0,0,0.0,0,1,1,2.0,0
215,B,Texas A&M,LSU,Marcel Reed,QB,21,18,133.7,0,0,3,0,0.0,0,0,0,0.0,0
215,B,Texas A&M,LSU,Amari Daniels,Rusher,0,0,0.0,0,0,0,7,9.4,1,0,0,0.0,0
215,B,Texas A&M,LSU,Marcel Reed,Rusher,0,0,0.0,0,0,0,6,13.3,0,0,0,0.0,0
215,B,Texas A&M,LSU,Miles O'Neill,Rusher,0,0,0.0,0,0,0,1,5.4,0,0,0,0.0,0
215,B,Texas A&M,LSU,Rueben Owens,Rusher,0,0,0.0,0,0,0,6,36.4,0,0,0,0.0,0
215,B,Texas A&M,LSU,Le'Veon Moss,Rusher,0,0,0.0,0,0,0,9,30.1,0,0,0,0.0,0
215,B,Texas A&M,LSU,E.J. Smith,Rusher,0,0,0.0,0,0,0,1,2.8,0,0,0,0.0,0
215,B,Texas A&M,LSU,Mario Craver,Receiver,0,0,0.0,0,0,0,0,0.0,0,2,3,15.4,0
215,B,Texas A&M,LSU,Kevin Concepcion,Receiver,0,0,0.0,0,0,0,0,0.0,0,3,3,14.7,0
215,B,Texas A&M,LSU,Nate Boerkircher,Receiver,0,0,0.0,0,0,0,0,0.0,0,3,3,8.3,0
215,B,Texas A&M,LSU,Ashton Bethel-Roman,Receiver,0,0,0.0,0,0,0,0,0.0,0,3,4,15.2,0
215,B,Texas A&M,LSU,Other WR,Receiver,0,0,0.0,0,0,0,0,0.0,0,3,3,52.5,0
215,B,Texas A&M,LSU,Theo Melin Ohrstrom,Receiver,0,0,0.0,0,0,0,0,0.0,0,3,4,22.0,0
215,B,Texas A&M,LSU,Terry Bussey,Receiver,0,0,0.0,0,0,0,0,0.0,0,1,1,5.6,0
215,B,LSU,Texas A&M,Garrett Nussmeier,QB,26,13,164.4,0,0,1,0,0.0,0,0,0,0.0,0
215,B,LSU,Texas A&M,Caden Durham,Rusher,0,0,0.0,0,0,0,20,101.4,1,0,0,0.0,0
215,B,LSU,Texas A&M,Ju'Juan Johnson,Rusher,0,0,0.0,0,0,0,8,6.5,0,0,0,0.0,0
215,B,LSU,Texas A&M,Kaleb Jackson,Rusher,0,0,0.0,0,0,0,6,35.6,0,0,0,0.0,0
215,B,LSU,Texas A&M,Garrett Nussmeier,Rusher,0,0,0.0,0,0,0,1,0.1,0,0,0,0.0,0
215,B,LSU,Texas A&M,Harlem Berry,Rusher,0,0,0.0,0,0,0,2,14.5,0,0,0,0.0,0
215,B,LSU,Texas A&M,Barion Brown,Receiver,0,0,0.0,0,0,0,0,0.0,0,2,5,35.5,0
215,B,LSU,Texas A&M,Chris Hilton Jr.,Receiver,0,0,0.0,0,0,0,0,0.0,0,1,2,24.2,0
215,B,LSU,Texas A&M,Bauer Sharp,Receiver,0,0,0.0,0,0,0,0,0.0,0,3,5,40.8,0
215,B,LSU,Texas A&M,Other WR,Receiver,0,0,0.0,0,0,0,0,0.0,0,1,1,22.9,0
215,B,LSU,Texas A&M,Kyle Parker,Receiver,0,0,0.0,0,0,0,0,0.0,0,1,2,13.4,0
215,B,LSU,Texas A&M,Nic Anderson,Receiver,0,0,0.0,0,0,0,0,0.0,0,1,2,7.2,0
215,B,LSU,Texas A&M,Aaron Anderson,Receiver,0,0,0.0,0,0,0,0,0.0,0,2,6,12.1,0
215,B,LSU,Texas A&M,Trey'Dez Green,Receiver,0,0,0.0,0,0,0,0,0.0,0,1,2,0.0,0
215,B,LSU,Texas A&M,Zavion Thomas,Receiver,0,0,0.0,0,0,0,0,0.0,0,1,1,8.4,0
216,A,LSU,Texas A&M,Garrett Nussmeier,QB,32,14,125.1,1,0,3,0,0.0,0,0,0,0.0,0
216,A,LSU,Texas A&M,Harlem Berry,Rusher,0,0,0.0,0,0,0,5,10.2,0,0,0,0.0,0
216,A,LSU,Texas A&M,Caden Durham,Rusher,0,0,0.0,0,0,0,18,72.0,0,0,0,0.0,0
216,A,LSU,Texas A&M,Ju'Juan Johnson,Rusher,0,0,0.0,0,0,0,5,13.1,0,0,0,0.0,0
216,A,LSU,Texas A&M,Other RB,Rusher,0,0,0.0,0,0,0,4,14.5,0,0,0,0.0,0
216,A,LSU,Texas A&M,Trey'Dez Green,Receiver,0,0,0.0,0,0,0,0,0.0,0,1,4,14.5,0
216,A,LSU,Texas A&M,Bauer Sharp,Receiver,0,0,0.0,0,0,0,0,0.0,0,1,3,10.7,0
216,A,LSU,Texas A&M,Kyle Parker,Receiver,0,0,0.0,0,0,0,0,0.0,0,2,3,30.9,0
216,A,LSU,Texas A&M,Zavion Thomas,Receiver,0,0,0.0,0,0,0,0,0.0,0,3,6,10.8,0
216,A,LSU,Texas A&M,Barion Brown,Receiver,0,0,0.0,0,0,0,0,0.0,0,5,7,6.4,0
216,A,LSU,Texas A&M,Chris Hilton Jr.,Receiver,0,0,0.0,0,0,0,0,0.0,0,1,2,23.8,1
216,A,LSU,Texas A&M,Aaron Anderson,Receiver,0,0,0.0,0,0,0,0,0.0,0,1,4,28.0,0
216,A,LSU,Texas A&M,Other WR,Receiver,0,0,0.0,0,0,0,0,0.0,0,0,1,0.0,0
216,A,LSU,Texas A&M,Nic Anderson,Receiver,0,0,0.0,0,0,0,0,0.0,0,0,2,0.0,0
216,A,Texas A&M,LSU,Marcel Reed,QB,19,14,87.7,0,0,5,0,0.0,0,0,0,0.0,0
216,A,Texas A&M,LSU,Le'Veon Moss,Rusher,0,0,0.0,0,0,0,13,45.7,1,0,0,0.0,0
216,A,Texas A&M,LSU,Amari Daniels,Rusher,0,0,0.0,0,0,0,3,2.9,0,0,0,0.0,0
216,A,Texas A&M,LSU,Marcel Reed,Rusher,0,0,0.0,0,0,0,9,37.2,0,0,0,0.0,0
216,A,Texas A&M,LSU,E.J. Smith,Rusher,0,0,0.0,0,0,0,2,27.9,1,0,0,0.0,0
216,A,Texas A&M,LSU,Jamarion Morrow,Rusher,0,0,0.0,0,0,0,1,8.3,0,0,0,0.0,0
216,A,Texas A&M,LSU,Rueben Owens,Rusher,0,0,0.0,0,0,0,4,16.1,0,0,0,0.0,0
216,A,Texas A&M,LSU,Terry Bussey,Receiver,0,0,0.0,0,0,0,0,0.0,0,2,2,23.6,0
216,A,Texas A&M,LSU,Other WR,Receiver,0,0,0.0,0,0,0,0,0.0,0,3,5,3.8,0
216,A,Texas A&M,LSU,Kevin Concepcion,Receiver,0,0,0.0,0,0,0,0,0.0,0,2,3,29.8,0
216,A,Texas A&M,LSU,Mario Craver,Receiver,0,0,0.0,0,0,0,0,0.0,0,5,6,17.4,0
216,A,Texas A&M,LSU,Theo Melin Ohrstrom,Receiver,0,0,0.0,0,0,0,0,0.0,0,1,1,1.1,0
216,A,Texas A&M,LSU,Nate Boerkircher,Receiver,0,0,0.0,0,0,0,0,0.0,0,1,2,12.0,0
217,B,Texas A&M,LSU,Marcel Reed,QB,25,21,195.7,0,0,5,0,0.0,0,0,0,0.0,0
217,B,Texas A&M,LSU,Marcel Reed,Rusher,0,0,0.0,0,0,0,12,29.9,0,0,0,0.0,0
217,B,Texas A&M,LSU,Amari Daniels,Rusher,0,0,0.0,0,0,0,6,7.4,0,0,0,0.0,0
217,B,Texas A&M,LSU,Le'Veon Moss,Rusher,0,0,0.0,0,0,0,10,54.4,0,0,0,0.0,0
217,B,Texas A&M,LSU,Rueben Owens,Rusher,0,0,0.0,0,0,0,7,49.4,1,0,0,0.0,0
217,B,Texas A&M,LSU,E.J. Smith,Rusher,0,0,0.0,0,0,0,1,18.0,1,0,0,0.0,0
217,B,Texas A&M,LSU,Mario Craver,Receiver,0,0,0.0,0,0,0,0,0.0,0,4,6,43.3,0
217,B,Texas A&M,LSU,Theo Melin Ohrstrom,Receiver,0,0,0.0,0,0,0,0,0.0,0,5,5,42.3,0
217,B,Texas A&M,LSU,Other WR,Receiver,0,0,0.0,0,0,0,0,0.0,0,3,3,33.4,0
217,B,Texas A&M,LSU,Terry Bussey,Receiver,0,0,0.0,0,0,0,0,0.0,0,0,0,0.0,0
217,B,Texas A&M,LSU,Ashton Bethel-Roman,Receiver,0,0,0.0,0,0,0,0,0.0,0,4,6,36.1,0
217,B,Texas A&M,LSU,Kevin Concepcion,Receiver,0,0,0.0,0,0,0,0,0.0,0,3,3,23.1,0
217,B,Texas A&M,LSU,Nate Boerkircher,Receiver,0,0,0.0,0,0,0,0,0.0,0,1,1,4.6,0
217,B,Texas A&M,LSU,Amari Niblack,Receiver,0,0,0.0,0,0,0,0,0.0,0,1,1,13.0,0
217,B,LSU,Texas A&M,Garrett Nussmeier,QB,26,16,177.9,2,0,5,0,0.0,0,0,0,0.0,0
217,B,LSU,Texas A&M,Harlem Berry,Rusher,0,0,0.0,0,0,0,5,19.6,0,0,0,0.0,0
217,B,LSU,Texas A&M,Garrett Nussmeier,Rusher,0,0,0.0,0,0,0,2,-3.2,0,0,0,0.0,0
217,B,LSU,Texas A&M,Ju'Juan Johnson,Rusher,0,0,0.0,0,0,0,2,-2.7,0,0,0,0.0,0
217,B,LSU,Texas A&M,Caden Durham,Rusher,0,0,0.0,0,0,0,9,35.6,0,0,0,0.0,0
217,B,LSU,Texas A&M,Other RB,Rusher,0,0,0.0,0,0,0,3,-1.3,0,0,0,0.0,0
217,B,LSU,Texas A&M,Aaron Anderson,Receiver,0,0,0.0,0,0,0,0,0.0,0,4,6,58.8,2
217,B,LSU,Texas A&M,Zavion Thomas,Receiver,0,0,0.0,0,0,0,0,0.0,0,4,5,25.3,0
217,B,LSU,Texas A&M,Kyle Parker,Receiver,0,0,0.0,0,0,0,0,0.0,0,1,1,6.6,0
217,B,LSU,Texas A&M,Bauer Sharp,Receiver,0,0,0.0,0,0,0,0,0.0,0,1,4,14.3,0
217,B,LSU,Texas A&M,Barion Brown,Receiver,0,0,0.0,0,0,0,0,0.0,0,0,2,0.0,0
217,B,LSU,Texas A&M,Chris Hilton Jr.,Receiver,0,0,0.0,0,0,0,0,0.0,0,0,0,0.0,0
217,B,LSU,Texas A&M,Nic Anderson,Receiver,0,0,0.0,0,0,0,0,0.0,0,2,3,31.2,0
217,B,LSU,Texas A&M,Other WR,Receiver,0,0,0.0,0,0,0,0,0.0,0,4,4,41.6,0
217,B,LSU,Texas A&M,Trey'Dez Green,Receiver,0,0,0.0,0,0,0,0,0.0,0,0,1,0.0,0
218,A,LSU,Texas A&M,Garrett Nussmeier,QB,18,13,136.9,0,0,1,0,0.0,0,0,0,0.0,0
218,A,LSU,Texas A&M,Ju'Juan Johnson,Rusher,0,0,0.0,0,0,0,9,30.4,0,0,0,0.0,0
218,A,LSU,Texas A&M,Kaleb Jackson,Rusher,0,0,0.0,0,0,0,3,34.5,0,0,0,0.0,0
218,A,LSU,Texas A&M,Harlem Berry,Rusher,0,0,0.0,0,0,0,5,27.3,0,0,0,0.0,0
218,A,LSU,Texas A&M,Other RB,Rusher,0,0,0.0,0,0,0,1,1.2,0,0,0,0.0,0
218,A,LSU,Texas A&M,Caden Durham,Rusher,0,0,0.0,0,0,0,20,53.7,1,0,0,0.0,0
218,A,LSU,Texas A&M,Garrett Nussmeier,Rusher,0,0,0.0,0,0,0,3,24.0,1,0,0,0.0,0
218,A,LSU,Texas A&M,Barion Brown,Receiver,0,0,0.0,0,0,0,0,0.0,0,4,5,30.5,0
218,A,LSU,Texas A&M,Nic Anderson,Receiver,0,0,0.0,0,0,0,0,0.0,0,2,2,15.7,0
218,A,LSU,Texas A&M,Zavion Thomas,Receiver,0,0,0.0,0,0,0,0,0.0,0,1,2,15.0,0
218,A,LSU,Texas A&M,Aaron Anderson,Receiver,0,0,0.0,0,0,0,0,0.0,0,4,4,32.2,0
218,A,LSU,Texas A&M,Trey'Dez Green,Receiver,0,0,0.0,0,0,0,0,0.0,0,1,2,29.2,0
218,A,LSU,Texas A&M,Bauer Sharp,Receiver,0,0,0.0,0,0,0,0,0.0,0,1,2,14.3,0
218,A,LSU,Texas A&M,Chris Hilton Jr.,Receiver,0,0,0.0,0,0,0,0,0.0,0,0,1,0.0,0
218,A,Texas A&M,LSU,Marcel Reed,QB,23,17,180.3,0,0,7,0,0.0,0,0,0,0.0,0
218,A,Texas A&M,LSU,Le'Veon Moss,Rusher,0,0,0.0,0,0,0,13,26.4,0,0,0,0.0,0
218,A,Texas A&M,LSU,Amari Daniels,Rusher,0,0,0.0,0,0,0,2,4.7,0,0,0,0.0,0
218,A,Texas A&M,LSU,Rueben Owens,Rusher,0,0,0.0,0,0,0,2,8.3,0,0,0,0.0,0
218,A,Texas A&M,LSU,Marcel Reed,Rusher,0,0,0.0,0,0,0,4,16.6,0,0,0,0.0,0
218,A,Texas A&M,LSU,Miles O'Neill,Rusher,0,0,0.0,0,0,0,1,15.7,1,0,0,0.0,0
218,A,Texas A&M,LSU,Theo Melin Ohrstrom,Receiver,0,0,0.0,0,0,0,0,0.0,0,2,2,33.4,0
218,A,Texas A&M,LSU,Amari Niblack,Receiver,0,0,0.0,0,0,0,0,0.0,0,1,1,0.0,0
218,A,Texas A&M,LSU,Kevin Concepcion,Receiver,0,0,0.0,0,0,0,0,0.0,0,3,4,30.4,0
218,A,Texas A&M,LSU,Mario Craver,Receiver,0,0,0.0,0,0,0,0,0.0,0,3,5,22.4,0
218,A,Texas A&M,LSU,Terry Bussey,Receiver,0,0,0.0,0,0,0,0,0.0,0,0,1,0.0,0
218,A,Texas A&M,LSU,Ashton Bethel-Roman,Receiver,0,0,0.0,0,0,0,0,0.0,0,2,3,20.1,0
218,A,Texas A&M,LSU,Other WR,Receiver,0,0,0.0,0,0,0,0,0.0,0,6,7,74.0,0
219,B,Texas A&M,LSU,Marcel Reed,QB,22,12,116.5,1,0,1,0,0.0,0,0,0,0.0,0
219,B,Texas A&M,LSU,Le'Veon Moss,Rusher,0,0,0.0,0,0,0,20,109.1,1,0,0,0.0,0
219,B,Texas A&M,LSU,Marcel Reed,Rusher,0,0,0.0,0,0,0,6,28.1,0,0,0,0.0,0
219,B,Texas A&M,LSU,Rueben Owens,Rusher,0,0,0.0,0,0,0,5,17.4,0,0,0,0.0,0
219,B,Texas A&M,LSU,E.J. Smith,Rusher,0,0,0.0,0,0,0,2,14.3,0,0,0,0.0,0
219,B,Texas A&M,LSU,Amari Daniels,Rusher,0,0,0.0,0,0,0,6,28.9,1,0,0,0.0,0
219,B,Texas A&M,LSU,Theo Melin Ohrstrom,Receiver,0,0,0.0,0,0,0,0,0.0,0,0,1,0.0,0
219,B,Texas A&M,LSU,Kevin Concepcion,Receiver,0,0,0.0,0,0,0,0,0.0,0,3,5,35.6,0
219,B,Texas A&M,LSU,Other WR,Receiver,0,0,0.0,0,0,0,0,0.0,0,3,7,17.5,0
219,B,Texas A&M,LSU,Terry Bussey,Receiver,0,0,0.0,0,0,0,0,0.0,0,2,3,39.9,1
219,B,Texas A&M,LSU,Ashton Bethel-Roman,Receiver,0,0,0.0,0,0,0,0,0.0,0,3,3,23.5,0
219,B,Texas A&M,LSU,Mario Craver,Receiver,0,0,0.0,0,0,0,0,0.0,0,0,2,0.0,0
219,B,Texas A&M,LSU,Nate Boerkircher,Receiver,0,0,0.0,0,0,0,0,0.0,0,1,1,0.0,0
219,B,LSU,Texas A&M,Garrett Nussmeier,QB,28,19,179.4,1,0,1,0,0.0,0,0,0,0.0,0
219,B,LSU,Texas A&M,Harlem Berry,Rusher,0,0,0.0,0,0,0,5,9.1,0,0,0,0.0,0
219,B,LSU,Texas A&M,Caden Durham,Rusher,0,0,0.0,0,0,0,14,50.1,0,0,0,0.0,0
219,B,LSU,Texas A&M,Other RB,Rusher,0,0,0.0,0,0,0,2,1.7,0,0,0,0.0,0
219,B,LSU,Texas A&M,Ju'Juan Johnson,Rusher,0,0,0.0,0,0,0,5,31.2,0,0,0,0.0,0
219,B,LSU,Texas A&M,Garrett Nussmeier,Rusher,0,0,0.0,0,0,0,1,9.6,0,0,0,0.0,0
219,B,LSU,Texas A&M,Chris Hilton Jr.,Receiver,0,0,0.0,0,0,0,0,0.0,0,1,2,4.1,0
219,B,LSU,Texas A&M,Other WR,Receiver,0,0,0.0,0,0,0,0,0.0,0,2,2,0.0,0
219,B,LSU,Texas A&M,Zavion Thomas,Receiver,0,0,0.0,0,0,0,0,0.0,0,5,7,71.1,1
219,B,LSU,Texas A&M,Bauer Sharp,Receiver,0,0,0.0,0,0,0,0,0.0,0,3,6,57.0,0
219,B,LSU,Texas A&M,Aaron Anderson,Receiver,0,0,0.0,0,0,0,0,0.0,0,2,2,20.8,0
219,B,LSU,Texas A&M,Kyle Parker,Receiver,0,0,0.0,0,0,0,0,0.0,0,1,2,2.9,0
219,B,LSU,Texas A&M,Nic Anderson,Receiver,0,0,0.0,0,0,0,0,0.0,0,3,4,13.1,0
219,B,LSU,Texas A&M,Barion Brown,Receiver,0,0,0.0,0,0,0,0,0.0,0,1,2,0.0,0
219,B,LSU,Texas A&M,Trey'Dez Green,Receiver,0,0,0.0,0,0,0,0,0.0,0,1,1,10.4,0
220,A,LSU,Texas A&M,Garrett Nussmeier,QB,31,16,127.8,1,0,4,0,0.0,0,0,0,0.0,0
220,A,LSU,Texas A&M,Other RB,Rusher,0,0,0.0,0,0,0,4,27.3,0,0,0,0.0,0
220,A,LSU,Texas A&M,Caden Durham,Rusher,0,0,0.0,0,0,0,14,67.9,1,0,0,0.0,0
220,A,LSU,Texas A&M,Garrett Nussmeier,Rusher,0,0,0.0,0,0,0,2,6.4,0,0,0,0.0,0
220,A,LSU,Texas A&M,Kaleb Jackson,Rusher,0,0,0.0,0,0,0,1,-3.9,0,0,0,0.0,0
220,A,LSU,Texas A&M,Harlem Berry,Rusher,0,0,0.0,0,0,0,4,16.0,0,0,0,0.0,0
220,A,LSU,Texas A&M,Ju'Juan Johnson,Rusher,0,0,0.0,0,0,0,3,19.0,0,0,0,0.0,0
220,A,LSU,Texas A&M,Barion Brown,Receiver,0,0,0.0,0,0,0,0,0.0,0,4,7,10.6,0
220,A,LSU,Texas A&M,Bauer Sharp,Receiver,0,0,0.0,0,0,0,0,0.0,0,2,3,23.0,0
220,A,LSU,Texas A&M,Trey'Dez Green,Receiver,0,0,0.0,0,0,0,0,0.0,0,1,4,6.7,0
220,A,LSU,Texas A&M,Chris Hilton Jr.,Receiver,0,0,0.0,0,0,0,0,0.0,0,1,2,0.0,0
220,A,LSU,Texas A&M,Zavion Thomas,Receiver,0,0,0.0,0,0,0,0,0.0,0,0,3,0.0,0
220,A,LSU,Texas A&M,Aaron Anderson,Receiver,0,0,0.0,0,0,0,0,0.0,0,5,6,50.9,1
220,A,LSU,Texas A&M,Nic Anderson,Receiver,0,0,0.0,0,0,0,0,0.0,0,0,0,0.0,0
220,A,LSU,Texas A&M,Other WR,Receiver,0,0,0.0,0,0,0,0,0.0,0,3,5,36.5,0
220,A,LSU,Texas A&M,Kyle Parker,Receiver,0,0,0.0,0,0,0,0,0.0,0,0,1,0.0,0
220,A,Texas A&M,LSU,Marcel Reed,QB,26,16,143.7,1,1,3,0,0.0,0,0,0,0.0,0
220,A,Texas A&M,LSU,Le'Veon Moss,Rusher,0,0,0.0,0,0,0,13,35.4,0,0,0,0.0,0
220,A,Texas A&M,LSU,Marcel Reed,Rusher,0,0,0.0,0,0,0,3,25.0,0,0,0,0.0,0
220,A,Texas A&M,LSU,Amari Daniels,Rusher,0,0,0.0,0,0,0,9,45.7,1,0,0,0.0,0
220,A,Texas A&M,LSU,Jamarion Morrow,Rusher,0,0,0.0,0,0,0,2,4.5,0,0,0,0.0,0
220,A,Texas A&M,LSU,Rueben Owens,Rusher,0,0,0.0,0,0,0,1,-2.9,0,0,0,0.0,0
220,A,Texas A&M,LSU,E.J. Smith,Rusher,0,0,0.0,0,0,0,1,2.0,0,0,0,0.0,0
220,A,Texas A&M,LSU,Other WR,Receiver,0,0,0.0,0,0,0,0,0.0,0,2,7,29.1,0
220,A,Texas A&M,LSU,Nate Boerkircher,Receiver,0,0,0.0,0,0,0,0,0.0,0,1,1,0.0,0
220,A,Texas A&M,LSU,Kevin Concepcion,Receiver,0,0,0.0,0,0,0,0,0.0,0,1,3,0.0,0
220,A,Texas A&M,LSU,Theo Melin Ohrstrom,Receiver,0,0,0.0,0,0,0,0,0.0,0,1,2,11.2,0
220,A,Texas A&M,LSU,Terry Bussey,Receiver,0,0,0.0,0,0,0,0,0.0,0,4,4,52.0,1
220,A,Texas A&M,LSU,Mario Craver,Receiver,0,0,0.0,0,0,0,0,0.0,0,5,5,33.3,0
220,A,Texas A&M,LSU,Ashton Bethel-Roman,Receiver,0,0,0.0,0,0,0,0,0.0,0,1,3,5.0,0
220,A,Texas A&M,LSU,Amari Niblack,Receiver,0,0,0.0,0,0,0,0,0.0,0,1,1,13.0,0
221,B,Texas A&M,LSU,Marcel Reed,QB,27,14,167.4,0,0,5,0,0.0,0,0,0,0.0,0
221,B,Texas A&M,LSU,Rueben Owens,Rusher,0,0,0.0,0,0,0,2,11.2,0,0,0,0.0,0
221,B,Texas A&M,LSU,Le'Veon Moss,Rusher,0,0,0.0,0,0,0,15,55.7,1,0,0,0.0,0
221,B,Texas A&M,LSU,Amari Daniels,Rusher,0,0,0.0,0,0,0,4,7.7,0,0,0,0.0,0
221,B,Texas A&M,LSU,Marcel Reed,Rusher,0,0,0.0,0,0,0,5,14.1,0,0,0,0.0,0
221,B,Texas A&M,LSU,E.J. Smith,Rusher,0,0,0.0,0,0,0,1,-3.7,0,0,0,0.0,0
221,B,Texas A&M,LSU,Kevin Concepcion,Receiver,0,0,0.0,0,0,0,0,0.0,0,6,7,77.2,0
221,B,Texas A&M,LSU,Ashton Bethel-Roman,Receiver,0,0,0.0,0,0,0,0,0.0,0,2,4,14.1,0
221,B,Texas A&M,LSU,Other WR,Receiver,0,0,0.0,0,0,0,0,0.0,0,2,6,31.4,0
221,B,Texas A&M,LSU,Theo Melin Ohrstrom,Receiver,0,0,0.0,0,0,0,0,0.0,0,1,3,18.7,0
221,B,Texas A&M,LSU,Nate Boerkircher,Receiver,0,0,0.0,0,0,0,0,0.0,0,1,1,0.0,0
221,B,Texas A&M,LSU,Amari Niblack,Receiver,0,0,0.0,0,0,0,0,0.0,0,0,1,0.0,0
221,B,Texas A&M,LSU,Mario Craver,Receiver,0,0,0.0,0,0,0,0,0.0,0,1,3,22.7,0
221,B,Texas A&M,LSU,Terry Bussey,Receiver,0,0,0.0,0,0,0,0,0.0,0,1,2,3.3,0
221,B,LSU,Texas A&M,Garrett Nussmeier,QB,31,12,122.7,1,0,1,0,0.0,0,0,0,0.0,0
221,B,LSU,Texas A&M,Caden Durham,Rusher,0,0,0.0,0,0,0,16,67.1,0,0,0,0.0,0
221,B,LSU,Texas A&M,Other RB,Rusher,0,0,0.0,0,0,0,5,16.5,1,0,0,0.0,0
221,B,LSU,Texas A&M,Garrett Nussmeier,Rusher,0,0,0.0,0,0,0,2,20.5,0,0,0,0.0,0
221,B,LSU,Texas A&M,Ju'Juan Johnson,Rusher,0,0,0.0,0,0,0,3,19.5,0,0,0,0.0,0
221,B,LSU,Texas A&M,Harlem Berry,Rusher,0,0,0.0,0,0,0,5,21.8,1,0,0,0.0,0
221,B,LSU,Texas A&M,Kaleb Jackson,Rusher,0,0,0.0,0,0,0,1,10.5,0,0,0,0.0,0
221,B,LSU,Texas A&M,Other WR,Receiver,0,0,0.0,0,0,0,0,0.0,0,1,4,31.7,0
221,B,LSU,Texas A&M,Barion Brown,Receiver,0,0,0.0,0,0,0,0,0.0,0,2,6,0.0,0
221,B,LSU,Texas A&M,Trey'Dez Green,Receiver,0,0,0.0,0,0,0,0,0.0,0,1,8,3.3,0
221,B,LSU,Texas A&M,Kyle Parker,Receiver,0,0,0.0,0,0,0,0,0.0,0,3,3,29.6,0
221,B,LSU,Texas A&M,Bauer Sharp,Receiver,0,0,0.0,0,0,0,0,0.0,0,1,2,18.6,1
221,B,LSU,Texas A&M,Nic Anderson,Receiver,0,0,0.0,0,0,0,0,0.0,0,2,2,17.5,0
221,B,LSU,Texas A&M,Zavion Thomas,Receiver,0,0,0.0,0,0,0,0,0.0,0,1,3,0.0,0
221,B,LSU,Texas A&M,Aaron Anderson,Receiver,0,0,0.0,0,0,0,0,0.0,0,1,3,21.9,0
222,A,LSU,Texas A&M,Garrett Nussmeier,QB,37,17,143.6,1,0,2,0,0.0,0,0,0,0.0,0
222,A,LSU,Texas A&M,Caden Durham,Rusher,0,0,0.0,0,0,0,12,22.2,0,0,0,0.0,0
222,A,LSU,Texas A&M,Other RB,Rusher,0,0,0.0,0,0,0,4,27.9,0,0,0,0.0,0
222,A,LSU,Texas A&M,Ju'Juan Johnson,Rusher,0,0,0.0,0,0,0,5,-1.8,0,0,0,0.0,0
222,A,LSU,Texas A&M,Harlem Berry,Rusher,0,0,0.0,0,0,0,3,15.9,0,0,0,0.0,0
222,A,LSU,Texas A&M,Aaron Anderson,Receiver,0,0,0.0,0,0,0,0,0.0,0,2,6,50.5,0
222,A,LSU,Texas A&M,Bauer Sharp,Receiver,0,0,0.0,0,0,0,0,0.0,0,2,8,20.2,1
222,A,LSU,Texas A&M,Trey'Dez Green,Receiver,0,0,0.0,0,0,0,0,0.0,0,4,6,25.8,0
222,A,LSU,Texas A&M,Nic Anderson,Receiver,0,0,0.0,0,0,0,0,0.0,0,3,4,26.5,0
222,A,LSU,Texas A&M,Barion Brown,Receiver,0,0,0.0,0,0,0,0,0.0,0,3,5,6.3,0
222,A,LSU,Texas A&M,Zavion Thomas,Receiver,0,0,0.0,0,0,0,0,0.0,0,1,3,0.7,0
222,A,LSU,Texas A&M,Kyle Parker,Receiver,0,0,0.0,0,0,0,0,0.0,0,0,2,0.0,0
222,A,LSU,Texas A&M,Chris Hilton Jr.,Receiver,0,0,0.0,0,0,0,0,0.0,0,1,2,4.9,0
222,A,LSU,Texas A&M,Other WR,Receiver,0,0,0.0,0,0,0,0,0.0,0,1,1,8.7,0
222,A,Texas A&M,LSU,Marcel Reed,QB,28,18,254.2,5,0,0,0,0.0,0,0,0,0.0,0
222,A,Texas A&M,LSU,Le'Veon Moss,Rusher,0,0,0.0,0,0,0,14,111.5,0,0,0,0.0,0
222,A,Texas A&M,LSU,Marcel Reed,Rusher,0,0,0.0,0,0,0,9,42.7,0,0,0,0.0,0
222,A,Texas A&M,LSU,Miles O'Neill,Rusher,0,0,0.0,0,0,0,1,0.1,0,0,0,0.0,0
222,A,Texas A&M,LSU,Amari Daniels,Rusher,0,0,0.0,0,0,0,7,-2.3,0,0,0,0.0,0
222,A,Texas A&M,LSU,Jamarion Morrow,Rusher,0,0,0.0,0,0,0,2,4.8,0,0,0,0.0,0
222,A,Texas A&M,LSU,Rueben Owens,Rusher,0,0,0.0,0,0,0,4,15.8,0,0,0,0.0,0
222,A,Texas A&M,LSU,E.J. Smith,Rusher,0,0,0.0,0,0,0,1,7.0,0,0,0,0.0,0
222,A,Texas A&M,LSU,Terry Bussey,Receiver,0,0,0.0,0,0,0,0,0.0,0,3,4,24.2,0
222,A,Texas A&M,LSU,Kevin Concepcion,Receiver,0,0,0.0,0,0,0,0,0.0,0,4,8,82.5,2
222,A,Texas A&M,LSU,Mario Craver,Receiver,0,0,0.0,0,0,0,0,0.0,0,4,7,59.1,2
222,A,Texas A&M,LSU,Other WR,Receiver,0,0,0.0,0,0,0,0,0.0,0,3,5,66.2,1
222,A,Texas A&M,LSU,Theo Melin Ohrstrom,Receiver,0,0,0.0,0,0,0,0,0.0,0,2,2,0.0,0
222,A,Texas A&M,LSU,Amari Niblack,Receiver,0,0,0.0,0,0,0,0,0.0,0,1,1,13.4,0
222,A,Texas A&M,LSU,Ashton Bethel-Roman,Receiver,0,0,0.0,0,0,0,0,0.0,0,1,1,8.8,0
223,B,Texas A&M,LSU,Marcel Reed,QB,22,15,234.0,1,0,3,0,0.0,0,0,0,0.0,0
223,B,Texas A&M,LSU,Le'Veon Moss,Rusher,0,0,0.0,0,0,0,19,129.4,2,0,0,0.0,0
223,B,Texas A&M,LSU,Marcel Reed,Rusher,0,0,0.0,0,0,0,5,30.5,0,0,0,0.0,0
223,B,Texas A&M,LSU,Amari Daniels,Rusher,0,0,0.0,0,0,0,6,20.8,1,0,0,0.0,0
223,B,Texas A&M,LSU,Rueben Owens,Rusher,0,0,0.0,0,0,0,10,57.0,1,0,0,0.0,0
223,B,Texas A&M,LSU,E.J. Smith,Rusher,0,0,0.0,0,0,0,2,12.2,0,0,0,0.0,0
223,B,Texas A&M,LSU,Theo Melin Ohrstrom,Receiver,0,0,0.0,0,0,0,0,0.0,0,0,1,0.0,0
223,B,Texas A&M,LSU,Other WR,Receiver,0,0,0.0,0,0,0,0,0.0,0,4,5,86.2,0
223,B,Texas A&M,LSU,Ashton Bethel-Roman,Receiver,0,0,0.0,0,0,0,0,0.0,0,1,4,18.2,0
223,B,Texas A&M,LSU,Nate Boerkircher,Receiver,0,0,0.0,0,0,0,0,0.0,0,0,2,0.0,0
223,B,Texas A&M,LSU,Kevin Concepcion,Receiver,0,0,0.0,0,0,0,0,0.0,0,8,8,87.6,1
223,B,Texas A&M,LSU,Mario Craver,Receiver,0,0,0.0,0,0,0,0,0.0,0,1,1,28.0,0
223,B,Texas A&M,LSU,Amari Niblack,Receiver,0,0,0.0,0,0,0,0,0.0,0,1,1,14.0,0
223,B,LSU,Texas A&M,Garrett Nussmeier,QB,35,18,197.3,2,0,2,0,0.0,0,0,0,0.0,0
223,B,LSU,Texas A&M,Ju'Juan Johnson,Rusher,0,0,0.0,0,0,0,1,4.7,0,0,0,0.0,0
223,B,LSU,Texas A&M,Caden Durham,Rusher,0,0,0.0,0,0,0,11,46.7,0,0,0,0.0,0
223,B,LSU,Texas A&M,Kaleb Jackson,Rusher,0,0,0.0,0,0,0,2,5.1,0,0,0,0.0,0
223,B,LSU,Texas A&M,Other RB,Rusher,0,0,0.0,0,0,0,5,17.6,0,0,0,0.0,0
223,B,LSU,Texas A&M,Garrett Nussmeier,Rusher,0,0,0.0,0,0,0,1,4.4,0,0,0,0.0,0
223,B,LSU,Texas A&M,Harlem Berry,Rusher,0,0,0.0,0,0,0,1,2.5,0,0,0,0.0,0
223,B,LSU,Texas A&M,Zavion Thomas,Receiver,0,0,0.0,0,0,0,0,0.0,0,3,8,25.0,0
223,B,LSU,Texas A&M,Nic Anderson,Receiver,0,0,0.0,0,0,0,0,0.0,0,2,3,30.7,0
223,B,LSU,Texas A&M,Aaron Anderson,Receiver,0,0,0.0,0,0,0,0,0.0,0,3,6,38.9,1
223,B,LSU,Texas A&M,Bauer Sharp,Receiver,0,0,0.0,0,0,0,0,0.0,0,2,3,0.0,0
223,B,LSU,Texas A&M,Barion Brown,Receiver,0,0,0.0,0,0,0,0,0.0,0,5,8,32.7,1
223,B,LSU,Texas A&M,Other WR,Receiver,0,0,0.0,0,0,0,0,0.0,0,2,3,52.9,0
223,B,LSU,Texas A&M,Kyle Parker,Receiver,0,0,0.0,0,0,0,0,0.0,0,1,2,17.1,0
223,B,LSU,Texas A&M,Trey'Dez Green,Receiver,0,0,0.0,0,0,0,0,0.0,0,0,2,0.0,0
224,A,LSU,Texas A&M,Garrett Nussmeier,QB,35,21,232.2,1,0,1,0,0.0,0,0,0,0.0,0
224,A,LSU,Texas A&M,Caden Durham,Rusher,0,0,0.0,0,0,0,14,52.5,1,0,0,0.0,0
224,A,LSU,Texas A&M,Other RB,Rusher,0,0,0.0,0,0,0,4,6.6,0,0,0,0.0,0
224,A,LSU,Texas A&M,Ju'Juan Johnson,Rusher,0,0,0.0,0,0,0,5,19.2,0,0,0,0.0,0
224,A,LSU,Texas A&M,Harlem Berry,Rusher,0,0,0.0,0,0,0,3,-0.9,0,0,0,0.0,0
224,A,LSU,Texas A&M,Kaleb Jackson,Rusher,0,0,0.0,0,0,0,3,10.7,0,0,0,0.0,0
224,A,LSU,Texas A&M,Aaron Anderson,Receiver,0,0,0.0,0,0,0,0,0.0,0,7,12,75.4,0
224,A,LSU,Texas A&M,Zavion Thomas,Receiver,0,0,0.0,0,0,0,0,0.0,0,4,4,49.3,0
224,A,LSU,Texas A&M,Kyle Parker,Receiver,0,0,0.0,0,0,0,0,0.0,0,2,2,32.5,0
224,A,LSU,Texas A&M,Chris Hilton Jr.,Receiver,0,0,0.0,0,0,0,0,0.0,0,1,4,4.0,0
224,A,LSU,Texas A&M,Bauer Sharp,Receiver,0,0,0.0,0,0,0,0,0.0,0,0,2,0.0,0
224,A,LSU,Texas A&M,Barion Brown,Receiver,0,0,0.0,0,0,0,0,0.0,0,3,3,40.3,1
224,A,LSU,Texas A&M,Trey'Dez Green,Receiver,0,0,0.0,0,0,0,0,0.0,0,2,3,29.7,0
224,A,LSU,Texas A&M,Other WR,Receiver,0,0,0.0,0,0,0,0,0.0,0,1,2,1.0,0
224,A,LSU,Texas A&M,Nic Anderson,Receiver,0,0,0.0,0,0,0,0,0.0,0,1,3,0.0,0
224,A,Texas A&M,LSU,Marcel Reed,QB,18,13,112.7,0,0,5,0,0.0,0,0,0,0.0,0
224,A,Texas A&M,LSU,Le'Veon Moss,Rusher,0,0,0.0,0,0,0,16,62.1,2,0,0,0.0,0
224,A,Texas A&M,LSU,Marcel Reed,Rusher,0,0,0.0,0,0,0,8,64.6,1,0,0,0.0,0
224,A,Texas A&M,LSU,Jamarion Morrow,Rusher,0,0,0.0,0,0,0,1,6.6,0,0,0,0.0,0
224,A,Texas A&M,LSU,Amari Daniels,Rusher,0,0,0.0,0,0,0,1,-2.2,0,0,0,0.0,0
224,A,Texas A&M,LSU,Rueben Owens,Rusher,0,0,0.0,0,0,0,3,38.4,0,0,0,0.0,0
224,A,Texas A&M,LSU,Miles O'Neill,Rusher,0,0,0.0,0,0,0,1,-2.0,0,0,0,0.0,0
224,A,Texas A&M,LSU,Other WR,Receiver,0,0,0.0,0,0,0,0,0.0,0,4,6,46.1,0
224,A,Texas A&M,LSU,Ashton Bethel-Roman,Receiver,0,0,0.0,0,0,0,0,0.0,0,2,3,24.7,0
224,A,Texas A&M,LSU,Amari Niblack,Receiver,0,0,0.0,0,0,0,0,0.0,0,0,1,0.0,0
224,A,Texas A&M,LSU,Theo Melin Ohrstrom,Receiver,0,0,0.0,0,0,0,0,0.0,0,1,2,1.6,0
224,A,Texas A&M,LSU,Kevin Concepcion,Receiver,0,0,0.0,0,0,0,0,0.0,0,2,2,17.6,0
224,A,Texas A&M,LSU,Mario Craver,Receiver,0,0,0.0,0,0,0,0,0.0,0,3,3,22.6,0
224,A,Texas A&M,LSU,Terry Bussey,Receiver,0,0,0.0,0,0,0,0,0.0,0,1,1,0.0,0
225,B,Texas A&M,LSU,Marcel Reed,QB,32,23,248.7,0,0,5,0,0.0,0,0,0,0.0,0
225,B,Texas A&M,LSU,Marcel Reed,Rusher,0,0,0.0,0,0,0,8,35.3,0,0,0,0.0,0
225,B,Texas A&M,LSU,Le'Veon Moss,Rusher,0,0,0.0,0,0,0,11,51.6,1,0,0,0.0,0
225,B,Texas A&M,LSU,Rueben Owens,Rusher,0,0,0.0,0,0,0,1,0.1,0,0,0,0.0,0
225,B,Texas A&M,LSU,Amari Daniels,Rusher,0,0,0.0,0,0,0,6,9.5,0,0,0,0.0,0
225,B,Texas A&M,LSU,Other WR,Receiver,0,0,0.0,0,0,0,0,0.0,0,7,9,62.2,0
225,B,Texas A&M,LSU,Mario Craver,Receiver,0,0,0.0,0,0,0,0,0.0,0,3,8,19.6,0
225,B,Texas A&M,LSU,Kevin Concepcion,Receiver,0,0,0.0,0,0,0,0,0.0,0,5,5,61.8,0
225,B,Texas A&M,LSU,Theo Melin Ohrstrom,Receiver,0,0,0.0,0,0,0,0,0.0,0,3,4,20.6,0
225,B,Texas A&M,LSU,Nate Boerkircher,Receiver,0,0,0.0,0,0,0,0,0.0,0,2,2,39.3,0
225,B,Texas A&M,LSU,Ashton Bethel-Roman,Receiver,0,0,0.0,0,0,0,0,0.0,0,2,3,25.0,0
225,B,Texas A&M,LSU,Amari Niblack,Receiver,0,0,0.0,0,0,0,0,0.0,0,1,1,20.2,0
225,B,LSU,Texas A&M,Garrett Nussmeier,QB,24,18,208.7,1,0,1,0,0.0,0,0,0,0.0,0
225,B,LSU,Texas A&M,Kaleb Jackson,Rusher,0,0,0.0,0,0,0,4,40.1,1,0,0,0.0,0
225,B,LSU,Texas A&M,Ju'Juan Johnson,Rusher,0,0,0.0,0,0,0,3,16.9,0,0,0,0.0,0
225,B,LSU,Texas A&M,Garrett Nussmeier,Rusher,0,0,0.0,0,0,0,5,16.8,0,0,0,0.0,0
225,B,LSU,Texas A&M,Caden Durham,Rusher,0,0,0.0,0,0,0,14,109.9,2,0,0,0.0,0
225,B,LSU,Texas A&M,Harlem Berry,Rusher,0,0,0.0,0,0,0,3,6.6,0,0,0,0.0,0
225,B,LSU,Texas A&M,Other RB,Rusher,0,0,0.0,0,0,0,3,1.2,0,0,0,0.0,0
225,B,LSU,Texas A&M,Trey'Dez Green,Receiver,0,0,0.0,0,0,0,0,0.0,0,2,2,17.5,0
225,B,LSU,Texas A&M,Zavion Thomas,Receiver,0,0,0.0,0,0,0,0,0.0,0,3,3,29.2,0
225,B,LSU,Texas A&M,Kyle Parker,Receiver,0,0,0.0,0,0,0,0,0.0,0,2,3,0.0,0
225,B,LSU,Texas A&M,Aaron Anderson,Receiver,0,0,0.0,0,0,0,0,0.0,0,5,8,71.7,1
225,B,LSU,Texas A&M,Bauer Sharp,Receiver,0,0,0.0,0,0,0,0,0.0,0,1,1,29.9,0
225,B,LSU,Texas A&M,Barion Brown,Receiver,0,0,0.0,0,0,0,0,0.0,0,1,3,15.8,0
225,B,LSU,Texas A&M,Other WR,Receiver,0,0,0.0,0,0,0,0,0.0,0,3,3,44.6,0
225,B,LSU,Texas A&M,Chris Hilton Jr.,Receiver,0,0,0.0,0,0,0,0,0.0,0,1,1,0.0,0
226,A,LSU,Texas A&M,Garrett Nussmeier,QB,33,19,129.7,0,0,3,0,0.0,0,0,0,0.0,0
226,A,LSU,Texas A&M,Caden Durham,Rusher,0,0,0.0,0,0,0,11,23.9,0,0,0,0.0,0
226,A,LSU,Texas A&M,Ju'Juan Johnson,Rusher,0,0,0.0,0,0,0,3,15.9,0,0,0,0.0,0
226,A,LSU,Texas A&M,Harlem Berry,Rusher,0,0,0.0,0,0,0,4,11.3,0,0,0,0.0,0
226,A,LSU,Texas A&M,Other RB,Rusher,0,0,0.0,0,0,0,1,0.8,0,0,0,0.0,0
226,A,LSU,Texas A&M,Garrett Nussmeier,Rusher,0,0,0.0,0,0,0,1,13.6,0,0,0,0.0,0
226,A,LSU,Texas A&M,Bauer Sharp,Receiver,0,0,0.0,0,0,0,0,0.0,0,1,3,12.8,0
226,A,LSU,Texas A&M,Kyle Parker,Receiver,0,0,0.0,0,0,0,0,0.0,0,1,1,29.9,0
226,A,LSU,Texas A&M,Zavion Thomas,Receiver,0,0,0.0,0,0,0,0,0.0,0,1,3,0.0,0
226,A,LSU,Texas A&M,Nic Anderson,Receiver,0,0,0.0,0,0,0,0,0.0,0,4,7,23.5,0
226,A,LSU,Texas A&M,Barion Brown,Receiver,0,0,0.0,0,0,0,0,0.0,0,5,7,19.5,0
226,A,LSU,Texas A&M,Aaron Anderson,Receiver,0,0,0.0,0,0,0,0,0.0,0,3,5,3.9,0
226,A,LSU,Texas A&M,Other WR,Receiver,0,0,0.0,0,0,0,0,0.0,0,0,2,0.0,0
226,A,LSU,Texas A&M,Trey'Dez Green,Receiver,0,0,0.0,0,0,0,0,0.0,0,3,3,38.8,0
226,A,LSU,Texas A&M,Chris Hilton Jr.,Receiver,0,0,0.0,0,0,0,0,0.0,0,1,2,1.1,0
226,A,Texas A&M,LSU,Marcel Reed,QB,23,14,187.8,1,0,2,0,0.0,0,0,0,0.0,0
226,A,Texas A&M,LSU,Rueben Owens,Rusher,0,0,0.0,0,0,0,4,22.1,0,0,0,0.0,0
226,A,Texas A&M,LSU,Marcel Reed,Rusher,0,0,0.0,0,0,0,7,27.1,0,0,0,0.0,0
226,A,Texas A&M,LSU,Le'Veon Moss,Rusher,0,0,0.0,0,0,0,15,65.5,2,0,0,0.0,0
226,A,Texas A&M,LSU,Miles O'Neill,Rusher,0,0,0.0,0,0,0,1,15.0,0,0,0,0.0,0
226,A,Texas A&M,LSU,E.J. Smith,Rusher,0,0,0.0,0,0,0,4,22.0,0,0,0,0.0,0
226,A,Texas A&M,LSU,Amari Daniels,Rusher,0,0,0.0,0,0,0,8,29.3,0,0,0,0.0,0
226,A,Texas A&M,LSU,Other WR,Receiver,0,0,0.0,0,0,0,0,0.0,0,4,9,66.0,0
226,A,Texas A&M,LSU,Theo Melin Ohrstrom,Receiver,0,0,0.0,0,0,0,0,0.0,0,0,2,0.0,0
226,A,Texas A&M,LSU,Kevin Concepcion,Receiver,0,0,0.0,0,0,0,0,0.0,0,5,5,69.1,1
226,A,Texas A&M,LSU,Terry Bussey,Receiver,0,0,0.0,0,0,0,0,0.0,0,1,2,27.9,0
226,A,Texas A&M,LSU,Nate Boerkircher,Receiver,0,0,0.0,0,0,0,0,0.0,0,1,1,10.4,0
226,A,Texas A&M,LSU,Mario Craver,Receiver,0,0,0.0,0,0,0,0,0.0,0,2,3,8.7,0
226,A,Texas A&M,LSU,Ashton Bethel-Roman,Receiver,0,0,0.0,0,0,0,0,0.0,0,1,1,5.7,0
227,B,Texas A&M,LSU,Marcel Reed,QB,20,14,140.9,0,0,2,0,0.0,0,0,0,0.0,0
227,B,Texas A&M,LSU,Amari Daniels,Rusher,0,0,0.0,0,0,0,3,-8.1,0,0,0,0.0,0
227,B,Texas A&M,LSU,Marcel Reed,Rusher,0,0,0.0,0,0,0,13,36.9,1,0,0,0.0,0
227,B,Texas A&M,LSU,Le'Veon Moss,Rusher,0,0,0.0,0,0,0,17,34.5,0,0,0,0.0,0
227,B,Texas A&M,LSU,Rueben Owens,Rusher,0,0,0.0,0,0,0,3,9.0,0,0,0,0.0,0
227,B,Texas A&M,LSU,Other WR,Receiver,0,0,0.0,0,0,0,0,0.0,0,3,3,16.8,0
227,B,Texas A&M,LSU,Ashton Bethel-Roman,Receiver,0,0,0.0,0,0,0,0,0.0,0,2,3,19.6,0
227,B,Texas A&M,LSU,Mario Craver,Receiver,0,0,0.0,0,0,0,0,0.0,0,4,4,59.3,0
227,B,Texas A&M,LSU,Kevin Concepcion,Receiver,0,0,0.0,0,0,0,0,0.0,0,3,6,21.7,0
227,B,Texas A&M,LSU,Nate Boerkircher,Receiver,0,0,0.0,0,0,0,0,0.0,0,0,2,0.0,0
227,B,Texas A&M,LSU,Theo Melin Ohrstrom,Receiver,0,0,0.0,0,0,0,0,0.0,0,1,1,17.5,0
227,B,Texas A&M,LSU,Amari Niblack,Receiver,0,0,0.0,0,0,0,0,0.0,0,1,1,6.0,0
227,B,Texas A&M,LSU,Terry Bussey,Receiver,0,0,0.0,0,0,0,0,0.0,0,0,0,0.0,0
227,B,LSU,Texas A&M,Garrett Nussmeier,QB,34,23,159.3,0,0,2,0,0.0,0,0,0,0.0,0
227,B,LSU,Texas A&M,Caden Durham,Rusher,0,0,0.0,0,0,0,11,37.2,0,0,0,0.0,0
227,B,LSU,Texas A&M,Ju'Juan Johnson,Rusher,0,0,0.0,0,0,0,4,15.6,1,0,0,0.0,0
227,B,LSU,Texas A&M,Other RB,Rusher,0,0,0.0,0,0,0,3,15.9,0,0,0,0.0,0
227,B,LSU,Texas A&M,Garrett Nussmeier,Rusher,0,0,0.0,0,0,0,2,0.6,0,0,0,0.0,0
227,B,LSU,Texas A&M,Kaleb Jackson,Rusher,0,0,0.0,0,0,0,2,5.7,0,0,0,0.0,0
227,B,LSU,Texas A&M,Harlem Berry,Rusher,0,0,0.0,0,0,0,1,-3.9,0,0,0,0.0,0
227,B,LSU,Texas A&M,Barion Brown,Receiver,0,0,0.0,0,0,0,0,0.0,0,6,9,47.7,0
227,B,LSU,Texas A&M,Bauer Sharp,Receiver,0,0,0.0,0,0,0,0,0.0,0,2,2,16.2,0
227,B,LSU,Texas A&M,Trey'Dez Green,Receiver,0,0,0.0,0,0,0,0,0.0,0,1,1,13.4,0
227,B,LSU,Texas A&M,Zavion Thomas,Receiver,0,0,0.0,0,0,0,0,0.0,0,3,5,26.7,0
227,B,LSU,Texas A&M,Nic Anderson,Receiver,0,0,0.0,0,0,0,0,0.0,0,4,7,21.9,0
227,B,LSU,Texas A&M,Chris Hilton Jr.,Receiver,0,0,0.0,0,0,0,0,0.0,0,3,3,2.0,0
227,B,LSU,Texas A&M,Other WR,Receiver,0,0,0.0,0,0,0,0,0.0,0,1,1,14.4,0
227,B,LSU,Texas A&M,Aaron Anderson,Receiver,0,0,0.0,0,0,0,0,0.0,0,2,5,16.5,0
227,B,LSU,Texas A&M,Kyle Parker,Receiver,0,0,0.0,0,0,0,0,0.0,0,1,1,0.5,0
228,A,LSU,Texas A&M,Garrett Nussmeier,QB,30,22,224.8,2,0,2,0,0.0,0,0,0,0.0,0
228,A,LSU,Texas A&M,Harlem Berry,Rusher,0,0,0.0,0,0,0,4,3.3,0,0,0,0.0,0
228,A,LSU,Texas A&M,Caden Durham,Rusher,0,0,0.0,0,0,0,11,53.6,1,0,0,0.0,0
228,A,LSU,Texas A&M,Ju'Juan Johnson,Rusher,0,0,0.0,0,0,0,6,25.5,0,0,0,0.0,0
228,A,LSU,Texas A&M,Other RB,Rusher,0,0,0.0,0,0,0,3,17.9,0,0,0,0.0,0
228,A,LSU,Texas A&M,Trey'Dez Green,Receiver,0,0,0.0,0,0,0,0,0.0,0,5,6,47.5,0
228,A,LSU,Texas A&M,Bauer Sharp,Receiver,0,0,0.0,0,0,0,0,0.0,0,5,5,46.1,0
228,A,LSU,Texas A&M,Other WR,Receiver,0,0,0.0,0,0,0,0,0.0,0,2,3,27.5,1
228,A,LSU,Texas A&M,Zavion Thomas,Receiver,0,0,0.0,0,0,0,0,0.0,0,2,5,6.7,0
228,A,LSU,Texas A&M,Aaron Anderson,Receiver,0,0,0.0,0,0,0,0,0.0,0,4,6,57.8,0
228,A,LSU,Texas A&M,Barion Brown,Receiver,0,0,0.0,0,0,0,0,0.0,0,3,3,39.2,1
228,A,LSU,Texas A&M,Chris Hilton Jr.,Receiver,0,0,0.0,0,0,0,0,0.0,0,0,1,0.0,0
228,A,LSU,Texas A&M,Nic Anderson,Receiver,0,0,0.0,0,0,0,0,0.0,0,1,1,0.0,0
228,A,Texas A&M,LSU,Marcel Reed,QB,23,17,249.6,1,0,4,0,0.0,0,0,0,0.0,0
228,A,Texas A&M,LSU,Jamarion Morrow,Rusher,0,0,0.0,0,0,0,4,16.0,0,0,0,0.0,0
228,A,Texas A&M,LSU,Le'Veon Moss,Rusher,0,0,0.0,0,0,0,11,38.5,0,0,0,0.0,0
228,A,Texas A&M,LSU,Amari Daniels,Rusher,0,0,0.0,0,0,0,8,28.0,2,0,0,0.0,0
228,A,Texas A&M,LSU,Marcel Reed,Rusher,0,0,0.0,0,0,0,5,37.9,1,0,0,0.0,0
228,A,Texas A&M,LSU,Rueben Owens,Rusher,0,0,0.0,0,0,0,3,26.4,0,0,0,0.0,0
228,A,Texas A&M,LSU,Miles O'Neill,Rusher,0,0,0.0,0,0,0,3,6.4,1,0,0,0.0,0
228,A,Texas A&M,LSU,Kevin Concepcion,Receiver,0,0,0.0,0,0,0,0,0.0,0,4,5,84.1,1
228,A,Texas A&M,LSU,Terry Bussey,Receiver,0,0,0.0,0,0,0,0,0.0,0,3,4,6.2,0
228,A,Texas A&M,LSU,Ashton Bethel-Roman,Receiver,0,0,0.0,0,0,0,0,0.0,0,2,3,19.4,0
228,A,Texas A&M,LSU,Mario Craver,Receiver,0,0,0.0,0,0,0,0,0.0,0,4,4,77.1,0
228,A,Texas A&M,LSU,Theo Melin Ohrstrom,Receiver,0,0,0.0,0,0,0,0,0.0,0,2,2,34.3,0
228,A,Texas A&M,LSU,Amari Niblack,Receiver,0,0,0.0,0,0,0,0,0.0,0,0,1,0.0,0
228,A,Texas A&M,LSU,Other WR,Receiver,0,0,0.0,0,0,0,0,0.0,0,2,4,28.6,0
229,B,Texas A&M,LSU,Marcel Reed,QB,30,18,216.7,1,0,6,0,0.0,0,0,0,0.0,0
229,B,Texas A&M,LSU,Rueben Owens,Rusher,0,0,0.0,0,0,0,7,41.4,1,0,0,0.0,0
229,B,Texas A&M,LSU,Other RB,Rusher,0,0,0.0,0,0,0,1,-2.7,0,0,0,0.0,0
229,B,Texas A&M,LSU,Marcel Reed,Rusher,0,0,0.0,0,0,0,7,40.5,0,0,0,0.0,0
229,B,Texas A&M,LSU,Le'Veon Moss,Rusher,0,0,0.0,0,0,0,8,41.0,1,0,0,0.0,0
229,B,Texas A&M,LSU,Amari Daniels,Rusher,0,0,0.0,0,0,0,5,15.4,0,0,0,0.0,0
229,B,Texas A&M,LSU,E.J. Smith,Rusher,0,0,0.0,0,0,0,1,9.5,0,0,0,0.0,0
229,B,Texas A&M,LSU,Theo Melin Ohrstrom,Receiver,0,0,0.0,0,0,0,0,0.0,0,3,4,30.8,0
229,B,Texas A&M,LSU,Mario Craver,Receiver,0,0,0.0,0,0,0,0,0.0,0,2,4,42.8,0
229,B,Texas A&M,LSU,Other WR,Receiver,0,0,0.0,0,0,0,0,0.0,0,4,7,95.6,0
229,B,Texas A&M,LSU,Kevin Concepcion,Receiver,0,0,0.0,0,0,0,0,0.0,0,2,5,1.7,1
229,B,Texas A&M,LSU,Nate Boerkircher,Receiver,0,0,0.0,0,0,0,0,0.0,0,1,2,3.9,0
229,B,Texas A&M,LSU,Terry Bussey,Receiver,0,0,0.0,0,0,0,0,0.0,0,3,5,13.8,0
229,B,Texas A&M,LSU,Ashton Bethel-Roman,Receiver,0,0,0.0,0,0,0,0,0.0,0,3,3,28.2,0
229,B,LSU,Texas A&M,Garrett Nussmeier,QB,44,26,265.9,0,0,1,0,0.0,0,0,0,0.0,0
229,B,LSU,Texas A&M,Caden Durham,Rusher,0,0,0.0,0,0,0,12,43.5,0,0,0,0.0,0
229,B,LSU,Texas A&M,Harlem Berry,Rusher,0,0,0.0,0,0,0,4,24.5,1,0,0,0.0,0
229,B,LSU,Texas A&M,Ju'Juan Johnson,Rusher,0,0,0.0,0,0,0,2,16.0,0,0,0,0.0,0
229,B,LSU,Texas A&M,Kaleb Jackson,Rusher,0,0,0.0,0,0,0,1,-1.8,0,0,0,0.0,0
229,B,LSU,Texas A&M,Garrett Nussmeier,Rusher,0,0,0.0,0,0,0,1,4.6,0,0,0,0.0,0
229,B,LSU,Texas A&M,Chris Hilton Jr.,Receiver,0,0,0.0,0,0,0,0,0.0,0,1,2,27.1,0
229,B,LSU,Texas A&M,Aaron Anderson,Receiver,0,0,0.0,0,0,0,0,0.0,0,5,8,49.3,0
229,B,LSU,Texas A&M,Kyle Parker,Receiver,0,0,0.0,0,0,0,0,0.0,0,2,2,22.8,0
229,B,LSU,Texas A&M,Trey'Dez Green,Receiver,0,0,0.0,0,0,0,0,0.0,0,2,3,37.0,0
229,B,LSU,Texas A&M,Zavion Thomas,Receiver,0,0,0.0,0,0,0,0,0.0,0,2,5,22.0,0
229,B,LSU,Texas A&M,Barion Brown,Receiver,0,0,0.0,0,0,0,0,0.0,0,3,8,29.6,0
229,B,LSU,Texas A&M,Bauer Sharp,Receiver,0,0,0.0,0,0,0,0,0.0,0,5,8,46.9,0
229,B,LSU,Texas A&M,Nic Anderson,Receiver,0,0,0.0,0,0,0,0,0.0,0,5,6,31.2,0
229,B,LSU,Texas A&M,Other WR,Receiver,0,0,0.0,0,0,0,0,0.0,0,1,2,0.0,0
230,A,LSU,Texas A&M,Garrett Nussmeier,QB,30,15,129.5,1,0,1,0,0.0,0,0,0,0.0,0
230,A,LSU,Texas A&M,Caden Durham,Rusher,0,0,0.0,0,0,0,21,86.9,1,0,0,0.0,0
230,A,LSU,Texas A&M,Garrett Nussmeier,Rusher,0,0,0.0,0,0,0,2,10.2,0,0,0,0.0,0
230,A,LSU,Texas A&M,Ju'Juan Johnson,Rusher,0,0,0.0,0,0,0,7,11.9,0,0,0,0.0,0
230,A,LSU,Texas A&M,Harlem Berry,Rusher,0,0,0.0,0,0,0,3,7.1,0,0,0,0.0,0
230,A,LSU,Texas A&M,Other RB,Rusher,0,0,0.0,0,0,0,2,0.1,0,0,0,0.0,0
230,A,LSU,Texas A&M,Barion Brown,Receiver,0,0,0.0,0,0,0,0,0.0,0,3,6,12.2,0
230,A,LSU,Texas A&M,Kyle Parker,Receiver,0,0,0.0,0,0,0,0,0.0,0,1,2,9.2,0
230,A,LSU,Texas A&M,Trey'Dez Green,Receiver,0,0,0.0,0,0,0,0,0.0,0,3,8,35.6,0
230,A,LSU,Texas A&M,Aaron Anderson,Receiver,0,0,0.0,0,0,0,0,0.0,0,3,5,12.7,0
230,A,LSU,Texas A&M,Bauer Sharp,Receiver,0,0,0.0,0,0,0,0,0.0,0,4,5,59.8,1
230,A,LSU,Texas A&M,Chris Hilton Jr.,Receiver,0,0,0.0,0,0,0,0,0.0,0,0,1,0.0,0
230,A,LSU,Texas A&M,Nic Anderson,Receiver,0,0,0.0,0,0,0,0,0.0,0,0,1,0.0,0
230,A,LSU,Texas A&M,Other WR,Receiver,0,0,0.0,0,0,0,0,0.0,0,1,2,0.0,0
230,A,Texas A&M,LSU,Marcel Reed,QB,24,14,112.9,1,0,5,0,0.0,0,0,0,0.0,0
230,A,Texas A&M,LSU,Le'Veon Moss,Rusher,0,0,0.0,0,0,0,11,26.2,0,0,0,0.0,0
230,A,Texas A&M,LSU,Amari Daniels,Rusher,0,0,0.0,0,0,0,3,23.9,0,0,0,0.0,0
230,A,Texas A&M,LSU,Rueben Owens,Rusher,0,0,0.0,0,0,0,4,18.3,0,0,0,0.0,0
230,A,Texas A&M,LSU,Marcel Reed,Rusher,0,0,0.0,0,0,0,6,17.2,0,0,0,0.0,0
230,A,Texas A&M,LSU,Jamarion Morrow,Rusher,0,0,0.0,0,0,0,1,3.7,0,0,0,0.0,0
230,A,Texas A&M,LSU,Miles O'Neill,Rusher,0,0,0.0,0,0,0,1,4.1,1,0,0,0.0,0
230,A,Texas A&M,LSU,E.J. Smith,Rusher,0,0,0.0,0,0,0,1,1.4,0,0,0,0.0,0
230,A,Texas A&M,LSU,Kevin Concepcion,Receiver,0,0,0.0,0,0,0,0,0.0,0,3,6,33.0,0
230,A,Texas A&M,LSU,Ashton Bethel-Roman,Receiver,0,0,0.0,0,0,0,0,0.0,0,4,6,16.7,0
230,A,Texas A&M,LSU,Mario Craver,Receiver,0,0,0.0,0,0,0,0,0.0,0,3,5,13.0,0
230,A,Texas A&M,LSU,Other WR,Receiver,0,0,0.0,0,0,0,0,0.0,0,3,4,45.3,1
230,A,Texas A&M,LSU,Amari Niblack,Receiver,0,0,0.0,0,0,0,0,0.0,0,0,1,0.0,0
230,A,Texas A&M,LSU,Terry Bussey,Receiver,0,0,0.0,0,0,0,0,0.0,0,1,2,4.9,0
231,B,Texas A&M,LSU,Marcel Reed,QB,29,16,175.8,1,0,3,0,0.0,0,0,0,0.0,0
231,B,Texas A&M,LSU,Le'Veon Moss,Rusher,0,0,0.0,0,0,0,12,53.2,0,0,0,0.0,0
231,B,Texas A&M,LSU,Rueben Owens,Rusher,0,0,0.0,0,0,0,5,23.7,0,0,0,0.0,0
231,B,Texas A&M,LSU,Marcel Reed,Rusher,0,0,0.0,0,0,0,5,27.2,1,0,0,0.0,0
231,B,Texas A&M,LSU,Miles O'Neill,Rusher,0,0,0.0,0,0,0,1,8.7,0,0,0,0.0,0
231,B,Texas A&M,LSU,Jamarion Morrow,Rusher,0,0,0.0,0,0,0,1,7.8,0,0,0,0.0,0
231,B,Texas A&M,LSU,E.J. Smith,Rusher,0,0,0.0,0,0,0,1,0.4,0,0,0,0.0,0
231,B,Texas A&M,LSU,Amari Daniels,Rusher,0,0,0.0,0,0,0,3,11.2,0,0,0,0.0,0
231,B,Texas A&M,LSU,Theo Melin Ohrstrom,Receiver,0,0,0.0,0,0,0,0,0.0,0,2,4,22.3,0
231,B,Texas A&M,LSU,Mario Craver,Receiver,0,0,0.0,0,0,0,0,0.0,0,4,5,64.2,0
231,B,Texas A&M,LSU,Ashton Bethel-Roman,Receiver,0,0,0.0,0,0,0,0,0.0,0,2,3,15.6,0
231,B,Texas A&M,LSU,Kevin Concepcion,Receiver,0,0,0.0,0,0,0,0,0.0,0,3,5,11.8,0
231,B,Texas A&M,LSU,Terry Bussey,Receiver,0,0,0.0,0,0,0,0,0.0,0,1,3,23.7,1
231,B,Texas A&M,LSU,Other WR,Receiver,0,0,0.0,0,0,0,0,0.0,0,3,8,32.1,0
231,B,Texas A&M,LSU,Nate Boerkircher,Receiver,0,0,0.0,0,0,0,0,0.0,0,1,1,6.1,0
231,B,LSU,Texas A&M,Garrett Nussmeier,QB,24,19,211.6,2,0,0,0,0.0,0,0,0,0.0,0
231,B,LSU,Texas A&M,Ju'Juan Johnson,Rusher,0,0,0.0,0,0,0,6,18.7,0,0,0,0.0,0
231,B,LSU,Texas A&M,Garrett Nussmeier,Rusher,0,0,0.0,0,0,0,1,3.2,0,0,0,0.0,0
231,B,LSU,Texas A&M,Caden Durham,Rusher,0,0,0.0,0,0,0,25,108.1,1,0,0,0.0,0
231,B,LSU,Texas A&M,Harlem Berry,Rusher,0,0,0.0,0,0,0,4,7.1,0,0,0,0.0,0
231,B,LSU,Texas A&M,Kaleb Jackson,Rusher,0,0,0.0,0,0,0,1,-1.8,0,0,0,0.0,0
231,B,LSU,Texas A&M,Other RB,Rusher,0,0,0.0,0,0,0,1,-2.3,0,0,0,0.0,0
231,B,LSU,Texas A&M,Barion Brown,Receiver,0,0,0.0,0,0,0,0,0.0,0,5,6,72.0,0
231,B,LSU,Texas A&M,Zavion Thomas,Receiver,0,0,0.0,0,0,0,0,0.0,0,2,3,20.4,0
231,B,LSU,Texas A&M,Kyle Parker,Receiver,0,0,0.0,0,0,0,0,0.0,0,3,3,39.7,2
231,B,LSU,Texas A&M,Aaron Anderson,Receiver,0,0,0.0,0,0,0,0,0.0,0,1,2,11.7,0
231,B,LSU,Texas A&M,Other WR,Receiver,0,0,0.0,0,0,0,0,0.0,0,1,1,21.0,0
231,B,LSU,Texas A&M,Trey'Dez Green,Receiver,0,0,0.0,0,0,0,0,0.0,0,3,3,29.4,0
231,B,LSU,Texas A&M,Nic Anderson,Receiver,0,0,0.0,0,0,0,0,0.0,0,3,3,11.1,0
231,B,LSU,Texas A&M,Chris Hilton Jr.,Receiver,0,0,0.0,0,0,0,0,0.0,0,1,2,6.3,0
231,B,LSU,Texas A&M,Bauer Sharp,Receiver,0,0,0.0,0,0,0,0,0.0,0,0,1,0.0,0
232,A,LSU,Texas A&M,Garrett Nussmeier,QB,35,21,251.2,1,0,1,0,0.0,0,0,0,0.0,0
232,A,LSU,Texas A&M,Caden Durham,Rusher,0,0,0.0,0,0,0,13,42.5,0,0,0,0.0,0
232,A,LSU,Texas A&M,Other RB,Rusher,0,0,0.0,0,0,0,4,3.9,0,0,0,0.0,0
232,A,LSU,Texas A&M,Ju'Juan Johnson,Rusher,0,0,0.0,0,0,0,2,5.9,0,0,0,0.0,0
232,A,LSU,Texas A&M,Kaleb Jackson,Rusher,0,0,0.0,0,0,0,1,4.3,0,0,0,0.0,0
232,A,LSU,Texas A&M,Harlem Berry,Rusher,0,0,0.0,0,0,0,5,9.6,0,0,0,0.0,0
232,A,LSU,Texas A&M,Barion Brown,Receiver,0,0,0.0,0,0,0,0,0.0,0,4,6,46.2,0
232,A,LSU,Texas A&M,Aaron Anderson,Receiver,0,0,0.0,0,0,0,0,0.0,0,7,11,64.0,0
232,A,LSU,Texas A&M,Zavion Thomas,Receiver,0,0,0.0,0,0,0,0,0.0,0,3,5,23.6,0
232,A,LSU,Texas A&M,Nic Anderson,Receiver,0,0,0.0,0,0,0,0,0.0,0,2,2,26.9,0
232,A,LSU,Texas A&M,Bauer Sharp,Receiver,0,0,0.0,0,0,0,0,0.0,0,3,6,66.1,1
232,A,LSU,Texas A&M,Chris Hilton Jr.,Receiver,0,0,0.0,0,0,0,0,0.0,0,2,2,24.5,0
232,A,LSU,Texas A&M,Other WR,Receiver,0,0,0.0,0,0,0,0,0.0,0,0,1,0.0,0
232,A,LSU,Texas A&M,Trey'Dez Green,Receiver,0,0,0.0,0,0,0,0,0.0,0,0,1,0.0,0
232,A,LSU,Texas A&M,Kyle Parker,Receiver,0,0,0.0,0,0,0,0,0.0,0,0,1,0.0,0
232,A,Texas A&M,LSU,Marcel Reed,QB,21,9,183.5,1,0,0,0,0.0,0,0,0,0.0,0
232,A,Texas A&M,LSU,Le'Veon Moss,Rusher,0,0,0.0,0,0,0,14,66.4,1,0,0,0.0,0
232,A,Texas A&M,LSU,Marcel Reed,Rusher,0,0,0.0,0,0,0,10,67.5,3,0,0,0.0,0
232,A,Texas A&M,LSU,Jamarion Morrow,Rusher,0,0,0.0,0,0,0,1,8.3,0,0,0,0.0,0
232,A,Texas A&M,LSU,Amari Daniels,Rusher,0,0,0.0,0,0,0,6,20.5,0,0,0,0.0,0
232,A,Texas A&M,LSU,Rueben Owens,Rusher,0,0,0.0,0,0,0,8,35.9,0,0,0,0.0,0
232,A,Texas A&M,LSU,Miles O'Neill,Rusher,0,0,0.0,0,0,0,1,5.5,0,0,0,0.0,0
232,A,Texas A&M,LSU,E.J. Smith,Rusher,0,0,0.0,0,0,0,4,30.4,0,0,0,0.0,0
232,A,Texas A&M,LSU,Kevin Concepcion,Receiver,0,0,0.0,0,0,0,0,0.0,0,0,2,0.0,0
232,A,Texas A&M,LSU,Other WR,Receiver,0,0,0.0,0,0,0,0,0.0,0,5,8,120.3,1
232,A,Texas A&M,LSU,Terry Bussey,Receiver,0,0,0.0,0,0,0,0,0.0,0,1,2,22.9,0
232,A,Texas A&M,LSU,Mario Craver,Receiver,0,0,0.0,0,0,0,0,0.0,0,2,5,22.7,0
232,A,Texas A&M,LSU,Ashton Bethel-Roman,Receiver,0,0,0.0,0,0,0,0,0.0,0,1,4,17.6,0
233,B,Texas A&M,LSU,Marcel Reed,QB,29,22,250.5,1,0,7,0,0.0,0,0,0,0.0,0
233,B,Texas A&M,LSU,Le'Veon Moss,Rusher,0,0,0.0,0,0,0,14,72.1,2,0,0,0.0,0
233,B,Texas A&M,LSU,Amari Daniels,Rusher,0,0,0.0,0,0,0,6,11.8,0,0,0,0.0,0
233,B,Texas A&M,LSU,Miles O'Neill,Rusher,0,0,0.0,0,0,0,2,12.0,0,0,0,0.0,0
233,B,Texas A&M,LSU,Marcel Reed,Rusher,0,0,0.0,0,0,0,3,4.4,0,0,0,0.0,0
233,B,Texas A&M,LSU,Rueben Owens,Rusher,0,0,0.0,0,0,0,4,14.2,0,0,0,0.0,0
233,B,Texas A&M,LSU,Jamarion Morrow,Rusher,0,0,0.0,0,0,0,2,9.4,0,0,0,0.0,0
233,B,Texas A&M,LSU,Other WR,Receiver,0,0,0.0,0,0,0,0,0.0,0,2,2,29.4,0
233,B,Texas A&M,LSU,Ashton Bethel-Roman,Receiver,0,0,0.0,0,0,0,0,0.0,0,2,2,11.9,0
233,B,Texas A&M,LSU,Mario Craver,Receiver,0,0,0.0,0,0,0,0,0.0,0,6,8,86.5,0
233,B,Texas A&M,LSU,Kevin Concepcion,Receiver,0,0,0.0,0,0,0,0,0.0,0,9,11,80.8,1
233,B,Texas A&M,LSU,Terry Bussey,Receiver,0,0,0.0,0,0,0,0,0.0,0,1,3,11.1,0
233,B,Texas A&M,LSU,Theo Melin Ohrstrom,Receiver,0,0,0.0,0,0,0,0,0.0,0,1,2,6.7,0
233,B,Texas A&M,LSU,Nate Boerkircher,Receiver,0,0,0.0,0,0,0,0,0.0,0,1,1,24.0,0
233,B,LSU,Texas A&M,Garrett Nussmeier,QB,24,14,149.6,1,1,1,0,0.0,0,0,0,0.0,0
233,B,LSU,Texas A&M,Ju'Juan Johnson,Rusher,0,0,0.0,0,0,0,6,21.3,0,0,0,0.0,0
233,B,LSU,Texas A&M,Caden Durham,Rusher,0,0,0.0,0,0,0,14,96.7,1,0,0,0.0,0
233,B,LSU,Texas A&M,Kaleb Jackson,Rusher,0,0,0.0,0,0,0,3,10.5,0,0,0,0.0,0
233,B,LSU,Texas A&M,Garrett Nussmeier,Rusher,0,0,0.0,0,0,0,2,8.5,0,0,0,0.0,0
233,B,LSU,Texas A&M,Harlem Berry,Rusher,0,0,0.0,0,0,0,2,0.2,0,0,0,0.0,0
233,B,LSU,Texas A&M,Other RB,Rusher,0,0,0.0,0,0,0,1,8.0,0,0,0,0.0,0
233,B,LSU,Texas A&M,Aaron Anderson,Receiver,0,0,0.0,0,0,0,0,0.0,0,4,7,71.2,1
233,B,LSU,Texas A&M,Bauer Sharp,Receiver,0,0,0.0,0,0,0,0,0.0,0,2,3,25.9,0
233,B,LSU,Texas A&M,Nic Anderson,Receiver,0,0,0.0,0,0,0,0,0.0,0,1,2,24.9,0
233,B,LSU,Texas A&M,Barion Brown,Receiver,0,0,0.0,0,0,0,0,0.0,0,3,4,20.1,0
233,B,LSU,Texas A&M,Trey'Dez Green,Receiver,0,0,0.0,0,0,0,0,0.0,0,1,3,3.4,0
233,B,LSU,Texas A&M,Other WR,Receiver,0,0,0.0,0,0,0,0,0.0,0,0,1,0.0,0
233,B,LSU,Texas A&M,Kyle Parker,Receiver,0,0,0.0,0,0,0,0,0.0,0,2,2,4.1,0
233,B,LSU,Texas A&M,Zavion Thomas,Receiver,0,0,0.0,0,0,0,0,0.0,0,1,2,0.0,0
234,A,LSU,Texas A&M,Garrett Nussmeier,QB,43,19,207.2,1,0,4,0,0.0,0,0,0,0.0,0
234,A,LSU,Texas A&M,Caden Durham,Rusher,0,0,0.0,0,0,0,14,72.4,1,0,0,0.0,0
234,A,LSU,Texas A&M,Harlem Berry,Rusher,0,0,0.0,0,0,0,2,7.8,0,0,0,0.0,0
234,A,LSU,Texas A&M,Ju'Juan Johnson,Rusher,0,0,0.0,0,0,0,1,9.4,0,0,0,0.0,0
234,A,LSU,Texas A&M,Other RB,Rusher,0,0,0.0,0,0,0,1,-3.9,0,0,0,0.0,0
234,A,LSU,Texas A&M,Zavion Thomas,Receiver,0,0,0.0,0,0,0,0,0.0,0,1,6,4.6,0
234,A,LSU,Texas A&M,Aaron Anderson,Receiver,0,0,0.0,0,0,0,0,0.0,0,6,10,56.4,0
234,A,LSU,Texas A&M,Chris Hilton Jr.,Receiver,0,0,0.0,0,0,0,0,0.0,0,1,4,8.1,0
234,A,LSU,Texas A&M,Bauer Sharp,Receiver,0,0,0.0,0,0,0,0,0.0,0,4,6,53.0,0
234,A,LSU,Texas A&M,Trey'Dez Green,Receiver,0,0,0.0,0,0,0,0,0.0,0,2,4,28.0,0
234,A,LSU,Texas A&M,Barion Brown,Receiver,0,0,0.0,0,0,0,0,0.0,0,0,2,0.0,0
234,A,LSU,Texas A&M,Other WR,Receiver,0,0,0.0,0,0,0,0,0.0,0,1,4,26.6,0
234,A,LSU,Texas A&M,Kyle Parker,Receiver,0,0,0.0,0,0,0,0,0.0,0,3,5,18.1,0
234,A,LSU,Texas A&M,Nic Anderson,Receiver,0,0,0.0,0,0,0,0,0.0,0,1,2,12.4,1
234,A,Texas A&M,LSU,Marcel Reed,QB,29,20,214.2,2,0,4,0,0.0,0,0,0,0.0,0
234,A,Texas A&M,LSU,Le'Veon Moss,Rusher,0,0,0.0,0,0,0,11,56.4,0,0,0,0.0,0
234,A,Texas A&M,LSU,Rueben Owens,Rusher,0,0,0.0,0,0,0,7,6.1,0,0,0,0.0,0
234,A,Texas A&M,LSU,Marcel Reed,Rusher,0,0,0.0,0,0,0,7,29.0,0,0,0,0.0,0
234,A,Texas A&M,LSU,Amari Daniels,Rusher,0,0,0.0,0,0,0,3,11.4,0,0,0,0.0,0
234,A,Texas A&M,LSU,E.J. Smith,Rusher,0,0,0.0,0,0,0,1,11.3,0,0,0,0.0,0
234,A,Texas A&M,LSU,Jamarion Morrow,Rusher,0,0,0.0,0,0,0,1,5.8,0,0,0,0.0,0
234,A,Texas A&M,LSU,Theo Melin Ohrstrom,Receiver,0,0,0.0,0,0,0,0,0.0,0,3,5,31.1,1
234,A,Texas A&M,LSU,Mario Craver,Receiver,0,0,0.0,0,0,0,0,0.0,0,5,8,43.4,0
234,A,Texas A&M,LSU,Ashton Bethel-Roman,Receiver,0,0,0.0,0,0,0,0,0.0,0,2,3,1.4,0
234,A,Texas A&M,LSU,Kevin Concepcion,Receiver,0,0,0.0,0,0,0,0,0.0,0,3,5,14.4,0
234,A,Texas A&M,LSU,Other WR,Receiver,0,0,0.0,0,0,0,0,0.0,0,5,5,91.6,0
234,A,Texas A&M,LSU,Amari Niblack,Receiver,0,0,0.0,0,0,0,0,0.0,0,1,2,24.8,1
234,A,Texas A&M,LSU,Terry Bussey,Receiver,0,0,0.0,0,0,0,0,0.0,0,1,1,7.5,0
235,B,Texas A&M,LSU,Marcel Reed,QB,27,15,155.0,0,0,5,0,0.0,0,0,0,0.0,0
235,B,Texas A&M,LSU,Amari Daniels,Rusher,0,0,0.0,0,0,0,7,1.8,0,0,0,0.0,0
235,B,Texas A&M,LSU,E.J. Smith,Rusher,0,0,0.0,0,0,0,1,6.9,0,0,0,0.0,0
235,B,Texas A&M,LSU,Rueben Owens,Rusher,0,0,0.0,0,0,0,2,9.1,0,0,0,0.0,0
235,B,Texas A&M,LSU,Le'Veon Moss,Rusher,0,0,0.0,0,0,0,9,29.2,0,0,0,0.0,0
235,B,Texas A&M,LSU,Marcel Reed,Rusher,0,0,0.0,0,0,0,4,5.6,0,0,0,0.0,0
235,B,Texas A&M,LSU,Jamarion Morrow,Rusher,0,0,0.0,0,0,0,2,-1.8,0,0,0,0.0,0
235,B,Texas A&M,LSU,Mario Craver,Receiver,0,0,0.0,0,0,0,0,0.0,0,7,8,66.9,0
235,B,Texas A&M,LSU,Nate Boerkircher,Receiver,0,0,0.0,0,0,0,0,0.0,0,1,2,8.3,0
235,B,Texas A&M,LSU,Other WR,Receiver,0,0,0.0,0,0,0,0,0.0,0,1,5,11.0,0
235,B,Texas A&M,LSU,Terry Bussey,Receiver,0,0,0.0,0,0,0,0,0.0,0,2,4,10.2,0
235,B,Texas A&M,LSU,Kevin Concepcion,Receiver,0,0,0.0,0,0,0,0,0.0,0,4,6,58.6,0
235,B,Texas A&M,LSU,Ashton Bethel-Roman,Receiver,0,0,0.0,0,0,0,0,0.0,0,0,0,0.0,0
235,B,Texas A&M,LSU,Theo Melin Ohrstrom,Receiver,0,0,0.0,0,0,0,0,0.0,0,0,2,0.0,0
235,B,LSU,Texas A&M,Garrett Nussmeier,QB,29,19,238.2,1,1,3,0,0.0,0,0,0,0.0,0
235,B,LSU,Texas A&M,Caden Durham,Rusher,0,0,0.0,0,0,0,16,43.2,0,0,0,0.0,0
235,B,LSU,Texas A&M,Ju'Juan Johnson,Rusher,0,0,0.0,0,0,0,9,70.5,1,0,0,0.0,0
235,B,LSU,Texas A&M,Harlem Berry,Rusher,0,0,0.0,0,0,0,3,31.3,1,0,0,0.0,0
235,B,LSU,Texas A&M,Other RB,Rusher,0,0,0.0,0,0,0,4,7.1,0,0,0,0.0,0
235,B,LSU,Texas A&M,Garrett Nussmeier,Rusher,0,0,0.0,0,0,0,2,15.3,0,0,0,0.0,0
235,B,LSU,Texas A&M,Kaleb Jackson,Rusher,0,0,0.0,0,0,0,1,-1.3,0,0,0,0.0,0
235,B,LSU,Texas A&M,Nic Anderson,Receiver,0,0,0.0,0,0,0,0,0.0,0,4,6,21.9,0
235,B,LSU,Texas A&M,Aaron Anderson,Receiver,0,0,0.0,0,0,0,0,0.0,0,4,6,86.1,1
235,B,LSU,Texas A&M,Other WR,Receiver,0,0,0.0,0,0,0,0,0.0,0,4,5,76.0,0
235,B,LSU,Texas A&M,Barion Brown,Receiver,0,0,0.0,0,0,0,0,0.0,0,2,4,5.7,0
235,B,LSU,Texas A&M,Trey'Dez Green,Receiver,0,0,0.0,0,0,0,0,0.0,0,0,1,0.0,0
235,B,LSU,Texas A&M,Zavion Thomas,Receiver,0,0,0.0,0,0,0,0,0.0,0,2,3,18.4,0
235,B,LSU,Texas A&M,Bauer Sharp,Receiver,0,0,0.0,0,0,0,0,0.0,0,2,2,21.4,0
235,B,LSU,Texas A&M,Kyle Parker,Receiver,0,0,0.0,0,0,0,0,0.0,0,1,2,8.6,0
236,A,LSU,Texas A&M,Garrett Nussmeier,QB,39,15,127.8,1,0,1,0,0.0,0,0,0,0.0,0
236,A,LSU,Texas A&M,Garrett Nussmeier,Rusher,0,0,0.0,0,0,0,2,20.0,1,0,0,0.0,0
236,A,LSU,Texas A&M,Other RB,Rusher,0,0,0.0,0,0,0,2,1.0,0,0,0,0.0,0
236,A,LSU,Texas A&M,Caden Durham,Rusher,0,0,0.0,0,0,0,15,57.4,0,0,0,0.0,0
236,A,LSU,Texas A&M,Ju'Juan Johnson,Rusher,0,0,0.0,0,0,0,5,9.2,0,0,0,0.0,0
236,A,LSU,Texas A&M,Harlem Berry,Rusher,0,0,0.0,0,0,0,4,2.0,0,0,0,0.0,0
236,A,LSU,Texas A&M,Kaleb Jackson,Rusher,0,0,0.0,0,0,0,1,10.0,0,0,0,0.0,0
236,A,LSU,Texas A&M,Trey'Dez Green,Receiver,0,0,0.0,0,0,0,0,0.0,0,2,2,31.3,0
236,A,LSU,Texas A&M,Kyle Parker,Receiver,0,0,0.0,0,0,0,0,0.0,0,2,4,17.3,0
236,A,LSU,Texas A&M,Zavion Thomas,Receiver,0,0,0.0,0,0,0,0,0.0,0,2,6,14.5,0
236,A,LSU,Texas A&M,Other WR,Receiver,0,0,0.0,0,0,0,0,0.0,0,1,3,0.0,0
236,A,LSU,Texas A&M,Barion Brown,Receiver,0,0,0.0,0,0,0,0,0.0,0,1,8,0.0,0
236,A,LSU,Texas A&M,Nic Anderson,Receiver,0,0,0.0,0,0,0,0,0.0,0,3,5,34.9,0
236,A,LSU,Texas A&M,Aaron Anderson,Receiver,0,0,0.0,0,0,0,0,0.0,0,4,4,30.0,1
236,A,LSU,Texas A&M,Bauer Sharp,Receiver,0,0,0.0,0,0,0,0,0.0,0,0,6,0.0,0
236,A,LSU,Texas A&M,Chris Hilton Jr.,Receiver,0,0,0.0,0,0,0,0,0.0,0,0,1,0.0,0
236,A,Texas A&M,LSU,Marcel Reed,QB,18,10,134.0,1,0,4,0,0.0,0,0,0,0.0,0
236,A,Texas A&M,LSU,E.J. Smith,Rusher,0,0,0.0,0,0,0,2,0.3,0,0,0,0.0,0
236,A,Texas A&M,LSU,Le'Veon Moss,Rusher,0,0,0.0,0,0,0,18,57.5,0,0,0,0.0,0
236,A,Texas A&M,LSU,Marcel Reed,Rusher,0,0,0.0,0,0,0,9,50.4,1,0,0,0.0,0
236,A,Texas A&M,LSU,Jamarion Morrow,Rusher,0,0,0.0,0,0,0,1,7.7,0,0,0,0.0,0
236,A,Texas A&M,LSU,Rueben Owens,Rusher,0,0,0.0,0,0,0,5,25.9,0,0,0,0.0,0
236,A,Texas A&M,LSU,Amari Daniels,Rusher,0,0,0.0,0,0,0,3,15.9,0,0,0,0.0,0
236,A,Texas A&M,LSU,Mario Craver,Receiver,0,0,0.0,0,0,0,0,0.0,0,4,5,51.5,0
236,A,Texas A&M,LSU,Terry Bussey,Receiver,0,0,0.0,0,0,0,0,0.0,0,0,2,0.0,0
236,A,Texas A&M,LSU,Amari Niblack,Receiver,0,0,0.0,0,0,0,0,0.0,0,1,3,15.2,0
236,A,Texas A&M,LSU,Other WR,Receiver,0,0,0.0,0,0,0,0,0.0,0,4,4,50.3,1
236,A,Texas A&M,LSU,Kevin Concepcion,Receiver,0,0,0.0,0,0,0,0,0.0,0,1,4,17.0,0
237,B,Texas A&M,LSU,Marcel Reed,QB,28,20,214.9,1,0,3,0,0.0,0,0,0,0.0,0
237,B,Texas A&M,LSU,Amari Daniels,Rusher,0,0,0.0,0,0,0,2,6.5,0,0,0,0.0,0
237,B,Texas A&M,LSU,Rueben Owens,Rusher,0,0,0.0,0,0,0,2,9.5,0,0,0,0.0,0
237,B,Texas A&M,LSU,Marcel Reed,Rusher,0,0,0.0,0,0,0,6,11.9,0,0,0,0.0,0
237,B,Texas A&M,LSU,Le'Veon Moss,Rusher,0,0,0.0,0,0,0,11,33.5,0,0,0,0.0,0
237,B,Texas A&M,LSU,E.J. Smith,Rusher,0,0,0.0,0,0,0,1,14.0,0,0,0,0.0,0
237,B,Texas A&M,LSU,Jamarion Morrow,Rusher,0,0,0.0,0,0,0,1,3.5,0,0,0,0.0,0
237,B,Texas A&M,LSU,Miles O'Neill,Rusher,0,0,0.0,0,0,0,1,1.8,0,0,0,0.0,0
237,B,Texas A&M,LSU,Kevin Concepcion,Receiver,0,0,0.0,0,0,0,0,0.0,0,5,6,21.1,0
237,B,Texas A&M,LSU,Other WR,Receiver,0,0,0.0,0,0,0,0,0.0,0,5,8,107.5,1
237,B,Texas A&M,LSU,Ashton Bethel-Roman,Receiver,0,0,0.0,0,0,0,0,0.0,0,3,3,37.0,0
237,B,Texas A&M,LSU,Amari Niblack,Receiver,0,0,0.0,0,0,0,0,0.0,0,1,1,1.6,0
237,B,Texas A&M,LSU,Terry Bussey,Receiver,0,0,0.0,0,0,0,0,0.0,0,3,4,18.5,0
237,B,Texas A&M,LSU,Mario Craver,Receiver,0,0,0.0,0,0,0,0,0.0,0,2,3,20.9,0
237,B,Texas A&M,LSU,Nate Boerkircher,Receiver,0,0,0.0,0,0,0,0,0.0,0,0,1,0.0,0
237,B,Texas A&M,LSU,Theo Melin Ohrstrom,Receiver,0,0,0.0,0,0,0,0,0.0,0,1,2,8.4,0
237,B,LSU,Texas A&M,Garrett Nussmeier,QB,24,15,181.6,1,0,1,0,0.0,0,0,0,0.0,0
237,B,LSU,Texas A&M,Caden Durham,Rusher,0,0,0.0,0,0,0,18,89.9,0,0,0,0.0,0
237,B,LSU,Texas A&M,Ju'Juan Johnson,Rusher,0,0,0.0,0,0,0,9,75.4,2,0,0,0.0,0
237,B,LSU,Texas A&M,Other RB,Rusher,0,0,0.0,0,0,0,4,8.6,0,0,0,0.0,0
237,B,LSU,Texas A&M,Harlem Berry,Rusher,0,0,0.0,0,0,0,5,3.1,1,0,0,0.0,0
237,B,LSU,Texas A&M,Garrett Nussmeier,Rusher,0,0,0.0,0,0,0,3,26.2,0,0,0,0.0,0
237,B,LSU,Texas A&M,Kaleb Jackson,Rusher,0,0,0.0,0,0,0,1,-1.0,0,0,0,0.0,0
237,B,LSU,Texas A&M,Trey'Dez Green,Receiver,0,0,0.0,0,0,0,0,0.0,0,1,1,13.6,0
237,B,LSU,Texas A&M,Zavion Thomas,Receiver,0,0,0.0,0,0,0,0,0.0,0,2,2,27.8,0
237,B,LSU,Texas A&M,Aaron Anderson,Receiver,0,0,0.0,0,0,0,0,0.0,0,2,4,14.1,0
237,B,LSU,Texas A&M,Other WR,Receiver,0,0,0.0,0,0,0,0,0.0,0,2,3,24.1,0
237,B,LSU,Texas A&M,Barion Brown,Receiver,0,0,0.0,0,0,0,0,0.0,0,4,5,62.2,1
237,B,LSU,Texas A&M,Bauer Sharp,Receiver,0,0,0.0,0,0,0,0,0.0,0,0,3,0.0,0
237,B,LSU,Texas A&M,Chris Hilton Jr.,Receiver,0,0,0.0,0,0,0,0,0.0,0,1,1,4.2,0
237,B,LSU,Texas A&M,Kyle Parker,Receiver,0,0,0.0,0,0,0,0,0.0,0,1,1,28.9,0
237,B,LSU,Texas A&M,Nic Anderson,Receiver,0,0,0.0,0,0,0,0,0.0,0,2,4,6.7,0
238,A,LSU,Texas A&M,Garrett Nussmeier,QB,39,19,182.6,0,1,4,0,0.0,0,0,0,0.0,0
238,A,LSU,Texas A&M,Ju'Juan Johnson,Rusher,0,0,0.0,0,0,0,5,12.0,0,0,0,0.0,0
238,A,LSU,Texas A&M,Other RB,Rusher,0,0,0.0,0,0,0,2,5.2,0,0,0,0.0,0
238,A,LSU,Texas A&M,Kaleb Jackson,Rusher,0,0,0.0,0,0,0,1,9.7,0,0,0,0.0,0
238,A,LSU,Texas A&M,Caden Durham,Rusher,0,0,0.0,0,0,0,10,28.5,0,0,0,0.0,0
238,A,LSU,Texas A&M,Harlem Berry,Rusher,0,0,0.0,0,0,0,5,16.9,0,0,0,0.0,0
238,A,LSU,Texas A&M,Garrett Nussmeier,Rusher,0,0,0.0,0,0,0,1,7.6,0,0,0,0.0,0
238,A,LSU,Texas A&M,Bauer Sharp,Receiver,0,0,0.0,0,0,0,0,0.0,0,1,3,13.9,0
238,A,LSU,Texas A&M,Aaron Anderson,Receiver,0,0,0.0,0,0,0,0,0.0,0,6,9,55.7,0
238,A,LSU,Texas A&M,Trey'Dez Green,Receiver,0,0,0.0,0,0,0,0,0.0,0,2,7,12.5,0
238,A,LSU,Texas A&M,Other WR,Receiver,0,0,0.0,0,0,0,0,0.0,0,2,2,15.4,0
238,A,LSU,Texas A&M,Zavion Thomas,Receiver,0,0,0.0,0,0,0,0,0.0,0,3,7,8.6,0
238,A,LSU,Texas A&M,Barion Brown,Receiver,0,0,0.0,0,0,0,0,0.0,0,4,8,63.7,0
238,A,LSU,Texas A&M,Kyle Parker,Receiver,0,0,0.0,0,0,0,0,0.0,0,0,2,0.0,0
238,A,LSU,Texas A&M,Chris Hilton Jr.,Receiver,0,0,0.0,0,0,0,0,0.0,0,0,0,0.0,0
238,A,LSU,Texas A&M,Nic Anderson,Receiver,0,0,0.0,0,0,0,0,0.0,0,1,1,12.8,0
238,A,Texas A&M,LSU,Marcel Reed,QB,22,15,178.4,1,0,3,0,0.0,0,0,0,0.0,0
238,A,Texas A&M,LSU,Marcel Reed,Rusher,0,0,0.0,0,0,0,7,68.0,1,0,0,0.0,0
238,A,Texas A&M,LSU,E.J. Smith,Rusher,0,0,0.0,0,0,0,1,11.7,0,0,0,0.0,0
238,A,Texas A&M,LSU,Miles O'Neill,Rusher,0,0,0.0,0,0,0,1,-2.7,0,0,0,0.0,0
238,A,Texas A&M,LSU,Le'Veon Moss,Rusher,0,0,0.0,0,0,0,17,87.4,2,0,0,0.0,0
238,A,Texas A&M,LSU,Rueben Owens,Rusher,0,0,0.0,0,0,0,5,11.0,0,0,0,0.0,0
238,A,Texas A&M,LSU,Amari Daniels,Rusher,0,0,0.0,0,0,0,2,16.3,1,0,0,0.0,0
238,A,Texas A&M,LSU,Kevin Concepcion,Receiver,0,0,0.0,0,0,0,0,0.0,0,2,5,38.9,0
238,A,Texas A&M,LSU,Nate Boerkircher,Receiver,0,0,0.0,0,0,0,0,0.0,0,1,2,11.0,0
238,A,Texas A&M,LSU,Mario Craver,Receiver,0,0,0.0,0,0,0,0,0.0,0,3,3,53.3,1
238,A,Texas A&M,LSU,Terry Bussey,Receiver,0,0,0.0,0,0,0,0,0.0,0,2,2,0.0,0
238,A,Texas A&M,LSU,Ashton Bethel-Roman,Receiver,0,0,0.0,0,0,0,0,0.0,0,2,3,2.4,0
238,A,Texas A&M,LSU,Other WR,Receiver,0,0,0.0,0,0,0,0,0.0,0,4,6,66.2,0
238,A,Texas A&M,LSU,Theo Melin Ohrstrom,Receiver,0,0,0.0,0,0,0,0,0.0,0,1,1,6.5,0
239,B,Texas A&M,LSU,Marcel Reed,QB,20,14,163.2,1,0,6,0,0.0,0,0,0,0.0,0
239,B,Texas A&M,LSU,Amari Daniels,Rusher,0,0,0.0,0,0,0,9,39.4,0,0,0,0.0,0
239,B,Texas A&M,LSU,Jamarion Morrow,Rusher,0,0,0.0,0,0,0,2,15.6,1,0,0,0.0,0
239,B,Texas A&M,LSU,Le'Veon Moss,Rusher,0,0,0.0,0,0,0,14,30.8,1,0,0,0.0,0
239,B,Texas A&M,LSU,Rueben Owens,Rusher,0,0,0.0,0,0,0,3,8.6,0,0,0,0.0,0
239,B,Texas A&M,LSU,E.J. Smith,Rusher,0,0,0.0,0,0,0,1,-4.0,0,0,0,0.0,0
239,B,Texas A&M,LSU,Miles O'Neill,Rusher,0,0,0.0,0,0,0,1,2.8,0,0,0,0.0,0
239,B,Texas A&M,LSU,Marcel Reed,Rusher,0,0,0.0,0,0,0,1,-4.0,0,0,0,0.0,0
239,B,Texas A&M,LSU,Kevin Concepcion,Receiver,0,0,0.0,0,0,0,0,0.0,0,2,2,2.2,0
239,B,Texas A&M,LSU,Other WR,Receiver,0,0,0.0,0,0,0,0,0.0,0,2,3,15.0,0
239,B,Texas A&M,LSU,Ashton Bethel-Roman,Receiver,0,0,0.0,0,0,0,0,0.0,0,2,3,46.3,0
239,B,Texas A&M,LSU,Mario Craver,Receiver,0,0,0.0,0,0,0,0,0.0,0,2,4,26.4,0
239,B,Texas A&M,LSU,Terry Bussey,Receiver,0,0,0.0,0,0,0,0,0.0,0,1,1,17.8,1
239,B,Texas A&M,LSU,Theo Melin Ohrstrom,Receiver,0,0,0.0,0,0,0,0,0.0,0,2,3,36.8,0
239,B,Texas A&M,LSU,Nate Boerkircher,Receiver,0,0,0.0,0,0,0,0,0.0,0,3,4,18.7,0
239,B,Texas A&M,LSU,Amari Niblack,Receiver,0,0,0.0,0,0,0,0,0.0,0,0,0,0.0,0
239,B,LSU,Texas A&M,Garrett Nussmeier,QB,35,19,140.4,0,0,4,0,0.0,0,0,0,0.0,0
239,B,LSU,Texas A&M,Caden Durham,Rusher,0,0,0.0,0,0,0,16,55.7,0,0,0,0.0,0
239,B,LSU,Texas A&M,Garrett Nussmeier,Rusher,0,0,0.0,0,0,0,4,13.3,0,0,0,0.0,0
239,B,LSU,Texas A&M,Ju'Juan Johnson,Rusher,0,0,0.0,0,0,0,2,-6.7,0,0,0,0.0,0
239,B,LSU,Texas A&M,Other RB,Rusher,0,0,0.0,0,0,0,3,8.0,0,0,0,0.0,0
239,B,LSU,Texas A&M,Harlem Berry,Rusher,0,0,0.0,0,0,0,2,-7.0,0,0,0,0.0,0
239,B,LSU,Texas A&M,Kyle Parker,Receiver,0,0,0.0,0,0,0,0,0.0,0,0,0,0.0,0
239,B,LSU,Texas A&M,Aaron Anderson,Receiver,0,0,0.0,0,0,0,0,0.0,0,5,8,28.0,0
239,B,LSU,Texas A&M,Trey'Dez Green,Receiver,0,0,0.0,0,0,0,0,0.0,0,1,1,3.6,0
239,B,LSU,Texas A&M,Other WR,Receiver,0,0,0.0,0,0,0,0,0.0,0,2,3,32.2,0
239,B,LSU,Texas A&M,Barion Brown,Receiver,0,0,0.0,0,0,0,0,0.0,0,2,6,5.5,0
239,B,LSU,Texas A&M,Zavion Thomas,Receiver,0,0,0.0,0,0,0,0,0.0,0,5,8,39.5,0
239,B,LSU,Texas A&M,Bauer Sharp,Receiver,0,0,0.0,0,0,0,0,0.0,0,3,6,27.2,0
239,B,LSU,Texas A&M,Nic Anderson,Receiver,0,0,0.0,0,0,0,0,0.0,0,1,2,4.4,0
239,B,LSU,Texas A&M,Chris Hilton Jr.,Receiver,0,0,0.0,0,0,0,0,0.0,0,0,1,0.0,0
240,A,LSU,Texas A&M,Garrett Nussmeier,QB,27,20,240.2,1,0,1,0,0.0,0,0,0,0.0,0
240,A,LSU,Texas A&M,Ju'Juan Johnson,Rusher,0,0,0.0,0,0,0,5,9.8,0,0,0,0.0,0
240,A,LSU,Texas A&M,Harlem Berry,Rusher,0,0,0.0,0,0,0,5,15.2,0,0,0,0.0,0
240,A,LSU,Texas A&M,Garrett Nussmeier,Rusher,0,0,0.0,0,0,0,3,2.9,0,0,0,0.0,0
240,A,LSU,Texas A&M,Caden Durham,Rusher,0,0,0.0,0,0,0,16,119.9,3,0,0,0.0,0
240,A,LSU,Texas A&M,Kaleb Jackson,Rusher,0,0,0.0,0,0,0,1,2.4,0,0,0,0.0,0
240,A,LSU,Texas A&M,Aaron Anderson,Receiver,0,0,0.0,0,0,0,0,0.0,0,7,8,73.2,1
240,A,LSU,Texas A&M,Barion Brown,Receiver,0,0,0.0,0,0,0,0,0.0,0,4,7,70.8,0
240,A,LSU,Texas A&M,Trey'Dez Green,Receiver,0,0,0.0,0,0,0,0,0.0,0,1,2,6.3,0
240,A,LSU,Texas A&M,Chris Hilton Jr.,Receiver,0,0,0.0,0,0,0,0,0.0,0,3,3,34.4,0
240,A,LSU,Texas A&M,Zavion Thomas,Receiver,0,0,0.0,0,0,0,0,0.0,0,2,3,16.5,0
240,A,LSU,Texas A&M,Kyle Parker,Receiver,0,0,0.0,0,0,0,0,0.0,0,1,2,7.2,0
240,A,LSU,Texas A&M,Bauer Sharp,Receiver,0,0,0.0,0,0,0,0,0.0,0,1,1,16.7,0
240,A,LSU,Texas A&M,Nic Anderson,Receiver,0,0,0.0,0,0,0,0,0.0,0,1,1,15.1,0
240,A,Texas A&M,LSU,Marcel Reed,QB,25,17,203.9,2,0,6,0,0.0,0,0,0,0.0,0
240,A,Texas A&M,LSU,Marcel Reed,Rusher,0,0,0.0,0,0,0,10,40.2,0,0,0,0.0,0
240,A,Texas A&M,LSU,Jamarion Morrow,Rusher,0,0,0.0,0,0,0,2,14.8,0,0,0,0.0,0
240,A,Texas A&M,LSU,Le'Veon Moss,Rusher,0,0,0.0,0,0,0,13,50.5,0,0,0,0.0,0
240,A,Texas A&M,LSU,Amari Daniels,Rusher,0,0,0.0,0,0,0,3,10.1,0,0,0,0.0,0
240,A,Texas A&M,LSU,Rueben Owens,Rusher,0,0,0.0,0,0,0,3,7.5,0,0,0,0.0,0
240,A,Texas A&M,LSU,Miles O'Neill,Rusher,0,0,0.0,0,0,0,3,20.7,0,0,0,0.0,0
240,A,Texas A&M,LSU,Other WR,Receiver,0,0,0.0,0,0,0,0,0.0,0,3,4,40.2,1
240,A,Texas A&M,LSU,Mario Craver,Receiver,0,0,0.0,0,0,0,0,0.0,0,5,9,41.1,0
240,A,Texas A&M,LSU,Kevin Concepcion,Receiver,0,0,0.0,0,0,0,0,0.0,0,7,9,95.2,1
240,A,Texas A&M,LSU,Nate Boerkircher,Receiver,0,0,0.0,0,0,0,0,0.0,0,1,1,14.4,0
240,A,Texas A&M,LSU,Ashton Bethel-Roman,Receiver,0,0,0.0,0,0,0,0,0.0,0,1,1,13.1,0
240,A,Texas A&M,LSU,Theo Melin Ohrstrom,Receiver,0,0,0.0,0,0,0,0,0.0,0,0,1,0.0,0
241,B,Texas A&M,LSU,Marcel Reed,QB,20,14,187.9,0,0,4,0,0.0,0,0,0,0.0,0
241,B,Texas A&M,LSU,Amari Daniels,Rusher,0,0,0.0,0,0,0,7,26.6,1,0,0,0.0,0
241,B,Texas A&M,LSU,Le'Veon Moss,Rusher,0,0,0.0,0,0,0,10,54.1,1,0,0,0.0,0
241,B,Texas A&M,LSU,Rueben Owens,Rusher,0,0,0.0,0,0,0,9,34.9,1,0,0,0.0,0
241,B,Texas A&M,LSU,Marcel Reed,Rusher,0,0,0.0,0,0,0,6,32.9,0,0,0,0.0,0
241,B,Texas A&M,LSU,E.J. Smith,Rusher,0,0,0.0,0,0,0,2,0.2,0,0,0,0.0,0
241,B,Texas A&M,LSU,Miles O'Neill,Rusher,0,0,0.0,0,0,0,2,-2.6,0,0,0,0.0,0
241,B,Texas A&M,LSU,Jamarion Morrow,Rusher,0,0,0.0,0,0,0,1,9.7,0,0,0,0.0,0
241,B,Texas A&M,LSU,Theo Melin Ohrstrom,Receiver,0,0,0.0,0,0,0,0,0.0,0,4,4,17.1,0
241,B,Texas A&M,LSU,Mario Craver,Receiver,0,0,0.0,0,0,0,0,0.0,0,3,7,39.1,0
241,B,Texas A&M,LSU,Ashton Bethel-Roman,Receiver,0,0,0.0,0,0,0,0,0.0,0,4,4,77.5,0
241,B,Texas A&M,LSU,Terry Bussey,Receiver,0,0,0.0,0,0,0,0,0.0,0,0,2,0.0,0
241,B,Texas A&M,LSU,Kevin Concepcion,Receiver,0,0,0.0,0,0,0,0,0.0,0,3,3,54.3,0
241,B,LSU,Texas A&M,Garrett Nussmeier,QB,42,22,251.7,1,0,1,0,0.0,0,0,0,0.0,0
241,B,LSU,Texas A&M,Ju'Juan Johnson,Rusher,0,0,0.0,0,0,0,4,19.9,0,0,0,0.0,0
241,B,LSU,Texas A&M,Other RB,Rusher,0,0,0.0,0,0,0,4,-0.7,0,0,0,0.0,0
241,B,LSU,Texas A&M,Caden Durham,Rusher,0,0,0.0,0,0,0,10,39.8,0,0,0,0.0,0
241,B,LSU,Texas A&M,Garrett Nussmeier,Rusher,0,0,0.0,0,0,0,1,4.6,0,0,0,0.0,0
241,B,LSU,Texas A&M,Kaleb Jackson,Rusher,0,0,0.0,0,0,0,2,5.2,0,0,0,0.0,0
241,B,LSU,Texas A&M,Harlem Berry,Rusher,0,0,0.0,0,0,0,2,-3.6,0,0,0,0.0,0
241,B,LSU,Texas A&M,Bauer Sharp,Receiver,0,0,0.0,0,0,0,0,0.0,0,3,6,38.6,0
241,B,LSU,Texas A&M,Trey'Dez Green,Receiver,0,0,0.0,0,0,0,0,0.0,0,3,4,35.8,0
241,B,LSU,Texas A&M,Zavion Thomas,Receiver,0,0,0.0,0,0,0,0,0.0,0,1,7,13.8,0
241,B,LSU,Texas A&M,Nic Anderson,Receiver,0,0,0.0,0,0,0,0,0.0,0,2,6,30.7,0
241,B,LSU,Texas A&M,Barion Brown,Receiver,0,0,0.0,0,0,0,0,0.0,0,4,6,62.0,1
241,B,LSU,Texas A&M,Other WR,Receiver,0,0,0.0,0,0,0,0,0.0,0,1,2,17.0,0
241,B,LSU,Texas A&M,Aaron Anderson,Receiver,0,0,0.0,0,0,0,0,0.0,0,5,7,27.3,0
241,B,LSU,Texas A&M,Kyle Parker,Receiver,0,0,0.0,0,0,0,0,0.0,0,2,3,12.1,0
241,B,LSU,Texas A&M,Chris Hilton Jr.,Receiver,0,0,0.0,0,0,0,0,0.0,0,1,1,14.5,0
242,A,LSU,Texas A&M,Garrett Nussmeier,QB,32,20,148.9,0,0,0,0,0.0,0,0,0,0.0,0
242,A,LSU,Texas A&M,Caden Durham,Rusher,0,0,0.0,0,0,0,19,86.8,2,0,0,0.0,0
242,A,LSU,Texas A&M,Other RB,Rusher,0,0,0.0,0,0,0,3,17.6,0,0,0,0.0,0
242,A,LSU,Texas A&M,Harlem Berry,Rusher,0,0,0.0,0,0,0,5,22.9,0,0,0,0.0,0
242,A,LSU,Texas A&M,Ju'Juan Johnson,Rusher,0,0,0.0,0,0,0,5,-5.3,0,0,0,0.0,0
242,A,LSU,Texas A&M,Kaleb Jackson,Rusher,0,0,0.0,0,0,0,1,12.0,0,0,0,0.0,0
242,A,LSU,Texas A&M,Garrett Nussmeier,Rusher,0,0,0.0,0,0,0,3,11.5,0,0,0,0.0,0
242,A,LSU,Texas A&M,Barion Brown,Receiver,0,0,0.0,0,0,0,0,0.0,0,5,9,44.7,0
242,A,LSU,Texas A&M,Kyle Parker,Receiver,0,0,0.0,0,0,0,0,0.0,0,3,3,21.6,0
242,A,LSU,Texas A&M,Zavion Thomas,Receiver,0,0,0.0,0,0,0,0,0.0,0,1,3,6.3,0
242,A,LSU,Texas A&M,Aaron Anderson,Receiver,0,0,0.0,0,0,0,0,0.0,0,2,4,18.1,0
242,A,LSU,Texas A&M,Bauer Sharp,Receiver,0,0,0.0,0,0,0,0,0.0,0,5,6,40.8,0
242,A,LSU,Texas A&M,Nic Anderson,Receiver,0,0,0.0,0,0,0,0,0.0,0,2,4,11.4,0
242,A,LSU,Texas A&M,Trey'Dez Green,Receiver,0,0,0.0,0,0,0,0,0.0,0,2,3,6.0,0
242,A,Texas A&M,LSU,Marcel Reed,QB,18,13,136.2,0,0,6,0,0.0,0,0,0,0.0,0
242,A,Texas A&M,LSU,Rueben Owens,Rusher,0,0,0.0,0,0,0,3,2.8,0,0,0,0.0,0
242,A,Texas A&M,LSU,Le'Veon Moss,Rusher,0,0,0.0,0,0,0,6,22.4,0,0,0,0.0,0
242,A,Texas A&M,LSU,Amari Daniels,Rusher,0,0,0.0,0,0,0,5,11.2,0,0,0,0.0,0
242,A,Texas A&M,LSU,Marcel Reed,Rusher,0,0,0.0,0,0,0,8,20.3,1,0,0,0.0,0
242,A,Texas A&M,LSU,Jamarion Morrow,Rusher,0,0,0.0,0,0,0,2,17.5,0,0,0,0.0,0
242,A,Texas A&M,LSU,E.J. Smith,Rusher,0,0,0.0,0,0,0,1,7.9,0,0,0,0.0,0
242,A,Texas A&M,LSU,Theo Melin Ohrstrom,Receiver,0,0,0.0,0,0,0,0,0.0,0,3,4,13.1,0
242,A,Texas A&M,LSU,Kevin Concepcion,Receiver,0,0,0.0,0,0,0,0,0.0,0,6,6,42.6,0
242,A,Texas A&M,LSU,Mario Craver,Receiver,0,0,0.0,0,0,0,0,0.0,0,3,3,56.2,0
242,A,Texas A&M,LSU,Other WR,Receiver,0,0,0.0,0,0,0,0,0.0,0,0,3,0.0,0
242,A,Texas A&M,LSU,Terry Bussey,Receiver,0,0,0.0,0,0,0,0,0.0,0,0,1,0.0,0
242,A,Texas A&M,LSU,Ashton Bethel-Roman,Receiver,0,0,0.0,0,0,0,0,0.0,0,1,1,24.3,0
243,B,Texas A&M,LSU,Marcel Reed,QB,25,20,208.5,2,0,3,0,0.0,0,0,0,0.0,0
243,B,Texas A&M,LSU,Le'Veon Moss,Rusher,0,0,0.0,0,0,0,11,40.3,0,0,0,0.0,0
243,B,Texas A&M,LSU,Marcel Reed,Rusher,0,0,0.0,0,0,0,9,45.8,1,0,0,0.0,0
243,B,Texas A&M,LSU,Rueben Owens,Rusher,0,0,0.0,0,0,0,4,8.1,0,0,0,0.0,0
243,B,Texas A&M,LSU,Amari Daniels,Rusher,0,0,0.0,0,0,0,2,3.4,0,0,0,0.0,0
243,B,Texas A&M,LSU,Jamarion Morrow,Rusher,0,0,0.0,0,0,0,1,2.3,0,0,0,0.0,0
243,B,Texas A&M,LSU,E.J. Smith,Rusher,0,0,0.0,0,0,0,1,0.6,0,0,0,0.0,0
243,B,Texas A&M,LSU,Kevin Concepcion,Receiver,0,0,0.0,0,0,0,0,0.0,0,4,4,68.5,1
243,B,Texas A&M,LSU,Mario Craver,Receiver,0,0,0.0,0,0,0,0,0.0,0,6,8,69.8,1
243,B,Texas A&M,LSU,Other WR,Receiver,0,0,0.0,0,0,0,0,0.0,0,5,6,11.7,0
243,B,Texas A&M,LSU,Theo Melin Ohrstrom,Receiver,0,0,0.0,0,0,0,0,0.0,0,1,2,13.8,0
243,B,Texas A&M,LSU,Ashton Bethel-Roman,Receiver,0,0,0.0,0,0,0,0,0.0,0,2,2,16.4,0
243,B,Texas A&M,LSU,Nate Boerkircher,Receiver,0,0,0.0,0,0,0,0,0.0,0,1,2,10.2,0
243,B,Texas A&M,LSU,Terry Bussey,Receiver,0,0,0.0,0,0,0,0,0.0,0,1,1,18.0,0
243,B,LSU,Texas A&M,Garrett Nussmeier,QB,36,18,172.6,0,0,3,0,0.0,0,0,0,0.0,0
243,B,LSU,Texas A&M,Caden Durham,Rusher,0,0,0.0,0,0,0,10,25.4,0,0,0,0.0,0
243,B,LSU,Texas A&M,Ju'Juan Johnson,Rusher,0,0,0.0,0,0,0,7,49.6,1,0,0,0.0,0
243,B,LSU,Texas A&M,Harlem Berry,Rusher,0,0,0.0,0,0,0,5,20.2,0,0,0,0.0,0
243,B,LSU,Texas A&M,Garrett Nussmeier,Rusher,0,0,0.0,0,0,0,4,10.2,0,0,0,0.0,0
243,B,LSU,Texas A&M,Kaleb Jackson,Rusher,0,0,0.0,0,0,0,1,9.7,0,0,0,0.0,0
243,B,LSU,Texas A&M,Other RB,Rusher,0,0,0.0,0,0,0,2,4.1,0,0,0,0.0,0
243,B,LSU,Texas A&M,Bauer Sharp,Receiver,0,0,0.0,0,0,0,0,0.0,0,4,6,22.1,0
243,B,LSU,Texas A&M,Kyle Parker,Receiver,0,0,0.0,0,0,0,0,0.0,0,3,5,18.7,0
243,B,LSU,Texas A&M,Aaron Anderson,Receiver,0,0,0.0,0,0,0,0,0.0,0,6,8,68.2,0
243,B,LSU,Texas A&M,Zavion Thomas,Receiver,0,0,0.0,0,0,0,0,0.0,0,1,3,6.4,0
243,B,LSU,Texas A&M,Barion Brown,Receiver,0,0,0.0,0,0,0,0,0.0,0,2,7,18.0,0
243,B,LSU,Texas A&M,Other WR,Receiver,0,0,0.0,0,0,0,0,0.0,0,0,2,0.0,0
243,B,LSU,Texas A&M,Trey'Dez Green,Receiver,0,0,0.0,0,0,0,0,0.0,0,2,2,39.2,0
243,B,LSU,Texas A&M,Nic Anderson,Receiver,0,0,0.0,0,0,0,0,0.0,0,0,2,0.0,0
243,B,LSU,Texas A&M,Chris Hilton Jr.,Receiver,0,0,0.0,0,0,0,0,0.0,0,0,1,0.0,0
244,A,LSU,Texas A&M,Garrett Nussmeier,QB,35,19,98.0,0,0,1,0,0.0,0,0,0,0.0,0
244,A,LSU,Texas A&M,Caden Durham,Rusher,0,0,0.0,0,0,0,24,91.6,0,0,0,0.0,0
244,A,LSU,Texas A&M,Harlem Berry,Rusher,0,0,0.0,0,0,0,2,16.9,0,0,0,0.0,0
244,A,LSU,Texas A&M,Other RB,Rusher,0,0,0.0,0,0,0,3,-6.6,0,0,0,0.0,0
244,A,LSU,Texas A&M,Ju'Juan Johnson,Rusher,0,0,0.0,0,0,0,4,4.6,0,0,0,0.0,0
244,A,LSU,Texas A&M,Bauer Sharp,Receiver,0,0,0.0,0,0,0,0,0.0,0,4,8,14.8,0
244,A,LSU,Texas A&M,Trey'Dez Green,Receiver,0,0,0.0,0,0,0,0,0.0,0,2,4,0.6,0
244,A,LSU,Texas A&M,Aaron Anderson,Receiver,0,0,0.0,0,0,0,0,0.0,0,5,7,26.4,0
244,A,LSU,Texas A&M,Zavion Thomas,Receiver,0,0,0.0,0,0,0,0,0.0,0,3,4,20.2,0
244,A,LSU,Texas A&M,Nic Anderson,Receiver,0,0,0.0,0,0,0,0,0.0,0,0,2,0.0,0
244,A,LSU,Texas A&M,Other WR,Receiver,0,0,0.0,0,0,0,0,0.0,0,1,3,4.4,0
244,A,LSU,Texas A&M,Chris Hilton Jr.,Receiver,0,0,0.0,0,0,0,0,0.0,0,1,3,4.2,0
244,A,LSU,Texas A&M,Barion Brown,Receiver,0,0,0.0,0,0,0,0,0.0,0,2,3,22.8,0
244,A,LSU,Texas A&M,Kyle Parker,Receiver,0,0,0.0,0,0,0,0,0.0,0,1,1,4.6,0
244,A,Texas A&M,LSU,Marcel Reed,QB,21,14,160.4,0,0,1,0,0.0,0,0,0,0.0,0
244,A,Texas A&M,LSU,Marcel Reed,Rusher,0,0,0.0,0,0,0,7,33.6,1,0,0,0.0,0
244,A,Texas A&M,LSU,Le'Veon Moss,Rusher,0,0,0.0,0,0,0,18,63.8,1,0,0,0.0,0
244,A,Texas A&M,LSU,Amari Daniels,Rusher,0,0,0.0,0,0,0,4,6.7,0,0,0,0.0,0
244,A,Texas A&M,LSU,Rueben Owens,Rusher,0,0,0.0,0,0,0,3,28.0,1,0,0,0.0,0
244,A,Texas A&M,LSU,Nate Boerkircher,Receiver,0,0,0.0,0,0,0,0,0.0,0,2,2,20.7,0
244,A,Texas A&M,LSU,Kevin Concepcion,Receiver,0,0,0.0,0,0,0,0,0.0,0,4,5,74.2,0
244,A,Texas A&M,LSU,Mario Craver,Receiver,0,0,0.0,0,0,0,0,0.0,0,2,3,14.5,0
244,A,Texas A&M,LSU,Other WR,Receiver,0,0,0.0,0,0,0,0,0.0,0,3,5,10.6,0
244,A,Texas A&M,LSU,Terry Bussey,Receiver,0,0,0.0,0,0,0,0,0.0,0,2,3,37.0,0
244,A,Texas A&M,LSU,Amari Niblack,Receiver,0,0,0.0,0,0,0,0,0.0,0,1,2,3.3,0
244,A,Texas A&M,LSU,Ashton Bethel-Roman,Receiver,0,0,0.0,0,0,0,0,0.0,0,0,1,0.0,0
245,B,Texas A&M,LSU,Marcel Reed,QB,31,21,274.3,2,0,2,0,0.0,0,0,0,0.0,0
245,B,Texas A&M,LSU,Miles O'Neill,Rusher,0,0,0.0,0,0,0,1,1.2,0,0,0,0.0,0
245,B,Texas A&M,LSU,E.J. Smith,Rusher,0,0,0.0,0,0,0,3,28.1,0,0,0,0.0,0
245,B,Texas A&M,LSU,Marcel Reed,Rusher,0,0,0.0,0,0,0,9,23.1,1,0,0,0.0,0
245,B,Texas A&M,LSU,Le'Veon Moss,Rusher,0,0,0.0,0,0,0,12,38.3,0,0,0,0.0,0
245,B,Texas A&M,LSU,Rueben Owens,Rusher,0,0,0.0,0,0,0,8,66.6,1,0,0,0.0,0
245,B,Texas A&M,LSU,Jamarion Morrow,Rusher,0,0,0.0,0,0,0,1,-4.0,0,0,0,0.0,0
245,B,Texas A&M,LSU,Amari Daniels,Rusher,0,0,0.0,0,0,0,5,4.2,0,0,0,0.0,0
245,B,Texas A&M,LSU,Other WR,Receiver,0,0,0.0,0,0,0,0,0.0,0,8,10,111.4,1
245,B,Texas A&M,LSU,Mario Craver,Receiver,0,0,0.0,0,0,0,0,0.0,0,5,7,72.4,0
245,B,Texas A&M,LSU,Nate Boerkircher,Receiver,0,0,0.0,0,0,0,0,0.0,0,2,3,41.4,0
245,B,Texas A&M,LSU,Terry Bussey,Receiver,0,0,0.0,0,0,0,0,0.0,0,1,1,13.6,0
245,B,Texas A&M,LSU,Theo Melin Ohrstrom,Receiver,0,0,0.0,0,0,0,0,0.0,0,3,3,35.3,1
245,B,Texas A&M,LSU,Kevin Concepcion,Receiver,0,0,0.0,0,0,0,0,0.0,0,0,2,0.0,0
245,B,Texas A&M,LSU,Ashton Bethel-Roman,Receiver,0,0,0.0,0,0,0,0,0.0,0,1,4,0.0,0
245,B,Texas A&M,LSU,Amari Niblack,Receiver,0,0,0.0,0,0,0,0,0.0,0,1,1,0.0,0
245,B,LSU,Texas A&M,Garrett Nussmeier,QB,26,16,157.9,0,0,4,0,0.0,0,0,0,0.0,0
245,B,LSU,Texas A&M,Ju'Juan Johnson,Rusher,0,0,0.0,0,0,0,3,5.0,0,0,0,0.0,0
245,B,LSU,Texas A&M,Caden Durham,Rusher,0,0,0.0,0,0,0,11,48.1,1,0,0,0.0,0
245,B,LSU,Texas A&M,Other RB,Rusher,0,0,0.0,0,0,0,2,7.1,0,0,0,0.0,0
245,B,LSU,Texas A&M,Harlem Berry,Rusher,0,0,0.0,0,0,0,5,30.9,1,0,0,0.0,0
245,B,LSU,Texas A&M,Garrett Nussmeier,Rusher,0,0,0.0,0,0,0,1,11.2,0,0,0,0.0,0
245,B,LSU,Texas A&M,Zavion Thomas,Receiver,0,0,0.0,0,0,0,0,0.0,0,4,6,35.9,0
245,B,LSU,Texas A&M,Chris Hilton Jr.,Receiver,0,0,0.0,0,0,0,0,0.0,0,0,1,0.0,0
245,B,LSU,Texas A&M,Barion Brown,Receiver,0,0,0.0,0,0,0,0,0.0,0,5,6,41.2,0
245,B,LSU,Texas A&M,Aaron Anderson,Receiver,0,0,0.0,0,0,0,0,0.0,0,2,3,3.8,0
245,B,LSU,Texas A&M,Kyle Parker,Receiver,0,0,0.0,0,0,0,0,0.0,0,0,0,0.0,0
245,B,LSU,Texas A&M,Bauer Sharp,Receiver,0,0,0.0,0,0,0,0,0.0,0,1,2,12.0,0
245,B,LSU,Texas A&M,Other WR,Receiver,0,0,0.0,0,0,0,0,0.0,0,2,3,28.4,0
245,B,LSU,Texas A&M,Nic Anderson,Receiver,0,0,0.0,0,0,0,0,0.0,0,1,3,19.0,0
245,B,LSU,Texas A&M,Trey'Dez Green,Receiver,0,0,0.0,0,0,0,0,0.0,0,1,2,17.6,0
246,A,LSU,Texas A&M,Garrett Nussmeier,QB,31,18,181.3,1,0,2,0,0.0,0,0,0,0.0,0
246,A,LSU,Texas A&M,Caden Durham,Rusher,0,0,0.0,0,0,0,11,39.7,0,0,0,0.0,0
246,A,LSU,Texas A&M,Harlem Berry,Rusher,0,0,0.0,0,0,0,6,25.5,0,0,0,0.0,0
246,A,LSU,Texas A&M,Kaleb Jackson,Rusher,0,0,0.0,0,0,0,2,1.3,0,0,0,0.0,0
246,A,LSU,Texas A&M,Ju'Juan Johnson,Rusher,0,0,0.0,0,0,0,3,-6.1,0,0,0,0.0,0
246,A,LSU,Texas A&M,Other RB,Rusher,0,0,0.0,0,0,0,2,15.5,0,0,0,0.0,0
246,A,LSU,Texas A&M,Garrett Nussmeier,Rusher,0,0,0.0,0,0,0,1,-3.9,0,0,0,0.0,0
246,A,LSU,Texas A&M,Zavion Thomas,Receiver,0,0,0.0,0,0,0,0,0.0,0,4,4,41.5,1
246,A,LSU,Texas A&M,Trey'Dez Green,Receiver,0,0,0.0,0,0,0,0,0.0,0,2,3,20.8,0
246,A,LSU,Texas A&M,Barion Brown,Receiver,0,0,0.0,0,0,0,0,0.0,0,4,8,41.8,0
246,A,LSU,Texas A&M,Other WR,Receiver,0,0,0.0,0,0,0,0,0.0,0,0,2,0.0,0
246,A,LSU,Texas A&M,Kyle Parker,Receiver,0,0,0.0,0,0,0,0,0.0,0,3,4,17.8,0
246,A,LSU,Texas A&M,Aaron Anderson,Receiver,0,0,0.0,0,0,0,0,0.0,0,2,4,35.3,0
246,A,LSU,Texas A&M,Nic Anderson,Receiver,0,0,0.0,0,0,0,0,0.0,0,1,2,6.3,0
246,A,LSU,Texas A&M,Bauer Sharp,Receiver,0,0,0.0,0,0,0,0,0.0,0,2,4,17.9,0
246,A,LSU,Texas A&M,Chris Hilton Jr.,Receiver,0,0,0.0,0,0,0,0,0.0,0,0,0,0.0,0
246,A,Texas A&M,LSU,Marcel Reed,QB,19,14,227.7,1,0,1,0,0.0,0,0,0,0.0,0
246,A,Texas A&M,LSU,Marcel Reed,Rusher,0,0,0.0,0,0,0,15,83.5,1,0,0,0.0,0
246,A,Texas A&M,LSU,Le'Veon Moss,Rusher,0,0,0.0,0,0,0,18,157.8,3,0,0,0.0,0
246,A,Texas A&M,LSU,Jamarion Morrow,Rusher,0,0,0.0,0,0,0,3,22.9,1,0,0,0.0,0
246,A,Texas A&M,LSU,Amari Daniels,Rusher,0,0,0.0,0,0,0,7,20.9,1,0,0,0.0,0
246,A,Texas A&M,LSU,E.J. Smith,Rusher,0,0,0.0,0,0,0,2,11.0,0,0,0,0.0,0
246,A,Texas A&M,LSU,Rueben Owens,Rusher,0,0,0.0,0,0,0,2,14.7,0,0,0,0.0,0
246,A,Texas A&M,LSU,Kevin Concepcion,Receiver,0,0,0.0,0,0,0,0,0.0,0,3,6,36.3,1
246,A,Texas A&M,LSU,Other WR,Receiver,0,0,0.0,0,0,0,0,0.0,0,6,6,148.7,0
246,A,Texas A&M,LSU,Terry Bussey,Receiver,0,0,0.0,0,0,0,0,0.0,0,2,2,11.9,0
246,A,Texas A&M,LSU,Theo Melin Ohrstrom,Receiver,0,0,0.0,0,0,0,0,0.0,0,1,1,21.6,0
246,A,Texas A&M,LSU,Amari Niblack,Receiver,0,0,0.0,0,0,0,0,0.0,0,1,1,4.4,0
246,A,Texas A&M,LSU,Mario Craver,Receiver,0,0,0.0,0,0,0,0,0.0,0,1,3,4.8,0
247,B,Texas A&M,LSU,Marcel Reed,QB,18,11,100.0,1,0,6,0,0.0,0,0,0,0.0,0
247,B,Texas A&M,LSU,Le'Veon Moss,Rusher,0,0,0.0,0,0,0,17,95.7,2,0,0,0.0,0
247,B,Texas A&M,LSU,E.J. Smith,Rusher,0,0,0.0,0,0,0,2,4.2,0,0,0,0.0,0
247,B,Texas A&M,LSU,Rueben Owens,Rusher,0,0,0.0,0,0,0,2,7.9,0,0,0,0.0,0
247,B,Texas A&M,LSU,Miles O'Neill,Rusher,0,0,0.0,0,0,0,1,1.5,0,0,0,0.0,0
247,B,Texas A&M,LSU,Amari Daniels,Rusher,0,0,0.0,0,0,0,10,53.2,0,0,0,0.0,0
247,B,Texas A&M,LSU,Marcel Reed,Rusher,0,0,0.0,0,0,0,6,15.5,0,0,0,0.0,0
247,B,Texas A&M,LSU,Theo Melin Ohrstrom,Receiver,0,0,0.0,0,0,0,0,0.0,0,1,3,0.0,0
247,B,Texas A&M,LSU,Ashton Bethel-Roman,Receiver,0,0,0.0,0,0,0,0,0.0,0,3,4,13.0,0
247,B,Texas A&M,LSU,Nate Boerkircher,Receiver,0,0,0.0,0,0,0,0,0.0,0,2,3,11.4,0
247,B,Texas A&M,LSU,Other WR,Receiver,0,0,0.0,0,0,0,0,0.0,0,1,2,11.2,0
247,B,Texas A&M,LSU,Mario Craver,Receiver,0,0,0.0,0,0,0,0,0.0,0,1,2,12.6,0
247,B,Texas A&M,LSU,Kevin Concepcion,Receiver,0,0,0.0,0,0,0,0,0.0,0,2,3,37.5,1
247,B,Texas A&M,LSU,Terry Bussey,Receiver,0,0,0.0,0,0,0,0,0.0,0,1,1,14.3,0
247,B,LSU,Texas A&M,Garrett Nussmeier,QB,34,19,190.7,1,0,4,0,0.0,0,0,0,0.0,0
247,B,LSU,Texas A&M,Harlem Berry,Rusher,0,0,0.0,0,0,0,2,-0.8,0,0,0,0.0,0
247,B,LSU,Texas A&M,Caden Durham,Rusher,0,0,0.0,0,0,0,14,35.7,0,0,0,0.0,0
247,B,LSU,Texas A&M,Ju'Juan Johnson,Rusher,0,0,0.0,0,0,0,3,4.6,0,0,0,0.0,0
247,B,LSU,Texas A&M,Garrett Nussmeier,Rusher,0,0,0.0,0,0,0,1,-0.4,0,0,0,0.0,0
247,B,LSU,Texas A&M,Kaleb Jackson,Rusher,0,0,0.0,0,0,0,1,4.4,0,0,0,0.0,0
247,B,LSU,Texas A&M,Other RB,Rusher,0,0,0.0,0,0,0,2,8.7,0,0,0,0.0,0
247,B,LSU,Texas A&M,Zavion Thomas,Receiver,0,0,0.0,0,0,0,0,0.0,0,3,5,12.1,0
247,B,LSU,Texas A&M,Bauer Sharp,Receiver,0,0,0.0,0,0,0,0,0.0,0,3,4,11.8,0
247,B,LSU,Texas A&M,Barion Brown,Receiver,0,0,0.0,0,0,0,0,0.0,0,3,6,41.4,0
247,B,LSU,Texas A&M,Chris Hilton Jr.,Receiver,0,0,0.0,0,0,0,0,0.0,0,1,1,19.2,0
247,B,LSU,Texas A&M,Other WR,Receiver,0,0,0.0,0,0,0,0,0.0,0,2,4,44.4,1
247,B,LSU,Texas A&M,Aaron Anderson,Receiver,0,0,0.0,0,0,0,0,0.0,0,4,8,43.5,0
247,B,LSU,Texas A&M,Kyle Parker,Receiver,0,0,0.0,0,0,0,0,0.0,0,1,3,3.5,0
247,B,LSU,Texas A&M,Trey'Dez Green,Receiver,0,0,0.0,0,0,0,0,0.0,0,1,2,0.5,0
247,B,LSU,Texas A&M,Nic Anderson,Receiver,0,0,0.0,0,0,0,0,0.0,0,1,1,14.3,0
248,A,LSU,Texas A&M,Garrett Nussmeier,QB,38,24,202.0,1,0,1,0,0.0,0,0,0,0.0,0
248,A,LSU,Texas A&M,Caden Durham,Rusher,0,0,0.0,0,0,0,14,27.0,0,0,0,0.0,0
248,A,LSU,Texas A&M,Kaleb Jackson,Rusher,0,0,0.0,0,0,0,2,0.9,0,0,0,0.0,0
248,A,LSU,Texas A&M,Garrett Nussmeier,Rusher,0,0,0.0,0,0,0,1,0.6,0,0,0,0.0,0
248,A,LSU,Texas A&M,Harlem Berry,Rusher,0,0,0.0,0,0,0,4,0.3,0,0,0,0.0,0
248,A,LSU,Texas A&M,Ju'Juan Johnson,Rusher,0,0,0.0,0,0,0,1,4.0,0,0,0,0.0,0
248,A,LSU,Texas A&M,Other RB,Rusher,0,0,0.0,0,0,0,2,-2.7,0,0,0,0.0,0
248,A,LSU,Texas A&M,Aaron Anderson,Receiver,0,0,0.0,0,0,0,0,0.0,0,5,10,29.5,0
248,A,LSU,Texas A&M,Zavion Thomas,Receiver,0,0,0.0,0,0,0,0,0.0,0,5,5,49.1,1
248,A,LSU,Texas A&M,Kyle Parker,Receiver,0,0,0.0,0,0,0,0,0.0,0,2,2,18.6,0
248,A,LSU,Texas A&M,Other WR,Receiver,0,0,0.0,0,0,0,0,0.0,0,0,1,0.0,0
248,A,LSU,Texas A&M,Bauer Sharp,Receiver,0,0,0.0,0,0,0,0,0.0,0,5,6,24.9,0
248,A,LSU,Texas A&M,Barion Brown,Receiver,0,0,0.0,0,0,0,0,0.0,0,2,5,0.0,0
248,A,LSU,Texas A&M,Trey'Dez Green,Receiver,0,0,0.0,0,0,0,0,0.0,0,4,7,63.0,0
248,A,LSU,Texas A&M,Nic Anderson,Receiver,0,0,0.0,0,0,0,0,0.0,0,1,2,17.0,0
248,A,Texas A&M,LSU,Marcel Reed,QB,20,13,116.9,1,0,4,0,0.0,0,0,0,0.0,0
248,A,Texas A&M,LSU,Le'Veon Moss,Rusher,0,0,0.0,0,0,0,18,80.1,0,0,0,0.0,0
248,A,Texas A&M,LSU,E.J. Smith,Rusher,0,0,0.0,0,0,0,2,5.1,0,0,0,0.0,0
248,A,Texas A&M,LSU,Marcel Reed,Rusher,0,0,0.0,0,0,0,7,52.4,0,0,0,0.0,0
248,A,Texas A&M,LSU,Amari Daniels,Rusher,0,0,0.0,0,0,0,6,-4.3,0,0,0,0.0,0
248,A,Texas A&M,LSU,Rueben Owens,Rusher,0,0,0.0,0,0,0,2,16.3,1,0,0,0.0,0
248,A,Texas A&M,LSU,Mario Craver,Receiver,0,0,0.0,0,0,0,0,0.0,0,2,2,28.9,0
248,A,Texas A&M,LSU,Ashton Bethel-Roman,Receiver,0,0,0.0,0,0,0,0,0.0,0,1,4,23.3,0
248,A,Texas A&M,LSU,Other WR,Receiver,0,0,0.0,0,0,0,0,0.0,0,2,4,19.0,0
248,A,Texas A&M,LSU,Kevin Concepcion,Receiver,0,0,0.0,0,0,0,0,0.0,0,4,5,22.6,1
248,A,Texas A&M,LSU,Theo Melin Ohrstrom,Receiver,0,0,0.0,0,0,0,0,0.0,0,1,1,0.0,0
248,A,Texas A&M,LSU,Amari Niblack,Receiver,0,0,0.0,0,0,0,0,0.0,0,1,1,17.6,0
248,A,Texas A&M,LSU,Terry Bussey,Receiver,0,0,0.0,0,0,0,0,0.0,0,2,3,5.5,0
249,B,Texas A&M,LSU,Marcel Reed,QB,23,16,158.8,1,0,5,0,0.0,0,0,0,0.0,0
249,B,Texas A&M,LSU,Le'Veon Moss,Rusher,0,0,0.0,0,0,0,8,16.0,0,0,0,0.0,0
249,B,Texas A&M,LSU,Marcel Reed,Rusher,0,0,0.0,0,0,0,11,62.9,0,0,0,0.0,0
249,B,Texas A&M,LSU,Rueben Owens,Rusher,0,0,0.0,0,0,0,4,4.9,0,0,0,0.0,0
249,B,Texas A&M,LSU,Amari Daniels,Rusher,0,0,0.0,0,0,0,4,23.1,0,0,0,0.0,0
249,B,Texas A&M,LSU,E.J. Smith,Rusher,0,0,0.0,0,0,0,2,3.6,0,0,0,0.0,0
249,B,Texas A&M,LSU,Miles O'Neill,Rusher,0,0,0.0,0,0,0,2,7.8,0,0,0,0.0,0
249,B,Texas A&M,LSU,Other WR,Receiver,0,0,0.0,0,0,0,0,0.0,0,4,7,46.9,0
249,B,Texas A&M,LSU,Kevin Concepcion,Receiver,0,0,0.0,0,0,0,0,0.0,0,2,2,15.5,0
249,B,Texas A&M,LSU,Mario Craver,Receiver,0,0,0.0,0,0,0,0,0.0,0,3,5,26.9,0
249,B,Texas A&M,LSU,Theo Melin Ohrstrom,Receiver,0,0,0.0,0,0,0,0,0.0,0,3,4,34.7,1
249,B,Texas A&M,LSU,Nate Boerkircher,Receiver,0,0,0.0,0,0,0,0,0.0,0,2,3,28.7,0
249,B,Texas A&M,LSU,Ashton Bethel-Roman,Receiver,0,0,0.0,0,0,0,0,0.0,0,2,2,6.0,0
249,B,LSU,Texas A&M,Garrett Nussmeier,QB,32,19,116.0,1,0,3,0,0.0,0,0,0,0.0,0
249,B,LSU,Texas A&M,Other RB,Rusher,0,0,0.0,0,0,0,3,-4.4,0,0,0,0.0,0
249,B,LSU,Texas A&M,Harlem Berry,Rusher,0,0,0.0,0,0,0,4,17.5,0,0,0,0.0,0
249,B,LSU,Texas A&M,Garrett Nussmeier,Rusher,0,0,0.0,0,0,0,3,12.6,0,0,0,0.0,0
249,B,LSU,Texas A&M,Caden Durham,Rusher,0,0,0.0,0,0,0,9,47.3,0,0,0,0.0,0
249,B,LSU,Texas A&M,Ju'Juan Johnson,Rusher,0,0,0.0,0,0,0,2,9.6,0,0,0,0.0,0
249,B,LSU,Texas A&M,Kaleb Jackson,Rusher,0,0,0.0,0,0,0,1,-0.7,0,0,0,0.0,0
249,B,LSU,Texas A&M,Aaron Anderson,Receiver,0,0,0.0,0,0,0,0,0.0,0,6,9,33.9,1
249,B,LSU,Texas A&M,Trey'Dez Green,Receiver,0,0,0.0,0,0,0,0,0.0,0,0,1,0.0,0
249,B,LSU,Texas A&M,Barion Brown,Receiver,0,0,0.0,0,0,0,0,0.0,0,5,9,22.5,0
249,B,LSU,Texas A&M,Other WR,Receiver,0,0,0.0,0,0,0,0,0.0,0,1,1,19.6,0
249,B,LSU,Texas A&M,Kyle Parker,Receiver,0,0,0.0,0,0,0,0,0.0,0,2,3,15.3,0
249,B,LSU,Texas A&M,Nic Anderson,Receiver,0,0,0.0,0,0,0,0,0.0,0,1,2,7.1,0
249,B,LSU,Texas A&M,Bauer Sharp,Receiver,0,0,0.0,0,0,0,0,0.0,0,3,6,10.2,0
249,B,LSU,Texas A&M,Zavion Thomas,Receiver,0,0,0.0,0,0,0,0,0.0,0,1,1,7.3,0
250,A,LSU,Texas A&M,Garrett Nussmeier,QB,25,18,221.5,3,0,1,0,0.0,0,0,0,0.0,0
250,A,LSU,Texas A&M,Ju'Juan Johnson,Rusher,0,0,0.0,0,0,0,6,51.1,1,0,0,0.0,0
250,A,LSU,Texas A&M,Caden Durham,Rusher,0,0,0.0,0,0,0,23,103.2,0,0,0,0.0,0
250,A,LSU,Texas A&M,Harlem Berry,Rusher,0,0,0.0,0,0,0,2,1.0,0,0,0,0.0,0
250,A,LSU,Texas A&M,Kaleb Jackson,Rusher,0,0,0.0,0,0,0,1,-0.5,0,0,0,0.0,0
250,A,LSU,Texas A&M,Garrett Nussmeier,Rusher,0,0,0.0,0,0,0,2,11.7,0,0,0,0.0,0
250,A,LSU,Texas A&M,Other RB,Rusher,0,0,0.0,0,0,0,5,14.9,0,0,0,0.0,0
250,A,LSU,Texas A&M,Nic Anderson,Receiver,0,0,0.0,0,0,0,0,0.0,0,0,2,0.0,0
250,A,LSU,Texas A&M,Other WR,Receiver,0,0,0.0,0,0,0,0,0.0,0,2,3,8.8,0
250,A,LSU,Texas A&M,Bauer Sharp,Receiver,0,0,0.0,0,0,0,0,0.0,0,3,3,31.1,0
250,A,LSU,Texas A&M,Aaron Anderson,Receiver,0,0,0.0,0,0,0,0,0.0,0,5,6,49.5,2
250,A,LSU,Texas A&M,Barion Brown,Receiver,0,0,0.0,0,0,0,0,0.0,0,2,3,22.4,0
250,A,LSU,Texas A&M,Kyle Parker,Receiver,0,0,0.0,0,0,0,0,0.0,0,1,1,8.7,0
250,A,LSU,Texas A&M,Chris Hilton Jr.,Receiver,0,0,0.0,0,0,0,0,0.0,0,2,3,42.1,1
250,A,LSU,Texas A&M,Zavion Thomas,Receiver,0,0,0.0,0,0,0,0,0.0,0,3,4,58.9,0
250,A,Texas A&M,LSU,Marcel Reed,QB,25,13,131.3,0,0,6,0,0.0,0,0,0,0.0,0
250,A,Texas A&M,LSU,Rueben Owens,Rusher,0,0,0.0,0,0,0,4,10.3,0,0,0,0.0,0
250,A,Texas A&M,LSU,Le'Veon Moss,Rusher,0,0,0.0,0,0,0,7,21.9,0,0,0,0.0,0
250,A,Texas A&M,LSU,Amari Daniels,Rusher,0,0,0.0,0,0,0,3,31.2,0,0,0,0.0,0
250,A,Texas A&M,LSU,Miles O'Neill,Rusher,0,0,0.0,0,0,0,2,9.8,0,0,0,0.0,0
250,A,Texas A&M,LSU,E.J. Smith,Rusher,0,0,0.0,0,0,0,2,12.0,0,0,0,0.0,0
250,A,Texas A&M,LSU,Marcel Reed,Rusher,0,0,0.0,0,0,0,4,13.3,0,0,0,0.0,0
250,A,Texas A&M,LSU,Ashton Bethel-Roman,Receiver,0,0,0.0,0,0,0,0,0.0,0,1,3,0.0,0
250,A,Texas A&M,LSU,Terry Bussey,Receiver,0,0,0.0,0,0,0,0,0.0,0,4,4,47.6,0
250,A,Texas A&M,LSU,Other WR,Receiver,0,0,0.0,0,0,0,0,0.0,0,2,6,29.5,0
250,A,Texas A&M,LSU,Mario Craver,Receiver,0,0,0.0,0,0,0,0,0.0,0,2,6,14.8,0
250,A,Texas A&M,LSU,Kevin Concepcion,Receiver,0,0,0.0,0,0,0,0,0.0,0,2,4,12.7,0
250,A,Texas A&M,LSU,Theo Melin Ohrstrom,Receiver,0,0,0.0,0,0,0,0,0.0,0,1,1,17.7,0
250,A,Texas A&M,LSU,Amari Niblack,Receiver,0,0,0.0,0,0,0,0,0.0,0,0,0,0.0,0
250,A,Texas A&M,LSU,Nate Boerkircher,Receiver,0,0,0.0,0,0,0,0,0.0,0,1,1,8.9,0
251,B,Texas A&M,LSU,Marcel Reed,QB,25,16,179.1,0,0,2,0,0.0,0,0,0,0.0,0
251,B,Texas A&M,LSU,Marcel Reed,Rusher,0,0,0.0,0,0,0,4,26.0,1,0,0,0.0,0
251,B,Texas A&M,LSU,Amari Daniels,Rusher,0,0,0.0,0,0,0,11,74.2,2,0,0,0.0,0
251,B,Texas A&M,LSU,Le'Veon Moss,Rusher,0,0,0.0,0,0,0,17,104.4,1,0,0,0.0,0
251,B,Texas A&M,LSU,Rueben Owens,Rusher,0,0,0.0,0,0,0,5,21.5,0,0,0,0.0,0
251,B,Texas A&M,LSU,Miles O'Neill,Rusher,0,0,0.0,0,0,0,2,14.8,0,0,0,0.0,0
251,B,Texas A&M,LSU,E.J. Smith,Rusher,0,0,0.0,0,0,0,4,23.8,0,0,0,0.0,0
251,B,Texas A&M,LSU,Kevin Concepcion,Receiver,0,0,0.0,0,0,0,0,0.0,0,7,9,69.4,0
251,B,Texas A&M,LSU,Theo Melin Ohrstrom,Receiver,0,0,0.0,0,0,0,0,0.0,0,1,2,30.3,0
251,B,Texas A&M,LSU,Mario Craver,Receiver,0,0,0.0,0,0,0,0,0.0,0,2,4,21.4,0
251,B,Texas A&M,LSU,Terry Bussey,Receiver,0,0,0.0,0,0,0,0,0.0,0,3,4,16.0,0
251,B,Texas A&M,LSU,Other WR,Receiver,0,0,0.0,0,0,0,0,0.0,0,2,3,23.8,0
251,B,Texas A&M,LSU,Nate Boerkircher,Receiver,0,0,0.0,0,0,0,0,0.0,0,0,1,0.0,0
251,B,Texas A&M,LSU,Amari Niblack,Receiver,0,0,0.0,0,0,0,0,0.0,0,0,1,0.0,0
251,B,Texas A&M,LSU,Ashton Bethel-Roman,Receiver,0,0,0.0,0,0,0,0,0.0,0,1,1,18.2,0
251,B,LSU,Texas A&M,Garrett Nussmeier,QB,29,13,143.3,1,0,0,0,0.0,0,0,0,0.0,0
251,B,LSU,Texas A&M,Caden Durham,Rusher,0,0,0.0,0,0,0,9,36.5,0,0,0,0.0,0
251,B,LSU,Texas A&M,Other RB,Rusher,0,0,0.0,0,0,0,2,15.2,0,0,0,0.0,0
251,B,LSU,Texas A&M,Harlem Berry,Rusher,0,0,0.0,0,0,0,8,28.5,0,0,0,0.0,0
251,B,LSU,Texas A&M,Ju'Juan Johnson,Rusher,0,0,0.0,0,0,0,3,8.3,0,0,0,0.0,0
251,B,LSU,Texas A&M,Garrett Nussmeier,Rusher,0,0,0.0,0,0,0,2,12.7,0,0,0,0.0,0
251,B,LSU,Texas A&M,Kaleb Jackson,Rusher,0,0,0.0,0,0,0,1,-0.7,0,0,0,0.0,0
251,B,LSU,Texas A&M,Trey'Dez Green,Receiver,0,0,0.0,0,0,0,0,0.0,0,1,2,13.7,0
251,B,LSU,Texas A&M,Kyle Parker,Receiver,0,0,0.0,0,0,0,0,0.0,0,2,6,32.9,1
251,B,LSU,Texas A&M,Zavion Thomas,Receiver,0,0,0.0,0,0,0,0,0.0,0,1,3,9.9,0
251,B,LSU,Texas A&M,Barion Brown,Receiver,0,0,0.0,0,0,0,0,0.0,0,3,5,9.2,0
251,B,LSU,Texas A&M,Aaron Anderson,Receiver,0,0,0.0,0,0,0,0,0.0,0,3,6,34.5,0
251,B,LSU,Texas A&M,Other WR,Receiver,0,0,0.0,0,0,0,0,0.0,0,1,2,22.5,0
251,B,LSU,Texas A&M,Bauer Sharp,Receiver,0,0,0.0,0,0,0,0,0.0,0,2,4,20.5,0
251,B,LSU,Texas A&M,Nic Anderson,Receiver,0,0,0.0,0,0,0,0,0.0,0,0,1,0.0,0
252,A,LSU,Texas A&M,Garrett Nussmeier,QB,27,11,91.4,1,1,1,0,0.0,0,0,0,0.0,0
252,A,LSU,Texas A&M,Caden Durham,Rusher,0,0,0.0,0,0,0,17,97.9,0,0,0,0.0,0
252,A,LSU,Texas A&M,Harlem Berry,Rusher,0,0,0.0,0,0,0,6,28.1,0,0,0,0.0,0
252,A,LSU,Texas A&M,Ju'Juan Johnson,Rusher,0,0,0.0,0,0,0,8,31.7,0,0,0,0.0,0
252,A,LSU,Texas A&M,Other RB,Rusher,0,0,0.0,0,0,0,4,28.8,1,0,0,0.0,0
252,A,LSU,Texas A&M,Garrett Nussmeier,Rusher,0,0,0.0,0,0,0,4,7.4,0,0,0,0.0,0
252,A,LSU,Texas A&M,Kaleb Jackson,Rusher,0,0,0.0,0,0,0,1,7.7,0,0,0,0.0,0
252,A,LSU,Texas A&M,Bauer Sharp,Receiver,0,0,0.0,0,0,0,0,0.0,0,0,2,0.0,0
252,A,LSU,Texas A&M,Barion Brown,Receiver,0,0,0.0,0,0,0,0,0.0,0,3,8,18.9,0
252,A,LSU,Texas A&M,Trey'Dez Green,Receiver,0,0,0.0,0,0,0,0,0.0,0,2,3,27.3,0
252,A,LSU,Texas A&M,Aaron Anderson,Receiver,0,0,0.0,0,0,0,0,0.0,0,4,5,39.2,1
252,A,LSU,Texas A&M,Nic Anderson,Receiver,0,0,0.0,0,0,0,0,0.0,0,1,3,0.0,0
252,A,LSU,Texas A&M,Zavion Thomas,Receiver,0,0,0.0,0,0,0,0,0.0,0,0,3,0.0,0
252,A,LSU,Texas A&M,Chris Hilton Jr.,Receiver,0,0,0.0,0,0,0,0,0.0,0,1,1,6.0,0
252,A,LSU,Texas A&M,Kyle Parker,Receiver,0,0,0.0,0,0,0,0,0.0,0,0,1,0.0,0
252,A,LSU,Texas A&M,Other WR,Receiver,0,0,0.0,0,0,0,0,0.0,0,0,1,0.0,0
252,A,Texas A&M,LSU,Marcel Reed,QB,27,14,123.4,1,0,5,0,0.0,0,0,0,0.0,0
252,A,Texas A&M,LSU,Le'Veon Moss,Rusher,0,0,0.0,0,0,0,11,70.3,1,0,0,0.0,0
252,A,Texas A&M,LSU,Marcel Reed,Rusher,0,0,0.0,0,0,0,4,6.2,0,0,0,0.0,0
252,A,Texas A&M,LSU,Rueben Owens,Rusher,0,0,0.0,0,0,0,4,8.1,0,0,0,0.0,0
252,A,Texas A&M,LSU,Amari Daniels,Rusher,0,0,0.0,0,0,0,6,27.3,0,0,0,0.0,0
252,A,Texas A&M,LSU,Jamarion Morrow,Rusher,0,0,0.0,0,0,0,1,7.5,0,0,0,0.0,0
252,A,Texas A&M,LSU,Other WR,Receiver,0,0,0.0,0,0,0,0,0.0,0,3,4,9.2,0
252,A,Texas A&M,LSU,Theo Melin Ohrstrom,Receiver,0,0,0.0,0,0,0,0,0.0,0,0,1,0.0,0
252,A,Texas A&M,LSU,Kevin Concepcion,Receiver,0,0,0.0,0,0,0,0,0.0,0,2,7,15.2,0
252,A,Texas A&M,LSU,Ashton Bethel-Roman,Receiver,0,0,0.0,0,0,0,0,0.0,0,3,4,13.9,0
252,A,Texas A&M,LSU,Amari Niblack,Receiver,0,0,0.0,0,0,0,0,0.0,0,0,2,0.0,0
252,A,Texas A&M,LSU,Mario Craver,Receiver,0,0,0.0,0,0,0,0,0.0,0,4,6,68.9,1
252,A,Texas A&M,LSU,Nate Boerkircher,Receiver,0,0,0.0,0,0,0,0,0.0,0,1,2,11.9,0
252,A,Texas A&M,LSU,Terry Bussey,Receiver,0,0,0.0,0,0,0,0,0.0,0,1,1,4.4,0
253,B,Texas A&M,LSU,Marcel Reed,QB,34,20,181.8,2,0,4,0,0.0,0,0,0,0.0,0
253,B,Texas A&M,LSU,Rueben Owens,Rusher,0,0,0.0,0,0,0,4,20.3,0,0,0,0.0,0
253,B,Texas A&M,LSU,Miles O'Neill,Rusher,0,0,0.0,0,0,0,1,6.3,0,0,0,0.0,0
253,B,Texas A&M,LSU,Le'Veon Moss,Rusher,0,0,0.0,0,0,0,15,60.8,0,0,0,0.0,0
253,B,Texas A&M,LSU,Marcel Reed,Rusher,0,0,0.0,0,0,0,4,10.5,0,0,0,0.0,0
253,B,Texas A&M,LSU,Jamarion Morrow,Rusher,0,0,0.0,0,0,0,1,6.2,0,0,0,0.0,0
253,B,Texas A&M,LSU,Nate Boerkircher,Receiver,0,0,0.0,0,0,0,0,0.0,0,1,2,20.3,0
253,B,Texas A&M,LSU,Other WR,Receiver,0,0,0.0,0,0,0,0,0.0,0,5,10,41.7,0
253,B,Texas A&M,LSU,Mario Craver,Receiver,0,0,0.0,0,0,0,0,0.0,0,6,11,48.9,2
253,B,Texas A&M,LSU,Ashton Bethel-Roman,Receiver,0,0,0.0,0,0,0,0,0.0,0,2,3,19.4,0
253,B,Texas A&M,LSU,Kevin Concepcion,Receiver,0,0,0.0,0,0,0,0,0.0,0,3,4,21.4,0
253,B,Texas A&M,LSU,Theo Melin Ohrstrom,Receiver,0,0,0.0,0,0,0,0,0.0,0,1,1,15.3,0
253,B,Texas A&M,LSU,Terry Bussey,Receiver,0,0,0.0,0,0,0,0,0.0,0,1,2,14.7,0
253,B,Texas A&M,LSU,Amari Niblack,Receiver,0,0,0.0,0,0,0,0,0.0,0,1,1,0.0,0
253,B,LSU,Texas A&M,Garrett Nussmeier,QB,22,14,124.9,0,0,0,0,0.0,0,0,0,0.0,0
253,B,LSU,Texas A&M,Caden Durham,Rusher,0,0,0.0,0,0,0,20,85.6,1,0,0,0.0,0
253,B,LSU,Texas A&M,Ju'Juan Johnson,Rusher,0,0,0.0,0,0,0,5,29.1,1,0,0,0.0,0
253,B,LSU,Texas A&M,Harlem Berry,Rusher,0,0,0.0,0,0,0,5,13.1,0,0,0,0.0,0
253,B,LSU,Texas A&M,Garrett Nussmeier,Rusher,0,0,0.0,0,0,0,2,8.3,0,0,0,0.0,0
253,B,LSU,Texas A&M,Other RB,Rusher,0,0,0.0,0,0,0,3,11.2,0,0,0,0.0,0
253,B,LSU,Texas A&M,Kaleb Jackson,Rusher,0,0,0.0,0,0,0,1,10.6,0,0,0,0.0,0
253,B,LSU,Texas A&M,Nic Anderson,Receiver,0,0,0.0,0,0,0,0,0.0,0,1,1,8.6,0
253,B,LSU,Texas A&M,Zavion Thomas,Receiver,0,0,0.0,0,0,0,0,0.0,0,0,3,0.0,0
253,B,LSU,Texas A&M,Trey'Dez Green,Receiver,0,0,0.0,0,0,0,0,0.0,0,5,5,49.0,0
253,B,LSU,Texas A&M,Barion Brown,Receiver,0,0,0.0,0,0,0,0,0.0,0,3,3,10.2,0
253,B,LSU,Texas A&M,Chris Hilton Jr.,Receiver,0,0,0.0,0,0,0,0,0.0,0,0,2,0.0,0
253,B,LSU,Texas A&M,Bauer Sharp,Receiver,0,0,0.0,0,0,0,0,0.0,0,2,3,29.1,0
253,B,LSU,Texas A&M,Kyle Parker,Receiver,0,0,0.0,0,0,0,0,0.0,0,2,2,28.0,0
253,B,LSU,Texas A&M,Aaron Anderson,Receiver,0,0,0.0,0,0,0,0,0.0,0,1,3,0.0,0
254,A,LSU,Texas A&M,Garrett Nussmeier,QB,24,17,183.5,0,0,4,0,0.0,0,0,0,0.0,0
254,A,LSU,Texas A&M,Caden Durham,Rusher,0,0,0.0,0,0,0,13,30.1,1,0,0,0.0,0
254,A,LSU,Texas A&M,Other RB,Rusher,0,0,0.0,0,0,0,2,-2.0,0,0,0,0.0,0
254,A,LSU,Texas A&M,Ju'Juan Johnson,Rusher,0,0,0.0,0,0,0,5,19.7,0,0,0,0.0,0
254,A,LSU,Texas A&M,Harlem Berry,Rusher,0,0,0.0,0,0,0,6,37.8,1,0,0,0.0,0
254,A,LSU,Texas A&M,Kaleb Jackson,Rusher,0,0,0.0,0,0,0,2,10.8,0,0,0,0.0,0
254,A,LSU,Texas A&M,Garrett Nussmeier,Rusher,0,0,0.0,0,0,0,2,17.9,0,0,0,0.0,0
254,A,LSU,Texas A&M,Other WR,Receiver,0,0,0.0,0,0,0,0,0.0,0,1,2,13.3,0
254,A,LSU,Texas A&M,Zavion Thomas,Receiver,0,0,0.0,0,0,0,0,0.0,0,2,3,34.7,0
254,A,LSU,Texas A&M,Aaron Anderson,Receiver,0,0,0.0,0,0,0,0,0.0,0,2,3,23.3,0
254,A,LSU,Texas A&M,Bauer Sharp,Receiver,0,0,0.0,0,0,0,0,0.0,0,3,5,33.6,0
254,A,LSU,Texas A&M,Kyle Parker,Receiver,0,0,0.0,0,0,0,0,0.0,0,1,1,2.7,0
254,A,LSU,Texas A&M,Nic Anderson,Receiver,0,0,0.0,0,0,0,0,0.0,0,1,1,19.0,0
254,A,LSU,Texas A&M,Barion Brown,Receiver,0,0,0.0,0,0,0,0,0.0,0,3,4,26.9,0
254,A,LSU,Texas A&M,Trey'Dez Green,Receiver,0,0,0.0,0,0,0,0,0.0,0,2,3,27.2,0
254,A,LSU,Texas A&M,Chris Hilton Jr.,Receiver,0,0,0.0,0,0,0,0,0.0,0,2,2,2.8,0
254,A,Texas A&M,LSU,Marcel Reed,QB,22,14,83.4,0,0,3,0,0.0,0,0,0,0.0,0
254,A,Texas A&M,LSU,E.J. Smith,Rusher,0,0,0.0,0,0,0,2,6.9,0,0,0,0.0,0
254,A,Texas A&M,LSU,Le'Veon Moss,Rusher,0,0,0.0,0,0,0,14,68.9,1,0,0,0.0,0
254,A,Texas A&M,LSU,Rueben Owens,Rusher,0,0,0.0,0,0,0,5,13.9,0,0,0,0.0,0
254,A,Texas A&M,LSU,Jamarion Morrow,Rusher,0,0,0.0,0,0,0,2,5.6,0,0,0,0.0,0
254,A,Texas A&M,LSU,Amari Daniels,Rusher,0,0,0.0,0,0,0,4,6.9,0,0,0,0.0,0
254,A,Texas A&M,LSU,Marcel Reed,Rusher,0,0,0.0,0,0,0,2,1.0,0,0,0,0.0,0
254,A,Texas A&M,LSU,Miles O'Neill,Rusher,0,0,0.0,0,0,0,2,0.5,0,0,0,0.0,0
254,A,Texas A&M,LSU,Terry Bussey,Receiver,0,0,0.0,0,0,0,0,0.0,0,1,3,2.5,0
254,A,Texas A&M,LSU,Mario Craver,Receiver,0,0,0.0,0,0,0,0,0.0,0,3,6,30.8,0
254,A,Texas A&M,LSU,Other WR,Receiver,0,0,0.0,0,0,0,0,0.0,0,3,4,26.0,0
254,A,Texas A&M,LSU,Kevin Concepcion,Receiver,0,0,0.0,0,0,0,0,0.0,0,3,3,15.2,0
254,A,Texas A&M,LSU,Amari Niblack,Receiver,0,0,0.0,0,0,0,0,0.0,0,1,1,8.3,0
254,A,Texas A&M,LSU,Ashton Bethel-Roman,Receiver,0,0,0.0,0,0,0,0,0.0,0,1,2,0.0,0
254,A,Texas A&M,LSU,Nate Boerkircher,Receiver,0,0,0.0,0,0,0,0,0.0,0,1,1,0.0,0
254,A,Texas A&M,LSU,Theo Melin Ohrstrom,Receiver,0,0,0.0,0,0,0,0,0.0,0,1,2,0.6,0
255,B,Texas A&M,LSU,Marcel Reed,QB,23,12,101.0,0,0,3,0,0.0,0,0,0,0.0,0
255,B,Texas A&M,LSU,Rueben Owens,Rusher,0,0,0.0,0,0,0,5,10.0,0,0,0,0.0,0
255,B,Texas A&M,LSU,Le'Veon Moss,Rusher,0,0,0.0,0,0,0,11,30.7,0,0,0,0.0,0
255,B,Texas A&M,LSU,Miles O'Neill,Rusher,0,0,0.0,0,0,0,1,4.9,0,0,0,0.0,0
255,B,Texas A&M,LSU,Amari Daniels,Rusher,0,0,0.0,0,0,0,3,7.0,0,0,0,0.0,0
255,B,Texas A&M,LSU,Marcel Reed,Rusher,0,0,0.0,0,0,0,2,3.0,0,0,0,0.0,0
255,B,Texas A&M,LSU,E.J. Smith,Rusher,0,0,0.0,0,0,0,1,4.4,0,0,0,0.0,0
255,B,Texas A&M,LSU,Amari Niblack,Receiver,0,0,0.0,0,0,0,0,0.0,0,1,2,0.0,0
255,B,Texas A&M,LSU,Ashton Bethel-Roman,Receiver,0,0,0.0,0,0,0,0,0.0,0,0,2,0.0,0
255,B,Texas A&M,LSU,Kevin Concepcion,Receiver,0,0,0.0,0,0,0,0,0.0,0,2,5,13.6,0
255,B,Texas A&M,LSU,Mario Craver,Receiver,0,0,0.0,0,0,0,0,0.0,0,3,6,54.4,0
255,B,Texas A&M,LSU,Nate Boerkircher,Receiver,0,0,0.0,0,0,0,0,0.0,0,2,2,6.3,0
255,B,Texas A&M,LSU,Other WR,Receiver,0,0,0.0,0,0,0,0,0.0,0,4,6,26.7,0
255,B,LSU,Texas A&M,Garrett Nussmeier,QB,27,17,143.3,0,0,1,0,0.0,0,0,0,0.0,0
255,B,LSU,Texas A&M,Other RB,Rusher,0,0,0.0,0,0,0,7,52.7,0,0,0,0.0,0
255,B,LSU,Texas A&M,Caden Durham,Rusher,0,0,0.0,0,0,0,20,99.2,3,0,0,0.0,0
255,B,LSU,Texas A&M,Ju'Juan Johnson,Rusher,0,0,0.0,0,0,0,5,10.5,1,0,0,0.0,0
255,B,LSU,Texas A&M,Harlem Berry,Rusher,0,0,0.0,0,0,0,6,20.9,0,0,0,0.0,0
255,B,LSU,Texas A&M,Garrett Nussmeier,Rusher,0,0,0.0,0,0,0,2,18.4,0,0,0,0.0,0
255,B,LSU,Texas A&M,Kaleb Jackson,Rusher,0,0,0.0,0,0,0,2,11.8,0,0,0,0.0,0
255,B,LSU,Texas A&M,Barion Brown,Receiver,0,0,0.0,0,0,0,0,0.0,0,6,7,83.0,0
255,B,LSU,Texas A&M,Bauer Sharp,Receiver,0,0,0.0,0,0,0,0,0.0,0,2,3,12.9,0
255,B,LSU,Texas A&M,Kyle Parker,Receiver,0,0,0.0,0,0,0,0,0.0,0,1,2,6.3,0
255,B,LSU,Texas A&M,Other WR,Receiver,0,0,0.0,0,0,0,0,0.0,0,1,1,4.7,0
255,B,LSU,Texas A&M,Nic Anderson,Receiver,0,0,0.0,0,0,0,0,0.0,0,1,3,2.5,0
255,B,LSU,Texas A&M,Aaron Anderson,Receiver,0,0,0.0,0,0,0,0,0.0,0,4,7,7.2,0
255,B,LSU,Texas A&M,Trey'Dez Green,Receiver,0,0,0.0,0,0,0,0,0.0,0,2,4,26.7,0
256,A,LSU,Texas A&M,Garrett Nussmeier,QB,32,21,186.2,0,0,5,0,0.0,0,0,0,0.0,0
256,A,LSU,Texas A&M,Harlem Berry,Rusher,0,0,0.0,0,0,0,5,12.9,0,0,0,0.0,0
256,A,LSU,Texas A&M,Ju'Juan Johnson,Rusher,0,0,0.0,0,0,0,6,19.5,1,0,0,0.0,0
256,A,LSU,Texas A&M,Caden Durham,Rusher,0,0,0.0,0,0,0,12,38.6,1,0,0,0.0,0
256,A,LSU,Texas A&M,Kaleb Jackson,Rusher,0,0,0.0,0,0,0,1,8.2,0,0,0,0.0,0
256,A,LSU,Texas A&M,Other RB,Rusher,0,0,0.0,0,0,0,1,4.5,0,0,0,0.0,0
256,A,LSU,Texas A&M,Garrett Nussmeier,Rusher,0,0,0.0,0,0,0,2,0.9,0,0,0,0.0,0
256,A,LSU,Texas A&M,Barion Brown,Receiver,0,0,0.0,0,0,0,0,0.0,0,7,11,94.1,0
256,A,LSU,Texas A&M,Zavion Thomas,Receiver,0,0,0.0,0,0,0,0,0.0,0,4,7,22.0,0
256,A,LSU,Texas A&M,Nic Anderson,Receiver,0,0,0.0,0,0,0,0,0.0,0,2,3,10.7,0
256,A,LSU,Texas A&M,Trey'Dez Green,Receiver,0,0,0.0,0,0,0,0,0.0,0,1,2,0.0,0
256,A,LSU,Texas A&M,Kyle Parker,Receiver,0,0,0.0,0,0,0,0,0.0,0,1,1,5.9,0
256,A,LSU,Texas A&M,Aaron Anderson,Receiver,0,0,0.0,0,0,0,0,0.0,0,3,4,26.0,0
256,A,LSU,Texas A&M,Bauer Sharp,Receiver,0,0,0.0,0,0,0,0,0.0,0,1,2,0.0,0
256,A,LSU,Texas A&M,Other WR,Receiver,0,0,0.0,0,0,0,0,0.0,0,2,2,27.4,0
256,A,Texas A&M,LSU,Marcel Reed,QB,24,16,176.7,1,0,5,0,0.0,0,0,0,0.0,0
256,A,Texas A&M,LSU,Le'Veon Moss,Rusher,0,0,0.0,0,0,0,16,76.8,1,0,0,0.0,0
256,A,Texas A&M,LSU,Amari Daniels,Rusher,0,0,0.0,0,0,0,2,-0.9,0,0,0,0.0,0
256,A,Texas A&M,LSU,Marcel Reed,Rusher,0,0,0.0,0,0,0,4,31.3,0,0,0,0.0,0
256,A,Texas A&M,LSU,Jamarion Morrow,Rusher,0,0,0.0,0,0,0,1,20.1,1,0,0,0.0,0
256,A,Texas A&M,LSU,Miles O'Neill,Rusher,0,0,0.0,0,0,0,1,-4.0,0,0,0,0.0,0
256,A,Texas A&M,LSU,Rueben Owens,Rusher,0,0,0.0,0,0,0,4,-6.8,0,0,0,0.0,0
256,A,Texas A&M,LSU,E.J. Smith,Rusher,0,0,0.0,0,0,0,2,3.2,0,0,0,0.0,0
256,A,Texas A&M,LSU,Mario Craver,Receiver,0,0,0.0,0,0,0,0,0.0,0,3,5,29.2,0
256,A,Texas A&M,LSU,Kevin Concepcion,Receiver,0,0,0.0,0,0,0,0,0.0,0,3,5,35.9,0
256,A,Texas A&M,LSU,Ashton Bethel-Roman,Receiver,0,0,0.0,0,0,0,0,0.0,0,1,2,27.4,0
256,A,Texas A&M,LSU,Other WR,Receiver,0,0,0.0,0,0,0,0,0.0,0,3,5,26.2,0
256,A,Texas A&M,LSU,Theo Melin Ohrstrom,Receiver,0,0,0.0,0,0,0,0,0.0,0,1,1,19.6,1
256,A,Texas A&M,LSU,Nate Boerkircher,Receiver,0,0,0.0,0,0,0,0,0.0,0,2,2,15.8,0
256,A,Texas A&M,LSU,Terry Bussey,Receiver,0,0,0.0,0,0,0,0,0.0,0,3,4,22.6,0
257,B,Texas A&M,LSU,Marcel Reed,QB,26,15,187.3,1,0,2,0,0.0,0,0,0,0.0,0
257,B,Texas A&M,LSU,Le'Veon Moss,Rusher,0,0,0.0,0,0,0,13,46.1,0,0,0,0.0,0
257,B,Texas A&M,LSU,Marcel Reed,Rusher,0,0,0.0,0,0,0,9,45.3,0,0,0,0.0,0
257,B,Texas A&M,LSU,Miles O'Neill,Rusher,0,0,0.0,0,0,0,1,11.2,0,0,0,0.0,0
257,B,Texas A&M,LSU,Rueben Owens,Rusher,0,0,0.0,0,0,0,9,45.6,1,0,0,0.0,0
257,B,Texas A&M,LSU,Amari Daniels,Rusher,0,0,0.0,0,0,0,4,7.7,0,0,0,0.0,0
257,B,Texas A&M,LSU,E.J. Smith,Rusher,0,0,0.0,0,0,0,4,9.9,0,0,0,0.0,0
257,B,Texas A&M,LSU,Kevin Concepcion,Receiver,0,0,0.0,0,0,0,0,0.0,0,4,5,46.9,0
257,B,Texas A&M,LSU,Mario Craver,Receiver,0,0,0.0,0,0,0,0,0.0,0,3,5,49.1,0
257,B,Texas A&M,LSU,Theo Melin Ohrstrom,Receiver,0,0,0.0,0,0,0,0,0.0,0,0,2,0.0,0
257,B,Texas A&M,LSU,Terry Bussey,Receiver,0,0,0.0,0,0,0,0,0.0,0,3,4,21.6,0
257,B,Texas A&M,LSU,Other WR,Receiver,0,0,0.0,0,0,0,0,0.0,0,2,5,58.0,1
257,B,Texas A&M,LSU,Amari Niblack,Receiver,0,0,0.0,0,0,0,0,0.0,0,2,2,11.6,0
257,B,Texas A&M,LSU,Ashton Bethel-Roman,Receiver,0,0,0.0,0,0,0,0,0.0,0,1,3,0.0,0
257,B,LSU,Texas A&M,Garrett Nussmeier,QB,29,15,168.1,0,1,6,0,0.0,0,0,0,0.0,0
257,B,LSU,Texas A&M,Caden Durham,Rusher,0,0,0.0,0,0,0,11,24.8,0,0,0,0.0,0
257,B,LSU,Texas A&M,Harlem Berry,Rusher,0,0,0.0,0,0,0,5,39.5,1,0,0,0.0,0
257,B,LSU,Texas A&M,Ju'Juan Johnson,Rusher,0,0,0.0,0,0,0,2,0.7,0,0,0,0.0,0
257,B,LSU,Texas A&M,Garrett Nussmeier,Rusher,0,0,0.0,0,0,0,2,0.3,0,0,0,0.0,0
257,B,LSU,Texas A&M,Kaleb Jackson,Rusher,0,0,0.0,0,0,0,1,6.6,0,0,0,0.0,0
257,B,LSU,Texas A&M,Other RB,Rusher,0,0,0.0,0,0,0,2,7.1,0,0,0,0.0,0
257,B,LSU,Texas A&M,Aaron Anderson,Receiver,0,0,0.0,0,0,0,0,0.0,0,6,12,67.0,0
257,B,LSU,Texas A&M,Zavion Thomas,Receiver,0,0,0.0,0,0,0,0,0.0,0,3,5,17.7,0
257,B,LSU,Texas A&M,Other WR,Receiver,0,0,0.0,0,0,0,0,0.0,0,1,5,30.5,0
257,B,LSU,Texas A&M,Nic Anderson,Receiver,0,0,0.0,0,0,0,0,0.0,0,1,2,10.4,0
257,B,LSU,Texas A&M,Chris Hilton Jr.,Receiver,0,0,0.0,0,0,0,0,0.0,0,0,0,0.0,0
257,B,LSU,Texas A&M,Barion Brown,Receiver,0,0,0.0,0,0,0,0,0.0,0,2,2,34.7,0
257,B,LSU,Texas A&M,Bauer Sharp,Receiver,0,0,0.0,0,0,0,0,0.0,0,1,2,0.0,0
257,B,LSU,Texas A&M,Trey'Dez Green,Receiver,0,0,0.0,0,0,0,0,0.0,0,1,1,7.9,0
257,B,LSU,Texas A&M,Kyle Parker,Receiver,0,0,0.0,0,0,0,0,0.0,0,0,0,0.0,0
258,A,LSU,Texas A&M,Garrett Nussmeier,QB,26,15,196.6,1,1,1,0,0.0,0,0,0,0.0,0
258,A,LSU,Texas A&M,Caden Durham,Rusher,0,0,0.0,0,0,0,18,85.5,0,0,0,0.0,0
258,A,LSU,Texas A&M,Ju'Juan Johnson,Rusher,0,0,0.0,0,0,0,7,31.0,1,0,0,0.0,0
258,A,LSU,Texas A&M,Garrett Nussmeier,Rusher,0,0,0.0,0,0,0,1,0.2,0,0,0,0.0,0
258,A,LSU,Texas A&M,Other RB,Rusher,0,0,0.0,0,0,0,3,20.7,0,0,0,0.0,0
258,A,LSU,Texas A&M,Kaleb Jackson,Rusher,0,0,0.0,0,0,0,2,30.0,1,0,0,0.0,0
258,A,LSU,Texas A&M,Harlem Berry,Rusher,0,0,0.0,0,0,0,4,25.2,1,0,0,0.0,0
258,A,LSU,Texas A&M,Chris Hilton Jr.,Receiver,0,0,0.0,0,0,0,0,0.0,0,1,2,17.7,0
258,A,LSU,Texas A&M,Aaron Anderson,Receiver,0,0,0.0,0,0,0,0,0.0,0,6,7,73.9,0
258,A,LSU,Texas A&M,Barion Brown,Receiver,0,0,0.0,0,0,0,0,0.0,0,3,5,61.8,1
258,A,LSU,Texas A&M,Bauer Sharp,Receiver,0,0,0.0,0,0,0,0,0.0,0,1,4,4.0,0
258,A,LSU,Texas A&M,Trey'Dez Green,Receiver,0,0,0.0,0,0,0,0,0.0,0,0,1,0.0,0
258,A,LSU,Texas A&M,Zavion Thomas,Receiver,0,0,0.0,0,0,0,0,0.0,0,2,3,10.9,0
258,A,LSU,Texas A&M,Nic Anderson,Receiver,0,0,0.0,0,0,0,0,0.0,0,1,2,21.0,0
258,A,LSU,Texas A&M,Other WR,Receiver,0,0,0.0,0,0,0,0,0.0,0,1,1,7.4,0
258,A,LSU,Texas A&M,Kyle Parker,Receiver,0,0,0.0,0,0,0,0,0.0,0,0,1,0.0,0
258,A,Texas A&M,LSU,Marcel Reed,QB,27,20,192.8,1,0,7,0,0.0,0,0,0,0.0,0
258,A,Texas A&M,LSU,Marcel Reed,Rusher,0,0,0.0,0,0,0,6,10.2,0,0,0,0.0,0
258,A,Texas A&M,LSU,Amari Daniels,Rusher,0,0,0.0,0,0,0,3,17.0,0,0,0,0.0,0
258,A,Texas A&M,LSU,Le'Veon Moss,Rusher,0,0,0.0,0,0,0,10,27.6,0,0,0,0.0,0
258,A,Texas A&M,LSU,Jamarion Morrow,Rusher,0,0,0.0,0,0,0,1,6.2,0,0,0,0.0,0
258,A,Texas A&M,LSU,Rueben Owens,Rusher,0,0,0.0,0,0,0,1,4.7,0,0,0,0.0,0
258,A,Texas A&M,LSU,Terry Bussey,Receiver,0,0,0.0,0,0,0,0,0.0,0,3,3,42.2,0
258,A,Texas A&M,LSU,Kevin Concepcion,Receiver,0,0,0.0,0,0,0,0,0.0,0,3,6,13.5,0
258,A,Texas A&M,LSU,Mario Craver,Receiver,0,0,0.0,0,0,0,0,0.0,0,5,6,48.0,0
258,A,Texas A&M,LSU,Other WR,Receiver,0,0,0.0,0,0,0,0,0.0,0,4,5,60.3,1
258,A,Texas A&M,LSU,Theo Melin Ohrstrom,Receiver,0,0,0.0,0,0,0,0,0.0,0,4,5,20.8,0
258,A,Texas A&M,LSU,Ashton Bethel-Roman,Receiver,0,0,0.0,0,0,0,0,0.0,0,1,2,8.0,0
259,B,Texas A&M,LSU,Marcel Reed,QB,20,13,168.5,1,0,2,0,0.0,0,0,0,0.0,0
259,B,Texas A&M,LSU,Marcel Reed,Rusher,0,0,0.0,0,0,0,9,40.4,1,0,0,0.0,0
259,B,Texas A&M,LSU,Amari Daniels,Rusher,0,0,0.0,0,0,0,4,35.8,1,0,0,0.0,0
259,B,Texas A&M,LSU,Miles O'Neill,Rusher,0,0,0.0,0,0,0,2,2.8,0,0,0,0.0,0
259,B,Texas A&M,LSU,Le'Veon Moss,Rusher,0,0,0.0,0,0,0,19,114.7,1,0,0,0.0,0
259,B,Texas A&M,LSU,Rueben Owens,Rusher,0,0,0.0,0,0,0,3,16.5,1,0,0,0.0,0
259,B,Texas A&M,LSU,Jamarion Morrow,Rusher,0,0,0.0,0,0,0,1,5.2,0,0,0,0.0,0
259,B,Texas A&M,LSU,E.J. Smith,Rusher,0,0,0.0,0,0,0,2,2.2,0,0,0,0.0,0
259,B,Texas A&M,LSU,Mario Craver,Receiver,0,0,0.0,0,0,0,0,0.0,0,6,8,52.5,0
259,B,Texas A&M,LSU,Kevin Concepcion,Receiver,0,0,0.0,0,0,0,0,0.0,0,3,5,65.0,1
259,B,Texas A&M,LSU,Terry Bussey,Receiver,0,0,0.0,0,0,0,0,0.0,0,0,0,0.0,0
259,B,Texas A&M,LSU,Other WR,Receiver,0,0,0.0,0,0,0,0,0.0,0,2,4,34.8,0
259,B,Texas A&M,LSU,Theo Melin Ohrstrom,Receiver,0,0,0.0,0,0,0,0,0.0,0,0,1,0.0,0
259,B,Texas A&M,LSU,Ashton Bethel-Roman,Receiver,0,0,0.0,0,0,0,0,0.0,0,1,1,11.5,0
259,B,Texas A&M,LSU,Amari Niblack,Receiver,0,0,0.0,0,0,0,0,0.0,0,1,1,4.8,0
259,B,LSU,Texas A&M,Garrett Nussmeier,QB,34,18,175.8,1,0,2,0,0.0,0,0,0,0.0,0
259,B,LSU,Texas A&M,Caden Durham,Rusher,0,0,0.0,0,0,0,16,42.4,0,0,0,0.0,0
259,B,LSU,Texas A&M,Harlem Berry,Rusher,0,0,0.0,0,0,0,4,14.9,0,0,0,0.0,0
259,B,LSU,Texas A&M,Ju'Juan Johnson,Rusher,0,0,0.0,0,0,0,3,9.8,0,0,0,0.0,0
259,B,LSU,Texas A&M,Garrett Nussmeier,Rusher,0,0,0.0,0,0,0,1,2.5,0,0,0,0.0,0
259,B,LSU,Texas A&M,Other RB,Rusher,0,0,0.0,0,0,0,1,-3.0,0,0,0,0.0,0
259,B,LSU,Texas A&M,Kaleb Jackson,Rusher,0,0,0.0,0,0,0,1,9.2,0,0,0,0.0,0
259,B,LSU,Texas A&M,Barion Brown,Receiver,0,0,0.0,0,0,0,0,0.0,0,5,10,37.0,1
259,B,LSU,Texas A&M,Aaron Anderson,Receiver,0,0,0.0,0,0,0,0,0.0,0,7,10,42.4,0
259,B,LSU,Texas A&M,Nic Anderson,Receiver,0,0,0.0,0,0,0,0,0.0,0,1,2,16.1,0
259,B,LSU,Texas A&M,Bauer Sharp,Receiver,0,0,0.0,0,0,0,0,0.0,0,2,3,43.1,0
259,B,LSU,Texas A&M,Zavion Thomas,Receiver,0,0,0.0,0,0,0,0,0.0,0,1,3,14.5,0
259,B,LSU,Texas A&M,Kyle Parker,Receiver,0,0,0.0,0,0,0,0,0.0,0,2,4,22.7,0
259,B,LSU,Texas A&M,Chris Hilton Jr.,Receiver,0,0,0.0,0,0,0,0,0.0,0,0,1,0.0,0
259,B,LSU,Texas A&M,Other WR,Receiver,0,0,0.0,0,0,0,0,0.0,0,0,1,0.0,0
260,A,LSU,Texas A&M,Garrett Nussmeier,QB,30,16,133.8,0,0,2,0,0.0,0,0,0,0.0,0
260,A,LSU,Texas A&M,Caden Durham,Rusher,0,0,0.0,0,0,0,16,38.9,0,0,0,0.0,0
260,A,LSU,Texas A&M,Harlem Berry,Rusher,0,0,0.0,0,0,0,6,22.0,0,0,0,0.0,0
260,A,LSU,Texas A&M,Ju'Juan Johnson,Rusher,0,0,0.0,0,0,0,3,9.1,0,0,0,0.0,0
260,A,LSU,Texas A&M,Garrett Nussmeier,Rusher,0,0,0.0,0,0,0,1,-2.3,0,0,0,0.0,0
260,A,LSU,Texas A&M,Other RB,Rusher,0,0,0.0,0,0,0,2,-0.9,0,0,0,0.0,0
260,A,LSU,Texas A&M,Barion Brown,Receiver,0,0,0.0,0,0,0,0,0.0,0,3,9,14.4,0
260,A,LSU,Texas A&M,Nic Anderson,Receiver,0,0,0.0,0,0,0,0,0.0,0,4,4,56.0,0
260,A,LSU,Texas A&M,Kyle Parker,Receiver,0,0,0.0,0,0,0,0,0.0,0,4,4,42.8,0
260,A,LSU,Texas A&M,Zavion Thomas,Receiver,0,0,0.0,0,0,0,0,0.0,0,2,3,5.6,0
260,A,LSU,Texas A&M,Bauer Sharp,Receiver,0,0,0.0,0,0,0,0,0.0,0,0,2,0.0,0
260,A,LSU,Texas A&M,Aaron Anderson,Receiver,0,0,0.0,0,0,0,0,0.0,0,3,6,15.0,0
260,A,LSU,Texas A&M,Other WR,Receiver,0,0,0.0,0,0,0,0,0.0,0,0,1,0.0,0
260,A,LSU,Texas A&M,Chris Hilton Jr.,Receiver,0,0,0.0,0,0,0,0,0.0,0,0,1,0.0,0
260,A,Texas A&M,LSU,Marcel Reed,QB,19,15,171.4,2,0,3,0,0.0,0,0,0,0.0,0
260,A,Texas A&M,LSU,Marcel Reed,Rusher,0,0,0.0,0,0,0,12,27.5,1,0,0,0.0,0
260,A,Texas A&M,LSU,Le'Veon Moss,Rusher,0,0,0.0,0,0,0,11,14.2,0,0,0,0.0,0
260,A,Texas A&M,LSU,Rueben Owens,Rusher,0,0,0.0,0,0,0,7,55.9,1,0,0,0.0,0
260,A,Texas A&M,LSU,Amari Daniels,Rusher,0,0,0.0,0,0,0,3,10.9,0,0,0,0.0,0
260,A,Texas A&M,LSU,Jamarion Morrow,Rusher,0,0,0.0,0,0,0,1,9.3,0,0,0,0.0,0
260,A,Texas A&M,LSU,Other WR,Receiver,0,0,0.0,0,0,0,0,0.0,0,4,5,43.1,1
260,A,Texas A&M,LSU,Mario Craver,Receiver,0,0,0.0,0,0,0,0,0.0,0,5,5,59.2,1
260,A,Texas A&M,LSU,Kevin Concepcion,Receiver,0,0,0.0,0,0,0,0,0.0,0,2,3,28.9,0
260,A,Texas A&M,LSU,Ashton Bethel-Roman,Receiver,0,0,0.0,0,0,0,0,0.0,0,1,2,0.0,0
260,A,Texas A&M,LSU,Nate Boerkircher,Receiver,0,0,0.0,0,0,0,0,0.0,0,1,1,5.0,0
260,A,Texas A&M,LSU,Terry Bussey,Receiver,0,0,0.0,0,0,0,0,0.0,0,1,2,17.2,0
260,A,Texas A&M,LSU,Theo Melin Ohrstrom,Receiver,0,0,0.0,0,0,0,0,0.0,0,1,1,17.9,0
261,B,Texas A&M,LSU,Marcel Reed,QB,30,20,195.8,0,0,1,0,0.0,0,0,0,0.0,0
261,B,Texas A&M,LSU,Rueben Owens,Rusher,0,0,0.0,0,0,0,12,53.0,2,0,0,0.0,0
261,B,Texas A&M,LSU,Amari Daniels,Rusher,0,0,0.0,0,0,0,10,39.2,0,0,0,0.0,0
261,B,Texas A&M,LSU,Marcel Reed,Rusher,0,0,0.0,0,0,0,8,32.7,0,0,0,0.0,0
261,B,Texas A&M,LSU,Le'Veon Moss,Rusher,0,0,0.0,0,0,0,14,64.2,2,0,0,0.0,0
261,B,Texas A&M,LSU,Miles O'Neill,Rusher,0,0,0.0,0,0,0,2,6.0,0,0,0,0.0,0
261,B,Texas A&M,LSU,E.J. Smith,Rusher,0,0,0.0,0,0,0,2,25.6,0,0,0,0.0,0
261,B,Texas A&M,LSU,Kevin Concepcion,Receiver,0,0,0.0,0,0,0,0,0.0,0,6,7,53.9,0
261,B,Texas A&M,LSU,Other WR,Receiver,0,0,0.0,0,0,0,0,0.0,0,5,8,80.2,0
261,B,Texas A&M,LSU,Terry Bussey,Receiver,0,0,0.0,0,0,0,0,0.0,0,2,3,6.3,0
261,B,Texas A&M,LSU,Theo Melin Ohrstrom,Receiver,0,0,0.0,0,0,0,0,0.0,0,1,2,1.9,0
261,B,Texas A&M,LSU,Mario Craver,Receiver,0,0,0.0,0,0,0,0,0.0,0,4,7,42.0,0
261,B,Texas A&M,LSU,Ashton Bethel-Roman,Receiver,0,0,0.0,0,0,0,0,0.0,0,2,3,11.5,0
261,B,LSU,Texas A&M,Garrett Nussmeier,QB,20,11,98.9,1,0,2,0,0.0,0,0,0,0.0,0
261,B,LSU,Texas A&M,Caden Durham,Rusher,0,0,0.0,0,0,0,10,16.2,0,0,0,0.0,0
261,B,LSU,Texas A&M,Other RB,Rusher,0,0,0.0,0,0,0,2,6.0,0,0,0,0.0,0
261,B,LSU,Texas A&M,Ju'Juan Johnson,Rusher,0,0,0.0,0,0,0,3,2.5,0,0,0,0.0,0
261,B,LSU,Texas A&M,Harlem Berry,Rusher,0,0,0.0,0,0,0,3,0.7,0,0,0,0.0,0
261,B,LSU,Texas A&M,Bauer Sharp,Receiver,0,0,0.0,0,0,0,0,0.0,0,1,2,5.6,0
261,B,LSU,Texas A&M,Barion Brown,Receiver,0,0,0.0,0,0,0,0,0.0,0,3,5,31.9,0
261,B,LSU,Texas A&M,Zavion Thomas,Receiver,0,0,0.0,0,0,0,0,0.0,0,1,3,0.1,0
261,B,LSU,Texas A&M,Trey'Dez Green,Receiver,0,0,0.0,0,0,0,0,0.0,0,2,3,10.9,1
261,B,LSU,Texas A&M,Other WR,Receiver,0,0,0.0,0,0,0,0,0.0,0,1,2,0.0,0
261,B,LSU,Texas A&M,Nic Anderson,Receiver,0,0,0.0,0,0,0,0,0.0,0,1,1,24.0,0
261,B,LSU,Texas A&M,Aaron Anderson,Receiver,0,0,0.0,0,0,0,0,0.0,0,2,3,26.3,0
261,B,LSU,Texas A&M,Chris Hilton Jr.,Receiver,0,0,0.0,0,0,0,0,0.0,0,0,1,0.0,0
262,A,LSU,Texas A&M,Garrett Nussmeier,QB,26,12,146.4,1,0,2,0,0.0,0,0,0,0.0,0
262,A,LSU,Texas A&M,Caden Durham,Rusher,0,0,0.0,0,0,0,25,98.7,1,0,0,0.0,0
262,A,LSU,Texas A&M,Ju'Juan Johnson,Rusher,0,0,0.0,0,0,0,3,10.4,0,0,0,0.0,0
262,A,LSU,Texas A&M,Garrett Nussmeier,Rusher,0,0,0.0,0,0,0,3,3.9,0,0,0,0.0,0
262,A,LSU,Texas A&M,Other RB,Rusher,0,0,0.0,0,0,0,2,15.4,0,0,0,0.0,0
262,A,LSU,Texas A&M,Harlem Berry,Rusher,0,0,0.0,0,0,0,5,25.4,0,0,0,0.0,0
262,A,LSU,Texas A&M,Kaleb Jackson,Rusher,0,0,0.0,0,0,0,1,5.6,0,0,0,0.0,0
262,A,LSU,Texas A&M,Other WR,Receiver,0,0,0.0,0,0,0,0,0.0,0,1,5,9.5,0
262,A,LSU,Texas A&M,Trey'Dez Green,Receiver,0,0,0.0,0,0,0,0,0.0,0,2,3,20.9,0
262,A,LSU,Texas A&M,Nic Anderson,Receiver,0,0,0.0,0,0,0,0,0.0,0,2,4,42.0,1
262,A,LSU,Texas A&M,Zavion Thomas,Receiver,0,0,0.0,0,0,0,0,0.0,0,2,3,15.2,0
262,A,LSU,Texas A&M,Bauer Sharp,Receiver,0,0,0.0,0,0,0,0,0.0,0,2,2,34.6,0
262,A,LSU,Texas A&M,Barion Brown,Receiver,0,0,0.0,0,0,0,0,0.0,0,0,3,0.0,0
262,A,LSU,Texas A&M,Chris Hilton Jr.,Receiver,0,0,0.0,0,0,0,0,0.0,0,2,2,11.7,0
262,A,LSU,Texas A&M,Aaron Anderson,Receiver,0,0,0.0,0,0,0,0,0.0,0,1,4,12.5,0
262,A,LSU,Texas A&M,Kyle Parker,Receiver,0,0,0.0,0,0,0,0,0.0,0,0,0,0.0,0
262,A,Texas A&M,LSU,Marcel Reed,QB,23,16,143.5,0,0,8,0,0.0,0,0,0,0.0,0
262,A,Texas A&M,LSU,E.J. Smith,Rusher,0,0,0.0,0,0,0,3,2.1,0,0,0,0.0,0
262,A,Texas A&M,LSU,Le'Veon Moss,Rusher,0,0,0.0,0,0,0,12,50.3,1,0,0,0.0,0
262,A,Texas A&M,LSU,Amari Daniels,Rusher,0,0,0.0,0,0,0,2,15.2,0,0,0,0.0,0
262,A,Texas A&M,LSU,Marcel Reed,Rusher,0,0,0.0,0,0,0,4,1.9,0,0,0,0.0,0
262,A,Texas A&M,LSU,Jamarion Morrow,Rusher,0,0,0.0,0,0,0,1,1.9,0,0,0,0.0,0
262,A,Texas A&M,LSU,Miles O'Neill,Rusher,0,0,0.0,0,0,0,1,-4.0,0,0,0,0.0,0
262,A,Texas A&M,LSU,Rueben Owens,Rusher,0,0,0.0,0,0,0,2,0.9,0,0,0,0.0,0
262,A,Texas A&M,LSU,Kevin Concepcion,Receiver,0,0,0.0,0,0,0,0,0.0,0,3,4,21.9,0
262,A,Texas A&M,LSU,Terry Bussey,Receiver,0,0,0.0,0,0,0,0,0.0,0,1,1,5.6,0
262,A,Texas A&M,LSU,Other WR,Receiver,0,0,0.0,0,0,0,0,0.0,0,3,5,39.4,0
262,A,Texas A&M,LSU,Mario Craver,Receiver,0,0,0.0,0,0,0,0,0.0,0,5,7,55.4,0
262,A,Texas A&M,LSU,Amari Niblack,Receiver,0,0,0.0,0,0,0,0,0.0,0,1,2,4.0,0
262,A,Texas A&M,LSU,Theo Melin Ohrstrom,Receiver,0,0,0.0,0,0,0,0,0.0,0,2,2,17.2,0
262,A,Texas A&M,LSU,Nate Boerkircher,Receiver,0,0,0.0,0,0,0,0,0.0,0,1,2,0.0,0
263,B,Texas A&M,LSU,Marcel Reed,QB,26,19,157.1,0,0,2,0,0.0,0,0,0,0.0,0
263,B,Texas A&M,LSU,Miles O'Neill,Rusher,0,0,0.0,0,0,0,1,3.7,0,0,0,0.0,0
263,B,Texas A&M,LSU,Rueben Owens,Rusher,0,0,0.0,0,0,0,6,24.8,0,0,0,0.0,0
263,B,Texas A&M,LSU,Le'Veon Moss,Rusher,0,0,0.0,0,0,0,17,87.5,1,0,0,0.0,0
263,B,Texas A&M,LSU,Marcel Reed,Rusher,0,0,0.0,0,0,0,9,31.0,0,0,0,0.0,0
263,B,Texas A&M,LSU,Amari Daniels,Rusher,0,0,0.0,0,0,0,5,10.3,0,0,0,0.0,0
263,B,Texas A&M,LSU,Terry Bussey,Receiver,0,0,0.0,0,0,0,0,0.0,0,3,4,7.6,0
263,B,Texas A&M,LSU,Amari Niblack,Receiver,0,0,0.0,0,0,0,0,0.0,0,1,1,11.0,0
263,B,Texas A&M,LSU,Kevin Concepcion,Receiver,0,0,0.0,0,0,0,0,0.0,0,7,10,79.4,0
263,B,Texas A&M,LSU,Ashton Bethel-Roman,Receiver,0,0,0.0,0,0,0,0,0.0,0,2,2,22.9,0
263,B,Texas A&M,LSU,Mario Craver,Receiver,0,0,0.0,0,0,0,0,0.0,0,2,4,0.8,0
263,B,Texas A&M,LSU,Theo Melin Ohrstrom,Receiver,0,0,0.0,0,0,0,0,0.0,0,3,4,15.3,0
263,B,Texas A&M,LSU,Other WR,Receiver,0,0,0.0,0,0,0,0,0.0,0,1,1,19.9,0
263,B,LSU,Texas A&M,Garrett Nussmeier,QB,29,16,119.6,1,0,4,0,0.0,0,0,0,0.0,0
263,B,LSU,Texas A&M,Caden Durham,Rusher,0,0,0.0,0,0,0,11,42.3,0,0,0,0.0,0
263,B,LSU,Texas A&M,Ju'Juan Johnson,Rusher,0,0,0.0,0,0,0,6,24.8,0,0,0,0.0,0
263,B,LSU,Texas A&M,Harlem Berry,Rusher,0,0,0.0,0,0,0,2,1.2,0,0,0,0.0,0
263,B,LSU,Texas A&M,Other RB,Rusher,0,0,0.0,0,0,0,2,16.0,0,0,0,0.0,0
263,B,LSU,Texas A&M,Kaleb Jackson,Rusher,0,0,0.0,0,0,0,1,3.7,0,0,0,0.0,0
263,B,LSU,Texas A&M,Barion Brown,Receiver,0,0,0.0,0,0,0,0,0.0,0,2,5,6.8,0
263,B,LSU,Texas A&M,Bauer Sharp,Receiver,0,0,0.0,0,0,0,0,0.0,0,2,3,5.6,0
263,B,LSU,Texas A&M,Aaron Anderson,Receiver,0,0,0.0,0,0,0,0,0.0,0,2,5,3.5,0
263,B,LSU,Texas A&M,Other WR,Receiver,0,0,0.0,0,0,0,0,0.0,0,2,4,10.6,0
263,B,LSU,Texas A&M,Trey'Dez Green,Receiver,0,0,0.0,0,0,0,0,0.0,0,2,3,45.6,0
263,B,LSU,Texas A&M,Zavion Thomas,Receiver,0,0,0.0,0,0,0,0,0.0,0,1,2,16.9,1
263,B,LSU,Texas A&M,Chris Hilton Jr.,Receiver,0,0,0.0,0,0,0,0,0.0,0,3,4,20.7,0
263,B,LSU,Texas A&M,Kyle Parker,Receiver,0,0,0.0,0,0,0,0,0.0,0,1,2,6.9,0
263,B,LSU,Texas A&M,Nic Anderson,Receiver,0,0,0.0,0,0,0,0,0.0,0,1,1,3.1,0
264,A,LSU,Texas A&M,Garrett Nussmeier,QB,25,18,240.9,1,0,1,0,0.0,0,0,0,0.0,0
264,A,LSU,Texas A&M,Harlem Berry,Rusher,0,0,0.0,0,0,0,7,20.5,1,0,0,0.0,0
264,A,LSU,Texas A&M,Garrett Nussmeier,Rusher,0,0,0.0,0,0,0,4,19.3,0,0,0,0.0,0
264,A,LSU,Texas A&M,Caden Durham,Rusher,0,0,0.0,0,0,0,10,40.3,0,0,0,0.0,0
264,A,LSU,Texas A&M,Kaleb Jackson,Rusher,0,0,0.0,0,0,0,1,1.7,0,0,0,0.0,0
264,A,LSU,Texas A&M,Ju'Juan Johnson,Rusher,0,0,0.0,0,0,0,10,47.7,1,0,0,0.0,0
264,A,LSU,Texas A&M,Other RB,Rusher,0,0,0.0,0,0,0,5,9.9,0,0,0,0.0,0
264,A,LSU,Texas A&M,Other WR,Receiver,0,0,0.0,0,0,0,0,0.0,0,1,2,30.3,0
264,A,LSU,Texas A&M,Zavion Thomas,Receiver,0,0,0.0,0,0,0,0,0.0,0,3,5,43.9,0
264,A,LSU,Texas A&M,Trey'Dez Green,Receiver,0,0,0.0,0,0,0,0,0.0,0,2,2,36.5,0
264,A,LSU,Texas A&M,Barion Brown,Receiver,0,0,0.0,0,0,0,0,0.0,0,3,5,25.2,1
264,A,LSU,Texas A&M,Aaron Anderson,Receiver,0,0,0.0,0,0,0,0,0.0,0,4,4,25.4,0
264,A,LSU,Texas A&M,Nic Anderson,Receiver,0,0,0.0,0,0,0,0,0.0,0,2,4,31.7,0
264,A,LSU,Texas A&M,Kyle Parker,Receiver,0,0,0.0,0,0,0,0,0.0,0,2,2,36.1,0
264,A,LSU,Texas A&M,Bauer Sharp,Receiver,0,0,0.0,0,0,0,0,0.0,0,1,1,11.7,0
264,A,Texas A&M,LSU,Marcel Reed,QB,23,16,223.1,1,0,9,0,0.0,0,0,0,0.0,0
264,A,Texas A&M,LSU,Le'Veon Moss,Rusher,0,0,0.0,0,0,0,7,1.8,0,0,0,0.0,0
264,A,Texas A&M,LSU,Marcel Reed,Rusher,0,0,0.0,0,0,0,10,28.9,0,0,0,0.0,0
264,A,Texas A&M,LSU,Rueben Owens,Rusher,0,0,0.0,0,0,0,3,6.0,0,0,0,0.0,0
264,A,Texas A&M,LSU,Amari Daniels,Rusher,0,0,0.0,0,0,0,2,16.6,0,0,0,0.0,0
264,A,Texas A&M,LSU,E.J. Smith,Rusher,0,0,0.0,0,0,0,1,9.7,0,0,0,0.0,0
264,A,Texas A&M,LSU,Mario Craver,Receiver,0,0,0.0,0,0,0,0,0.0,0,4,8,56.1,0
264,A,Texas A&M,LSU,Nate Boerkircher,Receiver,0,0,0.0,0,0,0,0,0.0,0,1,1,18.6,0
264,A,Texas A&M,LSU,Amari Niblack,Receiver,0,0,0.0,0,0,0,0,0.0,0,1,1,24.6,1
264,A,Texas A&M,LSU,Other WR,Receiver,0,0,0.0,0,0,0,0,0.0,0,2,3,22.0,0
264,A,Texas A&M,LSU,Ashton Bethel-Roman,Receiver,0,0,0.0,0,0,0,0,0.0,0,2,3,15.1,0
264,A,Texas A&M,LSU,Theo Melin Ohrstrom,Receiver,0,0,0.0,0,0,0,0,0.0,0,2,2,20.3,0
264,A,Texas A&M,LSU,Kevin Concepcion,Receiver,0,0,0.0,0,0,0,0,0.0,0,2,3,41.7,0
264,A,Texas A&M,LSU,Terry Bussey,Receiver,0,0,0.0,0,0,0,0,0.0,0,2,2,24.7,0
265,B,Texas A&M,LSU,Marcel Reed,QB,22,19,181.5,1,0,3,0,0.0,0,0,0,0.0,0
265,B,Texas A&M,LSU,Marcel Reed,Rusher,0,0,0.0,0,0,0,6,16.5,0,0,0,0.0,0
265,B,Texas A&M,LSU,Le'Veon Moss,Rusher,0,0,0.0,0,0,0,17,59.1,2,0,0,0.0,0
265,B,Texas A&M,LSU,Rueben Owens,Rusher,0,0,0.0,0,0,0,4,3.3,0,0,0,0.0,0
265,B,Texas A&M,LSU,Amari Daniels,Rusher,0,0,0.0,0,0,0,5,24.1,0,0,0,0.0,0
265,B,Texas A&M,LSU,Jamarion Morrow,Rusher,0,0,0.0,0,0,0,1,6.1,0,0,0,0.0,0
265,B,Texas A&M,LSU,Miles O'Neill,Rusher,0,0,0.0,0,0,0,1,18.1,0,0,0,0.0,0
265,B,Texas A&M,LSU,Other WR,Receiver,0,0,0.0,0,0,0,0,0.0,0,4,5,74.9,0
265,B,Texas A&M,LSU,Kevin Concepcion,Receiver,0,0,0.0,0,0,0,0,0.0,0,5,5,29.5,0
265,B,Texas A&M,LSU,Theo Melin Ohrstrom,Receiver,0,0,0.0,0,0,0,0,0.0,0,1,2,0.0,0
265,B,Texas A&M,LSU,Mario Craver,Receiver,0,0,0.0,0,0,0,0,0.0,0,4,5,32.1,0
265,B,Texas A&M,LSU,Ashton Bethel-Roman,Receiver,0,0,0.0,0,0,0,0,0.0,0,3,3,32.1,1
265,B,Texas A&M,LSU,Nate Boerkircher,Receiver,0,0,0.0,0,0,0,0,0.0,0,1,1,8.0,0
265,B,Texas A&M,LSU,Terry Bussey,Receiver,0,0,0.0,0,0,0,0,0.0,0,1,1,5.0,0
265,B,LSU,Texas A&M,Garrett Nussmeier,QB,30,16,190.4,0,0,1,0,0.0,0,0,0,0.0,0
265,B,LSU,Texas A&M,Caden Durham,Rusher,0,0,0.0,0,0,0,15,71.8,1,0,0,0.0,0
265,B,LSU,Texas A&M,Kaleb Jackson,Rusher,0,0,0.0,0,0,0,4,2.7,0,0,0,0.0,0
265,B,LSU,Texas A&M,Harlem Berry,Rusher,0,0,0.0,0,0,0,5,24.1,1,0,0,0.0,0
265,B,LSU,Texas A&M,Ju'Juan Johnson,Rusher,0,0,0.0,0,0,0,3,14.6,1,0,0,0.0,0
265,B,LSU,Texas A&M,Garrett Nussmeier,Rusher,0,0,0.0,0,0,0,1,5.6,0,0,0,0.0,0
265,B,LSU,Texas A&M,Barion Brown,Receiver,0,0,0.0,0,0,0,0,0.0,0,3,7,54.5,0
265,B,LSU,Texas A&M,Aaron Anderson,Receiver,0,0,0.0,0,0,0,0,0.0,0,4,6,42.3,0
265,B,LSU,Texas A&M,Zavion Thomas,Receiver,0,0,0.0,0,0,0,0,0.0,0,3,5,44.0,0
265,B,LSU,Texas A&M,Kyle Parker,Receiver,0,0,0.0,0,0,0,0,0.0,0,0,1,0.0,0
265,B,LSU,Texas A&M,Chris Hilton Jr.,Receiver,0,0,0.0,0,0,0,0,0.0,0,2,4,20.3,0
265,B,LSU,Texas A&M,Trey'Dez Green,Receiver,0,0,0.0,0,0,0,0,0.0,0,2,4,21.2,0
265,B,LSU,Texas A&M,Nic Anderson,Receiver,0,0,0.0,0,0,0,0,0.0,0,2,2,8.1,0
265,B,LSU,Texas A&M,Other WR,Receiver,0,0,0.0,0,0,0,0,0.0,0,0,1,0.0,0
266,A,LSU,Texas A&M,Garrett Nussmeier,QB,39,18,187.2,0,1,4,0,0.0,0,0,0,0.0,0
266,A,LSU,Texas A&M,Caden Durham,Rusher,0,0,0.0,0,0,0,16,50.9,0,0,0,0.0,0
266,A,LSU,Texas A&M,Ju'Juan Johnson,Rusher,0,0,0.0,0,0,0,9,35.5,0,0,0,0.0,0
266,A,LSU,Texas A&M,Harlem Berry,Rusher,0,0,0.0,0,0,0,2,13.0,0,0,0,0.0,0
266,A,LSU,Texas A&M,Other RB,Rusher,0,0,0.0,0,0,0,1,3.7,0,0,0,0.0,0
266,A,LSU,Texas A&M,Kyle Parker,Receiver,0,0,0.0,0,0,0,0,0.0,0,0,3,0.0,0
266,A,LSU,Texas A&M,Aaron Anderson,Receiver,0,0,0.0,0,0,0,0,0.0,0,5,12,49.5,0
266,A,LSU,Texas A&M,Other WR,Receiver,0,0,0.0,0,0,0,0,0.0,0,2,2,19.3,0
266,A,LSU,Texas A&M,Nic Anderson,Receiver,0,0,0.0,0,0,0,0,0.0,0,1,3,13.6,0
266,A,LSU,Texas A&M,Bauer Sharp,Receiver,0,0,0.0,0,0,0,0,0.0,0,3,6,36.3,0
266,A,LSU,Texas A&M,Zavion Thomas,Receiver,0,0,0.0,0,0,0,0,0.0,0,3,4,28.9,0
266,A,LSU,Texas A&M,Barion Brown,Receiver,0,0,0.0,0,0,0,0,0.0,0,2,5,20.9,0
266,A,LSU,Texas A&M,Trey'Dez Green,Receiver,0,0,0.0,0,0,0,0,0.0,0,2,3,18.7,0
266,A,LSU,Texas A&M,Chris Hilton Jr.,Receiver,0,0,0.0,0,0,0,0,0.0,0,0,1,0.0,0
266,A,Texas A&M,LSU,Marcel Reed,QB,22,15,178.7,2,0,3,0,0.0,0,0,0,0.0,0
266,A,Texas A&M,LSU,Marcel Reed,Rusher,0,0,0.0,0,0,0,8,30.6,1,0,0,0.0,0
266,A,Texas A&M,LSU,Rueben Owens,Rusher,0,0,0.0,0,0,0,3,10.4,0,0,0,0.0,0
266,A,Texas A&M,LSU,Amari Daniels,Rusher,0,0,0.0,0,0,0,5,6.4,0,0,0,0.0,0
266,A,Texas A&M,LSU,Le'Veon Moss,Rusher,0,0,0.0,0,0,0,9,10.4,0,0,0,0.0,0
266,A,Texas A&M,LSU,Jamarion Morrow,Rusher,0,0,0.0,0,0,0,3,10.4,0,0,0,0.0,0
266,A,Texas A&M,LSU,E.J. Smith,Rusher,0,0,0.0,0,0,0,2,19.4,0,0,0,0.0,0
266,A,Texas A&M,LSU,Miles O'Neill,Rusher,0,0,0.0,0,0,0,1,4.2,0,0,0,0.0,0
266,A,Texas A&M,LSU,Mario Craver,Receiver,0,0,0.0,0,0,0,0,0.0,0,3,6,18.4,0
266,A,Texas A&M,LSU,Other WR,Receiver,0,0,0.0,0,0,0,0,0.0,0,4,5,79.8,2
266,A,Texas A&M,LSU,Theo Melin Ohrstrom,Receiver,0,0,0.0,0,0,0,0,0.0,0,3,3,26.0,0
266,A,Texas A&M,LSU,Kevin Concepcion,Receiver,0,0,0.0,0,0,0,0,0.0,0,1,3,6.5,0
266,A,Texas A&M,LSU,Nate Boerkircher,Receiver,0,0,0.0,0,0,0,0,0.0,0,1,1,5.4,0
266,A,Texas A&M,LSU,Terry Bussey,Receiver,0,0,0.0,0,0,0,0,0.0,0,2,2,16.6,0
266,A,Texas A&M,LSU,Ashton Bethel-Roman,Receiver,0,0,0.0,0,0,0,0,0.0,0,1,2,26.0,0
267,B,Texas A&M,LSU,Marcel Reed,QB,24,21,253.0,1,0,2,0,0.0,0,0,0,0.0,0
267,B,Texas A&M,LSU,Le'Veon Moss,Rusher,0,0,0.0,0,0,0,16,77.8,1,0,0,0.0,0
267,B,Texas A&M,LSU,Rueben Owens,Rusher,0,0,0.0,0,0,0,6,12.9,0,0,0,0.0,0
267,B,Texas A&M,LSU,Amari Daniels,Rusher,0,0,0.0,0,0,0,7,34.4,0,0,0,0.0,0
267,B,Texas A&M,LSU,Marcel Reed,Rusher,0,0,0.0,0,0,0,10,52.5,2,0,0,0.0,0
267,B,Texas A&M,LSU,Jamarion Morrow,Rusher,0,0,0.0,0,0,0,1,1.4,0,0,0,0.0,0
267,B,Texas A&M,LSU,E.J. Smith,Rusher,0,0,0.0,0,0,0,1,3.4,1,0,0,0.0,0
267,B,Texas A&M,LSU,Kevin Concepcion,Receiver,0,0,0.0,0,0,0,0,0.0,0,5,6,71.5,1
267,B,Texas A&M,LSU,Other WR,Receiver,0,0,0.0,0,0,0,0,0.0,0,3,3,11.0,0
267,B,Texas A&M,LSU,Mario Craver,Receiver,0,0,0.0,0,0,0,0,0.0,0,8,10,132.9,0
267,B,Texas A&M,LSU,Terry Bussey,Receiver,0,0,0.0,0,0,0,0,0.0,0,2,2,12.1,0
267,B,Texas A&M,LSU,Theo Melin Ohrstrom,Receiver,0,0,0.0,0,0,0,0,0.0,0,1,1,0.0,0
267,B,Texas A&M,LSU,Ashton Bethel-Roman,Receiver,0,0,0.0,0,0,0,0,0.0,0,1,1,10.5,0
267,B,Texas A&M,LSU,Nate Boerkircher,Receiver,0,0,0.0,0,0,0,0,0.0,0,1,1,14.9,0
267,B,LSU,Texas A&M,Garrett Nussmeier,QB,34,17,225.4,2,0,1,0,0.0,0,0,0,0.0,0
267,B,LSU,Texas A&M,Caden Durham,Rusher,0,0,0.0,0,0,0,16,91.4,2,0,0,0.0,0
267,B,LSU,Texas A&M,Ju'Juan Johnson,Rusher,0,0,0.0,0,0,0,2,8.4,0,0,0,0.0,0
267,B,LSU,Texas A&M,Harlem Berry,Rusher,0,0,0.0,0,0,0,3,5.5,0,0,0,0.0,0
267,B,LSU,Texas A&M,Other RB,Rusher,0,0,0.0,0,0,0,1,7.6,0,0,0,0.0,0
267,B,LSU,Texas A&M,Garrett Nussmeier,Rusher,0,0,0.0,0,0,0,1,2.3,0,0,0,0.0,0
267,B,LSU,Texas A&M,Nic Anderson,Receiver,0,0,0.0,0,0,0,0,0.0,0,4,6,42.0,1
267,B,LSU,Texas A&M,Aaron Anderson,Receiver,0,0,0.0,0,0,0,0,0.0,0,2,4,37.2,0
267,B,LSU,Texas A&M,Barion Brown,Receiver,0,0,0.0,0,0,0,0,0.0,0,3,11,34.5,0
267,B,LSU,Texas A&M,Trey'Dez Green,Receiver,0,0,0.0,0,0,0,0,0.0,0,1,3,26.0,0
267,B,LSU,Texas A&M,Other WR,Receiver,0,0,0.0,0,0,0,0,0.0,0,1,1,24.8,0
267,B,LSU,Texas A&M,Bauer Sharp,Receiver,0,0,0.0,0,0,0,0,0.0,0,1,2,0.0,0
267,B,LSU,Texas A&M,Zavion Thomas,Receiver,0,0,0.0,0,0,0,0,0.0,0,3,4,26.0,1
267,B,LSU,Texas A&M,Kyle Parker,Receiver,0,0,0.0,0,0,0,0,0.0,0,2,3,34.8,0
268,A,LSU,Texas A&M,Garrett Nussmeier,QB,28,18,228.2,1,0,2,0,0.0,0,0,0,0.0,0
268,A,LSU,Texas A&M,Caden Durham,Rusher,0,0,0.0,0,0,0,22,126.5,2,0,0,0.0,0
268,A,LSU,Texas A&M,Ju'Juan Johnson,Rusher,0,0,0.0,0,0,0,6,8.1,0,0,0,0.0,0
268,A,LSU,Texas A&M,Harlem Berry,Rusher,0,0,0.0,0,0,0,4,3.7,1,0,0,0.0,0
268,A,LSU,Texas A&M,Kaleb Jackson,Rusher,0,0,0.0,0,0,0,2,7.1,0,0,0,0.0,0
268,A,LSU,Texas A&M,Garrett Nussmeier,Rusher,0,0,0.0,0,0,0,1,4.0,0,0,0,0.0,0
268,A,LSU,Texas A&M,Kyle Parker,Receiver,0,0,0.0,0,0,0,0,0.0,0,1,1,10.6,0
268,A,LSU,Texas A&M,Bauer Sharp,Receiver,0,0,0.0,0,0,0,0,0.0,0,0,1,0.0,0
268,A,LSU,Texas A&M,Aaron Anderson,Receiver,0,0,0.0,0,0,0,0,0.0,0,6,8,83.9,0
268,A,LSU,Texas A&M,Nic Anderson,Receiver,0,0,0.0,0,0,0,0,0.0,0,2,3,20.7,0
268,A,LSU,Texas A&M,Chris Hilton Jr.,Receiver,0,0,0.0,0,0,0,0,0.0,0,2,3,2.0,0
268,A,LSU,Texas A&M,Zavion Thomas,Receiver,0,0,0.0,0,0,0,0,0.0,0,1,3,16.6,0
268,A,LSU,Texas A&M,Barion Brown,Receiver,0,0,0.0,0,0,0,0,0.0,0,3,5,48.6,1
268,A,LSU,Texas A&M,Trey'Dez Green,Receiver,0,0,0.0,0,0,0,0,0.0,0,3,4,45.8,0
268,A,Texas A&M,LSU,Marcel Reed,QB,23,18,120.0,0,0,11,0,0.0,0,0,0,0.0,0
268,A,Texas A&M,LSU,Le'Veon Moss,Rusher,0,0,0.0,0,0,0,7,17.3,0,0,0,0.0,0
268,A,Texas A&M,LSU,Marcel Reed,Rusher,0,0,0.0,0,0,0,4,23.3,0,0,0,0.0,0
268,A,Texas A&M,LSU,Rueben Owens,Rusher,0,0,0.0,0,0,0,3,27.4,1,0,0,0.0,0
268,A,Texas A&M,LSU,Jamarion Morrow,Rusher,0,0,0.0,0,0,0,1,1.8,0,0,0,0.0,0
268,A,Texas A&M,LSU,Amari Daniels,Rusher,0,0,0.0,0,0,0,2,13.9,0,0,0,0.0,0
268,A,Texas A&M,LSU,Miles O'Neill,Rusher,0,0,0.0,0,0,0,1,4.8,0,0,0,0.0,0
268,A,Texas A&M,LSU,Ashton Bethel-Roman,Receiver,0,0,0.0,0,0,0,0,0.0,0,3,3,6.8,0
268,A,Texas A&M,LSU,Kevin Concepcion,Receiver,0,0,0.0,0,0,0,0,0.0,0,3,4,37.2,0
268,A,Texas A&M,LSU,Other WR,Receiver,0,0,0.0,0,0,0,0,0.0,0,3,4,20.0,0
268,A,Texas A&M,LSU,Theo Melin Ohrstrom,Receiver,0,0,0.0,0,0,0,0,0.0,0,2,4,14.4,0
268,A,Texas A&M,LSU,Terry Bussey,Receiver,0,0,0.0,0,0,0,0,0.0,0,1,1,10.7,0
268,A,Texas A&M,LSU,Mario Craver,Receiver,0,0,0.0,0,0,0,0,0.0,0,6,7,30.9,0
269,B,Texas A&M,LSU,Marcel Reed,QB,34,17,226.7,2,0,1,0,0.0,0,0,0,0.0,0
269,B,Texas A&M,LSU,Le'Veon Moss,Rusher,0,0,0.0,0,0,0,15,61.7,0,0,0,0.0,0
269,B,Texas A&M,LSU,Rueben Owens,Rusher,0,0,0.0,0,0,0,7,21.3,0,0,0,0.0,0
269,B,Texas A&M,LSU,Amari Daniels,Rusher,0,0,0.0,0,0,0,5,31.6,0,0,0,0.0,0
269,B,Texas A&M,LSU,Jamarion Morrow,Rusher,0,0,0.0,0,0,0,1,4.7,0,0,0,0.0,0
269,B,Texas A&M,LSU,Marcel Reed,Rusher,0,0,0.0,0,0,0,3,0.2,0,0,0,0.0,0
269,B,Texas A&M,LSU,Theo Melin Ohrstrom,Receiver,0,0,0.0,0,0,0,0,0.0,0,1,3,16.1,0
269,B,Texas A&M,LSU,Ashton Bethel-Roman,Receiver,0,0,0.0,0,0,0,0,0.0,0,1,2,0.0,0
269,B,Texas A&M,LSU,Other WR,Receiver,0,0,0.0,0,0,0,0,0.0,0,5,8,92.7,0
269,B,Texas A&M,LSU,Amari Niblack,Receiver,0,0,0.0,0,0,0,0,0.0,0,0,1,0.0,0
269,B,Texas A&M,LSU,Kevin Concepcion,Receiver,0,0,0.0,0,0,0,0,0.0,0,6,8,60.2,2
269,B,Texas A&M,LSU,Mario Craver,Receiver,0,0,0.0,0,0,0,0,0.0,0,1,7,16.1,0
269,B,Texas A&M,LSU,Terry Bussey,Receiver,0,0,0.0,0,0,0,0,0.0,0,3,5,41.6,0
269,B,LSU,Texas A&M,Garrett Nussmeier,QB,26,17,224.7,0,0,1,0,0.0,0,0,0,0.0,0
269,B,LSU,Texas A&M,Ju'Juan Johnson,Rusher,0,0,0.0,0,0,0,6,12.3,0,0,0,0.0,0
269,B,LSU,Texas A&M,Caden Durham,Rusher,0,0,0.0,0,0,0,13,53.9,2,0,0,0.0,0
269,B,LSU,Texas A&M,Harlem Berry,Rusher,0,0,0.0,0,0,0,7,20.0,0,0,0,0.0,0
269,B,LSU,Texas A&M,Garrett Nussmeier,Rusher,0,0,0.0,0,0,0,3,22.7,0,0,0,0.0,0
269,B,LSU,Texas A&M,Kaleb Jackson,Rusher,0,0,0.0,0,0,0,1,13.0,1,0,0,0.0,0
269,B,LSU,Texas A&M,Other RB,Rusher,0,0,0.0,0,0,0,6,15.5,0,0,0,0.0,0
269,B,LSU,Texas A&M,Chris Hilton Jr.,Receiver,0,0,0.0,0,0,0,0,0.0,0,2,2,38.4,0
269,B,LSU,Texas A&M,Bauer Sharp,Receiver,0,0,0.0,0,0,0,0,0.0,0,2,2,30.2,0
269,B,LSU,Texas A&M,Nic Anderson,Receiver,0,0,0.0,0,0,0,0,0.0,0,1,3,9.1,0
269,B,LSU,Texas A&M,Aaron Anderson,Receiver,0,0,0.0,0,0,0,0,0.0,0,4,5,69.7,0
269,B,LSU,Texas A&M,Kyle Parker,Receiver,0,0,0.0,0,0,0,0,0.0,0,2,2,30.2,0
269,B,LSU,Texas A&M,Zavion Thomas,Receiver,0,0,0.0,0,0,0,0,0.0,0,1,4,10.7,0
269,B,LSU,Texas A&M,Barion Brown,Receiver,0,0,0.0,0,0,0,0,0.0,0,3,5,23.7,0
269,B,LSU,Texas A&M,Other WR,Receiver,0,0,0.0,0,0,0,0,0.0,0,1,2,0.0,0
269,B,LSU,Texas A&M,Trey'Dez Green,Receiver,0,0,0.0,0,0,0,0,0.0,0,1,1,12.8,0
270,A,LSU,Texas A&M,Garrett Nussmeier,QB,29,13,108.2,0,0,7,0,0.0,0,0,0,0.0,0
270,A,LSU,Texas A&M,Other RB,Rusher,0,0,0.0,0,0,0,3,21.0,0,0,0,0.0,0
270,A,LSU,Texas A&M,Garrett Nussmeier,Rusher,0,0,0.0,0,0,0,2,1.8,0,0,0,0.0,0
270,A,LSU,Texas A&M,Kaleb Jackson,Rusher,0,0,0.0,0,0,0,4,17.5,0,0,0,0.0,0
270,A,LSU,Texas A&M,Caden Durham,Rusher,0,0,0.0,0,0,0,7,0.1,0,0,0,0.0,0
270,A,LSU,Texas A&M,Ju'Juan Johnson,Rusher,0,0,0.0,0,0,0,2,5.6,0,0,0,0.0,0
270,A,LSU,Texas A&M,Harlem Berry,Rusher,0,0,0.0,0,0,0,4,52.6,1,0,0,0.0,0
270,A,LSU,Texas A&M,Nic Anderson,Receiver,0,0,0.0,0,0,0,0,0.0,0,3,6,9.7,0
270,A,LSU,Texas A&M,Barion Brown,Receiver,0,0,0.0,0,0,0,0,0.0,0,1,5,0.0,0
270,A,LSU,Texas A&M,Aaron Anderson,Receiver,0,0,0.0,0,0,0,0,0.0,0,3,5,23.9,0
270,A,LSU,Texas A&M,Bauer Sharp,Receiver,0,0,0.0,0,0,0,0,0.0,0,1,2,13.4,0
270,A,LSU,Texas A&M,Zavion Thomas,Receiver,0,0,0.0,0,0,0,0,0.0,0,1,3,5.0,0
270,A,LSU,Texas A&M,Trey'Dez Green,Receiver,0,0,0.0,0,0,0,0,0.0,0,1,2,13.0,0
270,A,LSU,Texas A&M,Chris Hilton Jr.,Receiver,0,0,0.0,0,0,0,0,0.0,0,2,3,20.4,0
270,A,LSU,Texas A&M,Kyle Parker,Receiver,0,0,0.0,0,0,0,0,0.0,0,0,1,0.0,0
270,A,LSU,Texas A&M,Other WR,Receiver,0,0,0.0,0,0,0,0,0.0,0,1,2,22.7,0
270,A,Texas A&M,LSU,Marcel Reed,QB,18,14,119.3,0,0,4,0,0.0,0,0,0,0.0,0
270,A,Texas A&M,LSU,Marcel Reed,Rusher,0,0,0.0,0,0,0,9,51.0,1,0,0,0.0,0
270,A,Texas A&M,LSU,E.J. Smith,Rusher,0,0,0.0,0,0,0,3,-2.7,0,0,0,0.0,0
270,A,Texas A&M,LSU,Le'Veon Moss,Rusher,0,0,0.0,0,0,0,14,54.5,1,0,0,0.0,0
270,A,Texas A&M,LSU,Rueben Owens,Rusher,0,0,0.0,0,0,0,6,9.4,0,0,0,0.0,0
270,A,Texas A&M,LSU,Miles O'Neill,Rusher,0,0,0.0,0,0,0,2,2.1,0,0,0,0.0,0
270,A,Texas A&M,LSU,Amari Daniels,Rusher,0,0,0.0,0,0,0,3,15.3,0,0,0,0.0,0
270,A,Texas A&M,LSU,Mario Craver,Receiver,0,0,0.0,0,0,0,0,0.0,0,5,5,31.7,0
270,A,Texas A&M,LSU,Kevin Concepcion,Receiver,0,0,0.0,0,0,0,0,0.0,0,2,2,26.5,0
270,A,Texas A&M,LSU,Theo Melin Ohrstrom,Receiver,0,0,0.0,0,0,0,0,0.0,0,1,1,0.0,0
270,A,Texas A&M,LSU,Nate Boerkircher,Receiver,0,0,0.0,0,0,0,0,0.0,0,0,3,0.0,0
270,A,Texas A&M,LSU,Amari Niblack,Receiver,0,0,0.0,0,0,0,0,0.0,0,2,2,11.0,0
270,A,Texas A&M,LSU,Other WR,Receiver,0,0,0.0,0,0,0,0,0.0,0,2,2,42.3,0
270,A,Texas A&M,LSU,Ashton Bethel-Roman,Receiver,0,0,0.0,0,0,0,0,0.0,0,2,3,7.8,0
271,B,Texas A&M,LSU,Marcel Reed,QB,31,24,325.0,1,0,6,0,0.0,0,0,0,0.0,0
271,B,Texas A&M,LSU,Amari Daniels,Rusher,0,0,0.0,0,0,0,8,26.7,0,0,0,0.0,0
271,B,Texas A&M,LSU,Le'Veon Moss,Rusher,0,0,0.0,0,0,0,17,60.2,1,0,0,0.0,0
271,B,Texas A&M,LSU,Miles O'Neill,Rusher,0,0,0.0,0,0,0,2,22.0,0,0,0,0.0,0
271,B,Texas A&M,LSU,Marcel Reed,Rusher,0,0,0.0,0,0,0,5,8.4,0,0,0,0.0,0
271,B,Texas A&M,LSU,Rueben Owens,Rusher,0,0,0.0,0,0,0,3,19.0,1,0,0,0.0,0
271,B,Texas A&M,LSU,E.J. Smith,Rusher,0,0,0.0,0,0,0,1,0.2,0,0,0,0.0,0
271,B,Texas A&M,LSU,Jamarion Morrow,Rusher,0,0,0.0,0,0,0,1,1.6,0,0,0,0.0,0
271,B,Texas A&M,LSU,Other WR,Receiver,0,0,0.0,0,0,0,0,0.0,0,9,10,127.6,1
271,B,Texas A&M,LSU,Terry Bussey,Receiver,0,0,0.0,0,0,0,0,0.0,0,5,6,69.2,0
271,B,Texas A&M,LSU,Nate Boerkircher,Receiver,0,0,0.0,0,0,0,0,0.0,0,1,2,12.9,0
271,B,Texas A&M,LSU,Kevin Concepcion,Receiver,0,0,0.0,0,0,0,0,0.0,0,2,2,1.7,0
271,B,Texas A&M,LSU,Mario Craver,Receiver,0,0,0.0,0,0,0,0,0.0,0,5,6,64.5,0
271,B,Texas A&M,LSU,Ashton Bethel-Roman,Receiver,0,0,0.0,0,0,0,0,0.0,0,2,5,49.2,0
271,B,Texas A&M,LSU,Theo Melin Ohrstrom,Receiver,0,0,0.0,0,0,0,0,0.0,0,0,0,0.0,0
271,B,LSU,Texas A&M,Garrett Nussmeier,QB,24,11,114.1,0,0,2,0,0.0,0,0,0,0.0,0
271,B,LSU,Texas A&M,Caden Durham,Rusher,0,0,0.0,0,0,0,11,32.4,1,0,0,0.0,0
271,B,LSU,Texas A&M,Harlem Berry,Rusher,0,0,0.0,0,0,0,4,10.3,0,0,0,0.0,0
271,B,LSU,Texas A&M,Other RB,Rusher,0,0,0.0,0,0,0,1,-2.3,0,0,0,0.0,0
271,B,LSU,Texas A&M,Ju'Juan Johnson,Rusher,0,0,0.0,0,0,0,2,5.8,0,0,0,0.0,0
271,B,LSU,Texas A&M,Kaleb Jackson,Rusher,0,0,0.0,0,0,0,1,-3.9,0,0,0,0.0,0
271,B,LSU,Texas A&M,Garrett Nussmeier,Rusher,0,0,0.0,0,0,0,1,9.7,0,0,0,0.0,0
271,B,LSU,Texas A&M,Aaron Anderson,Receiver,0,0,0.0,0,0,0,0,0.0,0,2,3,0.6,0
271,B,LSU,Texas A&M,Trey'Dez Green,Receiver,0,0,0.0,0,0,0,0,0.0,0,2,3,14.8,0
271,B,LSU,Texas A&M,Barion Brown,Receiver,0,0,0.0,0,0,0,0,0.0,0,3,6,54.7,0
271,B,LSU,Texas A&M,Bauer Sharp,Receiver,0,0,0.0,0,0,0,0,0.0,0,2,6,19.9,0
271,B,LSU,Texas A&M,Zavion Thomas,Receiver,0,0,0.0,0,0,0,0,0.0,0,2,4,24.2,0
271,B,LSU,Texas A&M,Nic Anderson,Receiver,0,0,0.0,0,0,0,0,0.0,0,0,1,0.0,0
271,B,LSU,Texas A&M,Chris Hilton Jr.,Receiver,0,0,0.0,0,0,0,0,0.0,0,0,1,0.0,0
272,A,LSU,Texas A&M,Garrett Nussmeier,QB,21,12,135.6,0,0,0,0,0.0,0,0,0,0.0,0
272,A,LSU,Texas A&M,Caden Durham,Rusher,0,0,0.0,0,0,0,18,40.8,0,0,0,0.0,0
272,A,LSU,Texas A&M,Harlem Berry,Rusher,0,0,0.0,0,0,0,6,1.1,0,0,0,0.0,0
272,A,LSU,Texas A&M,Other RB,Rusher,0,0,0.0,0,0,0,3,28.9,1,0,0,0.0,0
272,A,LSU,Texas A&M,Garrett Nussmeier,Rusher,0,0,0.0,0,0,0,1,0.5,0,0,0,0.0,0
272,A,LSU,Texas A&M,Ju'Juan Johnson,Rusher,0,0,0.0,0,0,0,8,39.9,1,0,0,0.0,0
272,A,LSU,Texas A&M,Trey'Dez Green,Receiver,0,0,0.0,0,0,0,0,0.0,0,3,3,38.4,0
272,A,LSU,Texas A&M,Aaron Anderson,Receiver,0,0,0.0,0,0,0,0,0.0,0,1,3,0.7,0
272,A,LSU,Texas A&M,Bauer Sharp,Receiver,0,0,0.0,0,0,0,0,0.0,0,0,1,0.0,0
272,A,LSU,Texas A&M,Zavion Thomas,Receiver,0,0,0.0,0,0,0,0,0.0,0,1,1,9.0,0
272,A,LSU,Texas A&M,Barion Brown,Receiver,0,0,0.0,0,0,0,0,0.0,0,4,6,49.0,0
272,A,LSU,Texas A&M,Kyle Parker,Receiver,0,0,0.0,0,0,0,0,0.0,0,0,1,0.0,0
272,A,LSU,Texas A&M,Other WR,Receiver,0,0,0.0,0,0,0,0,0.0,0,2,3,38.4,0
272,A,LSU,Texas A&M,Chris Hilton Jr.,Receiver,0,0,0.0,0,0,0,0,0.0,0,0,1,0.0,0
272,A,LSU,Texas A&M,Nic Anderson,Receiver,0,0,0.0,0,0,0,0,0.0,0,1,2,0.2,0
272,A,Texas A&M,LSU,Marcel Reed,QB,22,14,104.2,1,0,8,0,0.0,0,0,0,0.0,0
272,A,Texas A&M,LSU,Marcel Reed,Rusher,0,0,0.0,0,0,0,10,51.8,0,0,0,0.0,0
272,A,Texas A&M,LSU,Le'Veon Moss,Rusher,0,0,0.0,0,0,0,8,21.5,0,0,0,0.0,0
272,A,Texas A&M,LSU,Miles O'Neill,Rusher,0,0,0.0,0,0,0,2,11.4,0,0,0,0.0,0
272,A,Texas A&M,LSU,Rueben Owens,Rusher,0,0,0.0,0,0,0,4,40.3,1,0,0,0.0,0
272,A,Texas A&M,LSU,Amari Daniels,Rusher,0,0,0.0,0,0,0,2,-8.0,0,0,0,0.0,0
272,A,Texas A&M,LSU,Mario Craver,Receiver,0,0,0.0,0,0,0,0,0.0,0,3,5,30.9,0
272,A,Texas A&M,LSU,Other WR,Receiver,0,0,0.0,0,0,0,0,0.0,0,2,3,4.5,0
272,A,Texas A&M,LSU,Amari Niblack,Receiver,0,0,0.0,0,0,0,0,0.0,0,1,1,3.9,0
272,A,Texas A&M,LSU,Kevin Concepcion,Receiver,0,0,0.0,0,0,0,0,0.0,0,2,5,22.0,0
272,A,Texas A&M,LSU,Ashton Bethel-Roman,Receiver,0,0,0.0,0,0,0,0,0.0,0,2,4,19.7,0
272,A,Texas A&M,LSU,Theo Melin Ohrstrom,Receiver,0,0,0.0,0,0,0,0,0.0,0,2,2,22.6,1
272,A,Texas A&M,LSU,Terry Bussey,Receiver,0,0,0.0,0,0,0,0,0.0,0,1,1,0.5,0
272,A,Texas A&M,LSU,Nate Boerkircher,Receiver,0,0,0.0,0,0,0,0,0.0,0,1,1,0.0,0
273,B,Texas A&M,LSU,Marcel Reed,QB,26,19,196.3,1,0,4,0,0.0,0,0,0,0.0,0
273,B,Texas A&M,LSU,Le'Veon Moss,Rusher,0,0,0.0,0,0,0,10,-13.7,0,0,0,0.0,0
273,B,Texas A&M,LSU,Jamarion Morrow,Rusher,0,0,0.0,0,0,0,2,-2.0,0,0,0,0.0,0
273,B,Texas A&M,LSU,Marcel Reed,Rusher,0,0,0.0,0,0,0,5,23.4,0,0,0,0.0,0
273,B,Texas A&M,LSU,Rueben Owens,Rusher,0,0,0.0,0,0,0,5,30.2,0,0,0,0.0,0
273,B,Texas A&M,LSU,Amari Daniels,Rusher,0,0,0.0,0,0,0,6,27.9,0,0,0,0.0,0
273,B,Texas A&M,LSU,Kevin Concepcion,Receiver,0,0,0.0,0,0,0,0,0.0,0,3,4,36.8,0
273,B,Texas A&M,LSU,Nate Boerkircher,Receiver,0,0,0.0,0,0,0,0,0.0,0,1,3,0.0,0
273,B,Texas A&M,LSU,Theo Melin Ohrstrom,Receiver,0,0,0.0,0,0,0,0,0.0,0,1,1,6.2,0
273,B,Texas A&M,LSU,Other WR,Receiver,0,0,0.0,0,0,0,0,0.0,0,5,5,71.9,0
273,B,Texas A&M,LSU,Mario Craver,Receiver,0,0,0.0,0,0,0,0,0.0,0,7,10,58.2,0
273,B,Texas A&M,LSU,Ashton Bethel-Roman,Receiver,0,0,0.0,0,0,0,0,0.0,0,1,1,18.4,1
273,B,Texas A&M,LSU,Terry Bussey,Receiver,0,0,0.0,0,0,0,0,0.0,0,1,1,4.8,0
273,B,Texas A&M,LSU,Amari Niblack,Receiver,0,0,0.0,0,0,0,0,0.0,0,0,1,0.0,0
273,B,LSU,Texas A&M,Garrett Nussmeier,QB,25,15,121.7,1,0,1,0,0.0,0,0,0,0.0,0
273,B,LSU,Texas A&M,Caden Durham,Rusher,0,0,0.0,0,0,0,15,48.1,0,0,0,0.0,0
273,B,LSU,Texas A&M,Garrett Nussmeier,Rusher,0,0,0.0,0,0,0,1,4.3,0,0,0,0.0,0
273,B,LSU,Texas A&M,Harlem Berry,Rusher,0,0,0.0,0,0,0,9,42.5,0,0,0,0.0,0
273,B,LSU,Texas A&M,Ju'Juan Johnson,Rusher,0,0,0.0,0,0,0,4,19.7,0,0,0,0.0,0
273,B,LSU,Texas A&M,Other RB,Rusher,0,0,0.0,0,0,0,5,9.4,0,0,0,0.0,0
273,B,LSU,Texas A&M,Trey'Dez Green,Receiver,0,0,0.0,0,0,0,0,0.0,0,4,6,4.1,0
273,B,LSU,Texas A&M,Chris Hilton Jr.,Receiver,0,0,0.0,0,0,0,0,0.0,0,1,2,3.7,0
273,B,LSU,Texas A&M,Barion Brown,Receiver,0,0,0.0,0,0,0,0,0.0,0,3,5,33.5,0
273,B,LSU,Texas A&M,Bauer Sharp,Receiver,0,0,0.0,0,0,0,0,0.0,0,2,4,8.3,0
273,B,LSU,Texas A&M,Kyle Parker,Receiver,0,0,0.0,0,0,0,0,0.0,0,2,2,38.7,1
273,B,LSU,Texas A&M,Other WR,Receiver,0,0,0.0,0,0,0,0,0.0,0,0,1,0.0,0
273,B,LSU,Texas A&M,Zavion Thomas,Receiver,0,0,0.0,0,0,0,0,0.0,0,0,2,0.0,0
273,B,LSU,Texas A&M,Aaron Anderson,Receiver,0,0,0.0,0,0,0,0,0.0,0,2,2,22.0,0
273,B,LSU,Texas A&M,Nic Anderson,Receiver,0,0,0.0,0,0,0,0,0.0,0,1,1,11.6,0
274,A,LSU,Texas A&M,Garrett Nussmeier,QB,24,15,170.6,0,0,1,0,0.0,0,0,0,0.0,0
274,A,LSU,Texas A&M,Caden Durham,Rusher,0,0,0.0,0,0,0,18,71.4,0,0,0,0.0,0
274,A,LSU,Texas A&M,Ju'Juan Johnson,Rusher,0,0,0.0,0,0,0,5,-1.0,0,0,0,0.0,0
274,A,LSU,Texas A&M,Other RB,Rusher,0,0,0.0,0,0,0,5,29.0,0,0,0,0.0,0
274,A,LSU,Texas A&M,Kaleb Jackson,Rusher,0,0,0.0,0,0,0,2,3.0,1,0,0,0.0,0
274,A,LSU,Texas A&M,Garrett Nussmeier,Rusher,0,0,0.0,0,0,0,1,18.1,1,0,0,0.0,0
274,A,LSU,Texas A&M,Harlem Berry,Rusher,0,0,0.0,0,0,0,3,18.4,0,0,0,0.0,0
274,A,LSU,Texas A&M,Bauer Sharp,Receiver,0,0,0.0,0,0,0,0,0.0,0,2,2,12.2,0
274,A,LSU,Texas A&M,Nic Anderson,Receiver,0,0,0.0,0,0,0,0,0.0,0,2,4,22.8,0
274,A,LSU,Texas A&M,Kyle Parker,Receiver,0,0,0.0,0,0,0,0,0.0,0,4,4,63.6,0
274,A,LSU,Texas A&M,Aaron Anderson,Receiver,0,0,0.0,0,0,0,0,0.0,0,2,3,8.7,0
274,A,LSU,Texas A&M,Barion Brown,Receiver,0,0,0.0,0,0,0,0,0.0,0,1,5,13.7,0
274,A,LSU,Texas A&M,Chris Hilton Jr.,Receiver,0,0,0.0,0,0,0,0,0.0,0,0,1,0.0,0
274,A,LSU,Texas A&M,Trey'Dez Green,Receiver,0,0,0.0,0,0,0,0,0.0,0,3,3,24.9,0
274,A,LSU,Texas A&M,Zavion Thomas,Receiver,0,0,0.0,0,0,0,0,0.0,0,1,2,24.6,0
274,A,Texas A&M,LSU,Marcel Reed,QB,20,14,147.1,0,0,8,0,0.0,0,0,0,0.0,0
274,A,Texas A&M,LSU,Marcel Reed,Rusher,0,0,0.0,0,0,0,3,-4.6,0,0,0,0.0,0
274,A,Texas A&M,LSU,Miles O'Neill,Rusher,0,0,0.0,0,0,0,3,6.3,0,0,0,0.0,0
274,A,Texas A&M,LSU,Rueben Owens,Rusher,0,0,0.0,0,0,0,5,7.8,0,0,0,0.0,0
274,A,Texas A&M,LSU,Le'Veon Moss,Rusher,0,0,0.0,0,0,0,9,67.8,1,0,0,0.0,0
274,A,Texas A&M,LSU,Jamarion Morrow,Rusher,0,0,0.0,0,0,0,1,0.9,0,0,0,0.0,0
274,A,Texas A&M,LSU,Amari Daniels,Rusher,0,0,0.0,0,0,0,4,15.6,0,0,0,0.0,0
274,A,Texas A&M,LSU,E.J. Smith,Rusher,0,0,0.0,0,0,0,2,18.8,0,0,0,0.0,0
274,A,Texas A&M,LSU,Kevin Concepcion,Receiver,0,0,0.0,0,0,0,0,0.0,0,5,8,64.9,0
274,A,Texas A&M,LSU,Mario Craver,Receiver,0,0,0.0,0,0,0,0,0.0,0,3,3,25.9,0
274,A,Texas A&M,LSU,Terry Bussey,Receiver,0,0,0.0,0,0,0,0,0.0,0,2,3,7.8,0
274,A,Texas A&M,LSU,Other WR,Receiver,0,0,0.0,0,0,0,0,0.0,0,2,3,4.5,0
274,A,Texas A&M,LSU,Ashton Bethel-Roman,Receiver,0,0,0.0,0,0,0,0,0.0,0,1,2,10.9,0
274,A,Texas A&M,LSU,Amari Niblack,Receiver,0,0,0.0,0,0,0,0,0.0,0,1,1,33.0,0
275,B,Texas A&M,LSU,Marcel Reed,QB,22,15,166.0,1,0,7,0,0.0,0,0,0,0.0,0
275,B,Texas A&M,LSU,Le'Veon Moss,Rusher,0,0,0.0,0,0,0,13,39.6,0,0,0,0.0,0
275,B,Texas A&M,LSU,Amari Daniels,Rusher,0,0,0.0,0,0,0,8,9.7,0,0,0,0.0,0
275,B,Texas A&M,LSU,Marcel Reed,Rusher,0,0,0.0,0,0,0,5,66.7,1,0,0,0.0,0
275,B,Texas A&M,LSU,Rueben Owens,Rusher,0,0,0.0,0,0,0,2,10.7,0,0,0,0.0,0
275,B,Texas A&M,LSU,Jamarion Morrow,Rusher,0,0,0.0,0,0,0,1,8.9,0,0,0,0.0,0
275,B,Texas A&M,LSU,E.J. Smith,Rusher,0,0,0.0,0,0,0,2,15.2,0,0,0,0.0,0
275,B,Texas A&M,LSU,Terry Bussey,Receiver,0,0,0.0,0,0,0,0,0.0,0,3,3,44.9,0
275,B,Texas A&M,LSU,Kevin Concepcion,Receiver,0,0,0.0,0,0,0,0,0.0,0,3,6,18.3,0
275,B,Texas A&M,LSU,Nate Boerkircher,Receiver,0,0,0.0,0,0,0,0,0.0,0,1,1,1.6,0
275,B,Texas A&M,LSU,Mario Craver,Receiver,0,0,0.0,0,0,0,0,0.0,0,3,4,62.0,1
275,B,Texas A&M,LSU,Other WR,Receiver,0,0,0.0,0,0,0,0,0.0,0,3,5,38.3,0
275,B,Texas A&M,LSU,Amari Niblack,Receiver,0,0,0.0,0,0,0,0,0.0,0,1,1,0.9,0
275,B,Texas A&M,LSU,Ashton Bethel-Roman,Receiver,0,0,0.0,0,0,0,0,0.0,0,0,1,0.0,0
275,B,Texas A&M,LSU,Theo Melin Ohrstrom,Receiver,0,0,0.0,0,0,0,0,0.0,0,1,1,0.0,0
275,B,LSU,Texas A&M,Garrett Nussmeier,QB,34,20,251.3,2,0,4,0,0.0,0,0,0,0.0,0
275,B,LSU,Texas A&M,Caden Durham,Rusher,0,0,0.0,0,0,0,14,69.5,0,0,0,0.0,0
275,B,LSU,Texas A&M,Ju'Juan Johnson,Rusher,0,0,0.0,0,0,0,4,9.5,0,0,0,0.0,0
275,B,LSU,Texas A&M,Other RB,Rusher,0,0,0.0,0,0,0,3,-9.8,0,0,0,0.0,0
275,B,LSU,Texas A&M,Garrett Nussmeier,Rusher,0,0,0.0,0,0,0,2,7.9,0,0,0,0.0,0
275,B,LSU,Texas A&M,Kaleb Jackson,Rusher,0,0,0.0,0,0,0,2,6.0,0,0,0,0.0,0
275,B,LSU,Texas A&M,Barion Brown,Receiver,0,0,0.0,0,0,0,0,0.0,0,4,7,64.0,1
275,B,LSU,Texas A&M,Zavion Thomas,Receiver,0,0,0.0,0,0,0,0,0.0,0,5,6,26.9,0
275,B,LSU,Texas A&M,Trey'Dez Green,Receiver,0,0,0.0,0,0,0,0,0.0,0,1,2,0.0,0
275,B,LSU,Texas A&M,Bauer Sharp,Receiver,0,0,0.0,0,0,0,0,0.0,0,4,8,63.2,1
275,B,LSU,Texas A&M,Aaron Anderson,Receiver,0,0,0.0,0,0,0,0,0.0,0,3,5,36.5,0
275,B,LSU,Texas A&M,Kyle Parker,Receiver,0,0,0.0,0,0,0,0,0.0,0,0,2,0.0,0
275,B,LSU,Texas A&M,Chris Hilton Jr.,Receiver,0,0,0.0,0,0,0,0,0.0,0,1,1,13.1,0
275,B,LSU,Texas A&M,Other WR,Receiver,0,0,0.0,0,0,0,0,0.0,0,1,2,29.5,0
275,B,LSU,Texas A&M,Nic Anderson,Receiver,0,0,0.0,0,0,0,0,0.0,0,1,1,18.1,0
276,A,LSU,Texas A&M,Garrett Nussmeier,QB,26,14,97.9,0,0,1,0,0.0,0,0,0,0.0,0
276,A,LSU,Texas A&M,Caden Durham,Rusher,0,0,0.0,0,0,0,8,50.0,0,0,0,0.0,0
276,A,LSU,Texas A&M,Ju'Juan Johnson,Rusher,0,0,0.0,0,0,0,6,13.5,1,0,0,0.0,0
276,A,LSU,Texas A&M,Harlem Berry,Rusher,0,0,0.0,0,0,0,5,15.1,0,0,0,0.0,0
276,A,LSU,Texas A&M,Garrett Nussmeier,Rusher,0,0,0.0,0,0,0,2,13.0,0,0,0,0.0,0
276,A,LSU,Texas A&M,Other RB,Rusher,0,0,0.0,0,0,0,1,7.5,0,0,0,0.0,0
276,A,LSU,Texas A&M,Kaleb Jackson,Rusher,0,0,0.0,0,0,0,1,-1.2,0,0,0,0.0,0
276,A,LSU,Texas A&M,Zavion Thomas,Receiver,0,0,0.0,0,0,0,0,0.0,0,2,3,9.4,0
276,A,LSU,Texas A&M,Aaron Anderson,Receiver,0,0,0.0,0,0,0,0,0.0,0,1,4,2.5,0
276,A,LSU,Texas A&M,Nic Anderson,Receiver,0,0,0.0,0,0,0,0,0.0,0,0,4,0.0,0
276,A,LSU,Texas A&M,Kyle Parker,Receiver,0,0,0.0,0,0,0,0,0.0,0,1,1,0.0,0
276,A,LSU,Texas A&M,Other WR,Receiver,0,0,0.0,0,0,0,0,0.0,0,1,2,0.0,0
276,A,LSU,Texas A&M,Barion Brown,Receiver,0,0,0.0,0,0,0,0,0.0,0,4,5,29.1,0
276,A,LSU,Texas A&M,Trey'Dez Green,Receiver,0,0,0.0,0,0,0,0,0.0,0,2,3,7.1,0
276,A,LSU,Texas A&M,Bauer Sharp,Receiver,0,0,0.0,0,0,0,0,0.0,0,3,4,49.8,0
276,A,Texas A&M,LSU,Marcel Reed,QB,28,16,171.5,1,0,6,0,0.0,0,0,0,0.0,0
276,A,Texas A&M,LSU,Rueben Owens,Rusher,0,0,0.0,0,0,0,5,7.8,0,0,0,0.0,0
276,A,Texas A&M,LSU,Le'Veon Moss,Rusher,0,0,0.0,0,0,0,16,59.4,1,0,0,0.0,0
276,A,Texas A&M,LSU,Marcel Reed,Rusher,0,0,0.0,0,0,0,12,45.1,0,0,0,0.0,0
276,A,Texas A&M,LSU,E.J. Smith,Rusher,0,0,0.0,0,0,0,1,6.4,0,0,0,0.0,0
276,A,Texas A&M,LSU,Amari Daniels,Rusher,0,0,0.0,0,0,0,5,19.1,0,0,0,0.0,0
276,A,Texas A&M,LSU,Miles O'Neill,Rusher,0,0,0.0,0,0,0,1,14.3,0,0,0,0.0,0
276,A,Texas A&M,LSU,Mario Craver,Receiver,0,0,0.0,0,0,0,0,0.0,0,3,7,30.8,1
276,A,Texas A&M,LSU,Kevin Concepcion,Receiver,0,0,0.0,0,0,0,0,0.0,0,6,10,55.6,0
276,A,Texas A&M,LSU,Terry Bussey,Receiver,0,0,0.0,0,0,0,0,0.0,0,3,3,31.9,0
276,A,Texas A&M,LSU,Other WR,Receiver,0,0,0.0,0,0,0,0,0.0,0,2,5,21.0,0
276,A,Texas A&M,LSU,Ashton Bethel-Roman,Receiver,0,0,0.0,0,0,0,0,0.0,0,1,2,11.5,0
276,A,Texas A&M,LSU,Theo Melin Ohrstrom,Receiver,0,0,0.0,0,0,0,0,0.0,0,1,1,20.6,0
276,A,Texas A&M,LSU,Nate Boerkircher,Receiver,0,0,0.0,0,0,0,0,0.0,0,0,0,0.0,0
277,B,Texas A&M,LSU,Marcel Reed,QB,30,24,187.4,0,0,4,0,0.0,0,0,0,0.0,0
277,B,Texas A&M,LSU,Jamarion Morrow,Rusher,0,0,0.0,0,0,0,3,6.6,0,0,0,0.0,0
277,B,Texas A&M,LSU,Amari Daniels,Rusher,0,0,0.0,0,0,0,5,27.0,0,0,0,0.0,0
277,B,Texas A&M,LSU,Le'Veon Moss,Rusher,0,0,0.0,0,0,0,13,37.8,1,0,0,0.0,0
277,B,Texas A&M,LSU,Rueben Owens,Rusher,0,0,0.0,0,0,0,7,30.6,0,0,0,0.0,0
277,B,Texas A&M,LSU,Marcel Reed,Rusher,0,0,0.0,0,0,0,1,10.4,0,0,0,0.0,0
277,B,Texas A&M,LSU,E.J. Smith,Rusher,0,0,0.0,0,0,0,1,0.6,0,0,0,0.0,0
277,B,Texas A&M,LSU,Other WR,Receiver,0,0,0.0,0,0,0,0,0.0,0,6,6,20.6,0
277,B,Texas A&M,LSU,Mario Craver,Receiver,0,0,0.0,0,0,0,0,0.0,0,4,5,41.5,0
277,B,Texas A&M,LSU,Theo Melin Ohrstrom,Receiver,0,0,0.0,0,0,0,0,0.0,0,2,4,22.6,0
277,B,Texas A&M,LSU,Terry Bussey,Receiver,0,0,0.0,0,0,0,0,0.0,0,2,3,12.5,0
277,B,Texas A&M,LSU,Kevin Concepcion,Receiver,0,0,0.0,0,0,0,0,0.0,0,5,7,48.7,0
277,B,Texas A&M,LSU,Ashton Bethel-Roman,Receiver,0,0,0.0,0,0,0,0,0.0,0,3,3,32.3,0
277,B,Texas A&M,LSU,Amari Niblack,Receiver,0,0,0.0,0,0,0,0,0.0,0,1,1,9.1,0
277,B,Texas A&M,LSU,Nate Boerkircher,Receiver,0,0,0.0,0,0,0,0,0.0,0,1,1,0.0,0
277,B,LSU,Texas A&M,Garrett Nussmeier,QB,25,18,161.8,1,0,3,0,0.0,0,0,0,0.0,0
277,B,LSU,Texas A&M,Caden Durham,Rusher,0,0,0.0,0,0,0,12,46.5,0,0,0,0.0,0
277,B,LSU,Texas A&M,Ju'Juan Johnson,Rusher,0,0,0.0,0,0,0,6,25.3,0,0,0,0.0,0
277,B,LSU,Texas A&M,Harlem Berry,Rusher,0,0,0.0,0,0,0,3,0.7,0,0,0,0.0,0
277,B,LSU,Texas A&M,Other RB,Rusher,0,0,0.0,0,0,0,2,16.7,0,0,0,0.0,0
277,B,LSU,Texas A&M,Kaleb Jackson,Rusher,0,0,0.0,0,0,0,1,8.8,0,0,0,0.0,0
277,B,LSU,Texas A&M,Garrett Nussmeier,Rusher,0,0,0.0,0,0,0,1,6.0,0,0,0,0.0,0
277,B,LSU,Texas A&M,Kyle Parker,Receiver,0,0,0.0,0,0,0,0,0.0,0,1,4,0.0,0
277,B,LSU,Texas A&M,Bauer Sharp,Receiver,0,0,0.0,0,0,0,0,0.0,0,2,2,30.7,0
277,B,LSU,Texas A&M,Barion Brown,Receiver,0,0,0.0,0,0,0,0,0.0,0,6,7,38.0,0
277,B,LSU,Texas A&M,Other WR,Receiver,0,0,0.0,0,0,0,0,0.0,0,1,1,22.5,0
277,B,LSU,Texas A&M,Trey'Dez Green,Receiver,0,0,0.0,0,0,0,0,0.0,0,3,4,17.5,0
277,B,LSU,Texas A&M,Aaron Anderson,Receiver,0,0,0.0,0,0,0,0,0.0,0,1,3,11.9,0
277,B,LSU,Texas A&M,Chris Hilton Jr.,Receiver,0,0,0.0,0,0,0,0,0.0,0,1,1,21.2,1
277,B,LSU,Texas A&M,Nic Anderson,Receiver,0,0,0.0,0,0,0,0,0.0,0,1,1,10.4,0
277,B,LSU,Texas A&M,Zavion Thomas,Receiver,0,0,0.0,0,0,0,0,0.0,0,2,2,9.7,0
278,A,LSU,Texas A&M,Garrett Nussmeier,QB,39,23,156.5,0,0,2,0,0.0,0,0,0,0.0,0
278,A,LSU,Texas A&M,Other RB,Rusher,0,0,0.0,0,0,0,4,18.7,0,0,0,0.0,0
278,A,LSU,Texas A&M,Caden Durham,Rusher,0,0,0.0,0,0,0,13,68.9,2,0,0,0.0,0
278,A,LSU,Texas A&M,Harlem Berry,Rusher,0,0,0.0,0,0,0,7,23.6,0,0,0,0.0,0
278,A,LSU,Texas A&M,Ju'Juan Johnson,Rusher,0,0,0.0,0,0,0,7,25.4,0,0,0,0.0,0
278,A,LSU,Texas A&M,Garrett Nussmeier,Rusher,0,0,0.0,0,0,0,1,3.0,0,0,0,0.0,0
278,A,LSU,Texas A&M,Kaleb Jackson,Rusher,0,0,0.0,0,0,0,2,4.1,0,0,0,0.0,0
278,A,LSU,Texas A&M,Chris Hilton Jr.,Receiver,0,0,0.0,0,0,0,0,0.0,0,2,2,4.8,0
278,A,LSU,Texas A&M,Barion Brown,Receiver,0,0,0.0,0,0,0,0,0.0,0,5,9,64.0,0
278,A,LSU,Texas A&M,Zavion Thomas,Receiver,0,0,0.0,0,0,0,0,0.0,0,4,7,2.6,0
278,A,LSU,Texas A&M,Aaron Anderson,Receiver,0,0,0.0,0,0,0,0,0.0,0,3,4,28.7,0
278,A,LSU,Texas A&M,Nic Anderson,Receiver,0,0,0.0,0,0,0,0,0.0,0,3,5,8.8,0
278,A,LSU,Texas A&M,Trey'Dez Green,Receiver,0,0,0.0,0,0,0,0,0.0,0,2,4,4.6,0
278,A,LSU,Texas A&M,Kyle Parker,Receiver,0,0,0.0,0,0,0,0,0.0,0,0,1,0.0,0
278,A,LSU,Texas A&M,Bauer Sharp,Receiver,0,0,0.0,0,0,0,0,0.0,0,3,4,22.2,0
278,A,LSU,Texas A&M,Other WR,Receiver,0,0,0.0,0,0,0,0,0.0,0,1,3,21.0,0
278,A,Texas A&M,LSU,Marcel Reed,QB,20,14,181.0,1,0,3,0,0.0,0,0,0,0.0,0
278,A,Texas A&M,LSU,Le'Veon Moss,Rusher,0,0,0.0,0,0,0,14,78.1,2,0,0,0.0,0
278,A,Texas A&M,LSU,Amari Daniels,Rusher,0,0,0.0,0,0,0,3,1.9,0,0,0,0.0,0
278,A,Texas A&M,LSU,E.J. Smith,Rusher,0,0,0.0,0,0,0,3,29.0,0,0,0,0.0,0
278,A,Texas A&M,LSU,Jamarion Morrow,Rusher,0,0,0.0,0,0,0,2,3.4,0,0,0,0.0,0
278,A,Texas A&M,LSU,Rueben Owens,Rusher,0,0,0.0,0,0,0,1,-3.3,0,0,0,0.0,0
278,A,Texas A&M,LSU,Marcel Reed,Rusher,0,0,0.0,0,0,0,4,12.2,0,0,0,0.0,0
278,A,Texas A&M,LSU,Amari Niblack,Receiver,0,0,0.0,0,0,0,0,0.0,0,1,2,8.9,0
278,A,Texas A&M,LSU,Terry Bussey,Receiver,0,0,0.0,0,0,0,0,0.0,0,1,4,24.2,0
278,A,Texas A&M,LSU,Other WR,Receiver,0,0,0.0,0,0,0,0,0.0,0,4,5,37.8,1
278,A,Texas A&M,LSU,Mario Craver,Receiver,0,0,0.0,0,0,0,0,0.0,0,2,2,3.6,0
278,A,Texas A&M,LSU,Theo Melin Ohrstrom,Receiver,0,0,0.0,0,0,0,0,0.0,0,2,2,43.7,0
278,A,Texas A&M,LSU,Ashton Bethel-Roman,Receiver,0,0,0.0,0,0,0,0,0.0,0,2,2,36.8,0
278,A,Texas A&M,LSU,Kevin Concepcion,Receiver,0,0,0.0,0,0,0,0,0.0,0,2,3,26.0,0
279,B,Texas A&M,LSU,Marcel Reed,QB,26,15,150.2,0,0,1,0,0.0,0,0,0,0.0,0
279,B,Texas A&M,LSU,Marcel Reed,Rusher,0,0,0.0,0,0,0,8,66.5,1,0,0,0.0,0
279,B,Texas A&M,LSU,Le'Veon Moss,Rusher,0,0,0.0,0,0,0,10,51.3,1,0,0,0.0,0
279,B,Texas A&M,LSU,Rueben Owens,Rusher,0,0,0.0,0,0,0,5,7.1,0,0,0,0.0,0
279,B,Texas A&M,LSU,Jamarion Morrow,Rusher,0,0,0.0,0,0,0,1,3.4,0,0,0,0.0,0
279,B,Texas A&M,LSU,E.J. Smith,Rusher,0,0,0.0,0,0,0,2,8.4,0,0,0,0.0,0
279,B,Texas A&M,LSU,Amari Daniels,Rusher,0,0,0.0,0,0,0,4,2.6,0,0,0,0.0,0
279,B,Texas A&M,LSU,Ashton Bethel-Roman,Receiver,0,0,0.0,0,0,0,0,0.0,0,1,1,0.0,0
279,B,Texas A&M,LSU,Nate Boerkircher,Receiver,0,0,0.0,0,0,0,0,0.0,0,1,1,6.0,0
279,B,Texas A&M,LSU,Mario Craver,Receiver,0,0,0.0,0,0,0,0,0.0,0,6,9,53.3,0
279,B,Texas A&M,LSU,Theo Melin Ohrstrom,Receiver,0,0,0.0,0,0,0,0,0.0,0,2,5,29.0,0
279,B,Texas A&M,LSU,Other WR,Receiver,0,0,0.0,0,0,0,0,0.0,0,0,2,0.0,0
279,B,Texas A&M,LSU,Kevin Concepcion,Receiver,0,0,0.0,0,0,0,0,0.0,0,2,5,17.9,0
279,B,Texas A&M,LSU,Terry Bussey,Receiver,0,0,0.0,0,0,0,0,0.0,0,3,3,44.2,0
279,B,LSU,Texas A&M,Garrett Nussmeier,QB,32,21,219.8,0,0,1,0,0.0,0,0,0,0.0,0
279,B,LSU,Texas A&M,Caden Durham,Rusher,0,0,0.0,0,0,0,13,20.9,1,0,0,0.0,0
279,B,LSU,Texas A&M,Garrett Nussmeier,Rusher,0,0,0.0,0,0,0,3,4.0,1,0,0,0.0,0
279,B,LSU,Texas A&M,Other RB,Rusher,0,0,0.0,0,0,0,7,30.5,0,0,0,0.0,0
279,B,LSU,Texas A&M,Ju'Juan Johnson,Rusher,0,0,0.0,0,0,0,4,26.6,0,0,0,0.0,0
279,B,LSU,Texas A&M,Harlem Berry,Rusher,0,0,0.0,0,0,0,6,26.2,0,0,0,0.0,0
279,B,LSU,Texas A&M,Kaleb Jackson,Rusher,0,0,0.0,0,0,0,2,5.2,0,0,0,0.0,0
279,B,LSU,Texas A&M,Barion Brown,Receiver,0,0,0.0,0,0,0,0,0.0,0,4,6,64.0,0
279,B,LSU,Texas A&M,Aaron Anderson,Receiver,0,0,0.0,0,0,0,0,0.0,0,5,5,49.5,0
279,B,LSU,Texas A&M,Chris Hilton Jr.,Receiver,0,0,0.0,0,0,0,0,0.0,0,2,3,20.5,0
279,B,LSU,Texas A&M,Kyle Parker,Receiver,0,0,0.0,0,0,0,0,0.0,0,5,5,44.7,0
279,B,LSU,Texas A&M,Trey'Dez Green,Receiver,0,0,0.0,0,0,0,0,0.0,0,0,5,0.0,0
279,B,LSU,Texas A&M,Other WR,Receiver,0,0,0.0,0,0,0,0,0.0,0,1,2,16.5,0
279,B,LSU,Texas A&M,Zavion Thomas,Receiver,0,0,0.0,0,0,0,0,0.0,0,1,2,4.4,0
279,B,LSU,Texas A&M,Nic Anderson,Receiver,0,0,0.0,0,0,0,0,0.0,0,2,2,5.1,0
279,B,LSU,Texas A&M,Bauer Sharp,Receiver,0,0,0.0,0,0,0,0,0.0,0,1,2,15.0,0
280,A,LSU,Texas A&M,Garrett Nussmeier,QB,31,16,179.6,2,0,1,0,0.0,0,0,0,0.0,0
280,A,LSU,Texas A&M,Harlem Berry,Rusher,0,0,0.0,0,0,0,9,37.7,1,0,0,0.0,0
280,A,LSU,Texas A&M,Caden Durham,Rusher,0,0,0.0,0,0,0,15,110.3,0,0,0,0.0,0
280,A,LSU,Texas A&M,Kaleb Jackson,Rusher,0,0,0.0,0,0,0,4,14.5,0,0,0,0.0,0
280,A,LSU,Texas A&M,Ju'Juan Johnson,Rusher,0,0,0.0,0,0,0,5,7.8,0,0,0,0.0,0
280,A,LSU,Texas A&M,Garrett Nussmeier,Rusher,0,0,0.0,0,0,0,1,2.8,0,0,0,0.0,0
280,A,LSU,Texas A&M,Zavion Thomas,Receiver,0,0,0.0,0,0,0,0,0.0,0,2,5,19.8,0
280,A,LSU,Texas A&M,Barion Brown,Receiver,0,0,0.0,0,0,0,0,0.0,0,3,8,24.5,1
280,A,LSU,Texas A&M,Aaron Anderson,Receiver,0,0,0.0,0,0,0,0,0.0,0,3,7,55.1,0
280,A,LSU,Texas A&M,Nic Anderson,Receiver,0,0,0.0,0,0,0,0,0.0,0,2,2,29.5,0
280,A,LSU,Texas A&M,Bauer Sharp,Receiver,0,0,0.0,0,0,0,0,0.0,0,1,2,13.3,0
280,A,LSU,Texas A&M,Kyle Parker,Receiver,0,0,0.0,0,0,0,0,0.0,0,1,1,6.2,0
280,A,LSU,Texas A&M,Chris Hilton Jr.,Receiver,0,0,0.0,0,0,0,0,0.0,0,1,2,2.3,0
280,A,LSU,Texas A&M,Other WR,Receiver,0,0,0.0,0,0,0,0,0.0,0,0,1,0.0,0
280,A,LSU,Texas A&M,Trey'Dez Green,Receiver,0,0,0.0,0,0,0,0,0.0,0,3,3,28.8,1
280,A,Texas A&M,LSU,Marcel Reed,QB,26,21,226.0,1,0,5,0,0.0,0,0,0,0.0,0
280,A,Texas A&M,LSU,Le'Veon Moss,Rusher,0,0,0.0,0,0,0,11,26.8,0,0,0,0.0,0
280,A,Texas A&M,LSU,Amari Daniels,Rusher,0,0,0.0,0,0,0,6,43.5,1,0,0,0.0,0
280,A,Texas A&M,LSU,Rueben Owens,Rusher,0,0,0.0,0,0,0,5,34.7,1,0,0,0.0,0
280,A,Texas A&M,LSU,Marcel Reed,Rusher,0,0,0.0,0,0,0,4,16.7,0,0,0,0.0,0
280,A,Texas A&M,LSU,Other RB,Rusher,0,0,0.0,0,0,0,1,-1.6,0,0,0,0.0,0
280,A,Texas A&M,LSU,Kevin Concepcion,Receiver,0,0,0.0,0,0,0,0,0.0,0,8,9,88.1,0
280,A,Texas A&M,LSU,Mario Craver,Receiver,0,0,0.0,0,0,0,0,0.0,0,6,7,67.1,1
280,A,Texas A&M,LSU,Ashton Bethel-Roman,Receiver,0,0,0.0,0,0,0,0,0.0,0,1,2,7.1,0
280,A,Texas A&M,LSU,Other WR,Receiver,0,0,0.0,0,0,0,0,0.0,0,3,5,13.1,0
280,A,Texas A&M,LSU,Terry Bussey,Receiver,0,0,0.0,0,0,0,0,0.0,0,1,1,13.3,0
280,A,Texas A&M,LSU,Nate Boerkircher,Receiver,0,0,0.0,0,0,0,0,0.0,0,1,1,28.6,0
280,A,Texas A&M,LSU,Theo Melin Ohrstrom,Receiver,0,0,0.0,0,0,0,0,0.0,0,1,1,8.7,0
281,B,Texas A&M,LSU,Marcel Reed,QB,31,19,221.0,1,0,2,0,0.0,0,0,0,0.0,0
281,B,Texas A&M,LSU,Marcel Reed,Rusher,0,0,0.0,0,0,0,6,7.6,0,0,0,0.0,0
281,B,Texas A&M,LSU,Le'Veon Moss,Rusher,0,0,0.0,0,0,0,11,64.9,0,0,0,0.0,0
281,B,Texas A&M,LSU,E.J. Smith,Rusher,0,0,0.0,0,0,0,1,11.2,1,0,0,0.0,0
281,B,Texas A&M,LSU,Miles O'Neill,Rusher,0,0,0.0,0,0,0,1,-4.0,0,0,0,0.0,0
281,B,Texas A&M,LSU,Rueben Owens,Rusher,0,0,0.0,0,0,0,4,16.5,0,0,0,0.0,0
281,B,Texas A&M,LSU,Jamarion Morrow,Rusher,0,0,0.0,0,0,0,1,11.0,0,0,0,0.0,0
281,B,Texas A&M,LSU,Amari Daniels,Rusher,0,0,0.0,0,0,0,1,2.2,0,0,0,0.0,0
281,B,Texas A&M,LSU,Kevin Concepcion,Receiver,0,0,0.0,0,0,0,0,0.0,0,6,10,73.2,0
281,B,Texas A&M,LSU,Other WR,Receiver,0,0,0.0,0,0,0,0,0.0,0,5,8,61.5,0
281,B,Texas A&M,LSU,Mario Craver,Receiver,0,0,0.0,0,0,0,0,0.0,0,2,4,32.5,0
281,B,Texas A&M,LSU,Ashton Bethel-Roman,Receiver,0,0,0.0,0,0,0,0,0.0,0,2,3,3.8,1
281,B,Texas A&M,LSU,Nate Boerkircher,Receiver,0,0,0.0,0,0,0,0,0.0,0,2,2,23.9,0
281,B,Texas A&M,LSU,Theo Melin Ohrstrom,Receiver,0,0,0.0,0,0,0,0,0.0,0,2,3,26.1,0
281,B,Texas A&M,LSU,Amari Niblack,Receiver,0,0,0.0,0,0,0,0,0.0,0,0,1,0.0,0
281,B,LSU,Texas A&M,Garrett Nussmeier,QB,25,19,218.1,1,0,3,0,0.0,0,0,0,0.0,0
281,B,LSU,Texas A&M,Garrett Nussmeier,Rusher,0,0,0.0,0,0,0,3,20.3,0,0,0,0.0,0
281,B,LSU,Texas A&M,Caden Durham,Rusher,0,0,0.0,0,0,0,20,113.4,2,0,0,0.0,0
281,B,LSU,Texas A&M,Harlem Berry,Rusher,0,0,0.0,0,0,0,7,22.7,1,0,0,0.0,0
281,B,LSU,Texas A&M,Ju'Juan Johnson,Rusher,0,0,0.0,0,0,0,4,43.2,1,0,0,0.0,0
281,B,LSU,Texas A&M,Other RB,Rusher,0,0,0.0,0,0,0,2,16.0,0,0,0,0.0,0
281,B,LSU,Texas A&M,Kaleb Jackson,Rusher,0,0,0.0,0,0,0,2,-0.8,0,0,0,0.0,0
281,B,LSU,Texas A&M,Barion Brown,Receiver,0,0,0.0,0,0,0,0,0.0,0,6,6,89.6,0
281,B,LSU,Texas A&M,Zavion Thomas,Receiver,0,0,0.0,0,0,0,0,0.0,0,3,5,47.1,0
281,B,LSU,Texas A&M,Nic Anderson,Receiver,0,0,0.0,0,0,0,0,0.0,0,2,2,11.7,0
281,B,LSU,Texas A&M,Trey'Dez Green,Receiver,0,0,0.0,0,0,0,0,0.0,0,1,2,11.5,0
281,B,LSU,Texas A&M,Aaron Anderson,Receiver,0,0,0.0,0,0,0,0,0.0,0,4,4,45.2,1
281,B,LSU,Texas A&M,Chris Hilton Jr.,Receiver,0,0,0.0,0,0,0,0,0.0,0,1,2,13.1,0
281,B,LSU,Texas A&M,Kyle Parker,Receiver,0,0,0.0,0,0,0,0,0.0,0,1,3,0.0,0
281,B,LSU,Texas A&M,Bauer Sharp,Receiver,0,0,0.0,0,0,0,0,0.0,0,1,1,0.0,0
282,A,LSU,Texas A&M,Garrett Nussmeier,QB,24,12,107.0,0,0,3,0,0.0,0,0,0,0.0,0
282,A,LSU,Texas A&M,Garrett Nussmeier,Rusher,0,0,0.0,0,0,0,2,5.2,0,0,0,0.0,0
282,A,LSU,Texas A&M,Harlem Berry,Rusher,0,0,0.0,0,0,0,7,15.7,0,0,0,0.0,0
282,A,LSU,Texas A&M,Caden Durham,Rusher,0,0,0.0,0,0,0,18,51.1,0,0,0,0.0,0
282,A,LSU,Texas A&M,Ju'Juan Johnson,Rusher,0,0,0.0,0,0,0,3,30.8,1,0,0,0.0,0
282,A,LSU,Texas A&M,Other RB,Rusher,0,0,0.0,0,0,0,2,6.4,0,0,0,0.0,0
282,A,LSU,Texas A&M,Kaleb Jackson,Rusher,0,0,0.0,0,0,0,4,22.1,0,0,0,0.0,0
282,A,LSU,Texas A&M,Other WR,Receiver,0,0,0.0,0,0,0,0,0.0,0,1,1,1.5,0
282,A,LSU,Texas A&M,Nic Anderson,Receiver,0,0,0.0,0,0,0,0,0.0,0,2,2,37.9,0
282,A,LSU,Texas A&M,Zavion Thomas,Receiver,0,0,0.0,0,0,0,0,0.0,0,2,4,6.7,0
282,A,LSU,Texas A&M,Bauer Sharp,Receiver,0,0,0.0,0,0,0,0,0.0,0,2,2,14.1,0
282,A,LSU,Texas A&M,Aaron Anderson,Receiver,0,0,0.0,0,0,0,0,0.0,0,1,6,0.0,0
282,A,LSU,Texas A&M,Barion Brown,Receiver,0,0,0.0,0,0,0,0,0.0,0,2,6,29.0,0
282,A,LSU,Texas A&M,Kyle Parker,Receiver,0,0,0.0,0,0,0,0,0.0,0,0,1,0.0,0
282,A,LSU,Texas A&M,Trey'Dez Green,Receiver,0,0,0.0,0,0,0,0,0.0,0,1,1,6.8,0
282,A,LSU,Texas A&M,Chris Hilton Jr.,Receiver,0,0,0.0,0,0,0,0,0.0,0,1,1,11.1,0
282,A,Texas A&M,LSU,Marcel Reed,QB,23,13,171.9,2,0,2,0,0.0,0,0,0,0.0,0
282,A,Texas A&M,LSU,Le'Veon Moss,Rusher,0,0,0.0,0,0,0,12,35.7,0,0,0,0.0,0
282,A,Texas A&M,LSU,Marcel Reed,Rusher,0,0,0.0,0,0,0,9,29.8,0,0,0,0.0,0
282,A,Texas A&M,LSU,Rueben Owens,Rusher,0,0,0.0,0,0,0,1,-0.9,0,0,0,0.0,0
282,A,Texas A&M,LSU,Amari Daniels,Rusher,0,0,0.0,0,0,0,3,24.6,0,0,0,0.0,0
282,A,Texas A&M,LSU,Jamarion Morrow,Rusher,0,0,0.0,0,0,0,2,9.3,0,0,0,0.0,0
282,A,Texas A&M,LSU,Other RB,Rusher,0,0,0.0,0,0,0,1,3.1,0,0,0,0.0,0
282,A,Texas A&M,LSU,Miles O'Neill,Rusher,0,0,0.0,0,0,0,1,-2.9,0,0,0,0.0,0
282,A,Texas A&M,LSU,E.J. Smith,Rusher,0,0,0.0,0,0,0,2,-2.8,0,0,0,0.0,0
282,A,Texas A&M,LSU,Mario Craver,Receiver,0,0,0.0,0,0,0,0,0.0,0,6,9,69.2,1
282,A,Texas A&M,LSU,Nate Boerkircher,Receiver,0,0,0.0,0,0,0,0,0.0,0,0,1,0.0,0
282,A,Texas A&M,LSU,Other WR,Receiver,0,0,0.0,0,0,0,0,0.0,0,3,4,70.7,1
282,A,Texas A&M,LSU,Ashton Bethel-Roman,Receiver,0,0,0.0,0,0,0,0,0.0,0,2,4,7.6,0
282,A,Texas A&M,LSU,Kevin Concepcion,Receiver,0,0,0.0,0,0,0,0,0.0,0,0,2,0.0,0
282,A,Texas A&M,LSU,Theo Melin Ohrstrom,Receiver,0,0,0.0,0,0,0,0,0.0,0,1,1,0.5,0
282,A,Texas A&M,LSU,Terry Bussey,Receiver,0,0,0.0,0,0,0,0,0.0,0,0,1,0.0,0
282,A,Texas A&M,LSU,Amari Niblack,Receiver,0,0,0.0,0,0,0,0,0.0,0,1,1,23.9,0
283,B,Texas A&M,LSU,Marcel Reed,QB,16,8,128.3,1,0,2,0,0.0,0,0,0,0.0,0
283,B,Texas A&M,LSU,Rueben Owens,Rusher,0,0,0.0,0,0,0,8,9.0,0,0,0,0.0,0
283,B,Texas A&M,LSU,Amari Daniels,Rusher,0,0,0.0,0,0,0,3,12.5,0,0,0,0.0,0
283,B,Texas A&M,LSU,Le'Veon Moss,Rusher,0,0,0.0,0,0,0,13,62.4,2,0,0,0.0,0
283,B,Texas A&M,LSU,Marcel Reed,Rusher,0,0,0.0,0,0,0,5,-0.8,0,0,0,0.0,0
283,B,Texas A&M,LSU,Other RB,Rusher,0,0,0.0,0,0,0,1,1.8,0,0,0,0.0,0
283,B,Texas A&M,LSU,Jamarion Morrow,Rusher,0,0,0.0,0,0,0,1,14.1,1,0,0,0.0,0
283,B,Texas A&M,LSU,Mario Craver,Receiver,0,0,0.0,0,0,0,0,0.0,0,1,3,15.0,0
283,B,Texas A&M,LSU,Terry Bussey,Receiver,0,0,0.0,0,0,0,0,0.0,0,1,1,0.0,0
283,B,Texas A&M,LSU,Other WR,Receiver,0,0,0.0,0,0,0,0,0.0,0,2,4,72.1,0
283,B,Texas A&M,LSU,Kevin Concepcion,Receiver,0,0,0.0,0,0,0,0,0.0,0,2,4,12.9,0
283,B,Texas A&M,LSU,Theo Melin Ohrstrom,Receiver,0,0,0.0,0,0,0,0,0.0,0,2,4,28.2,1
283,B,LSU,Texas A&M,Garrett Nussmeier,QB,39,20,175.6,2,1,8,0,0.0,0,0,0,0.0,0
283,B,LSU,Texas A&M,Harlem Berry,Rusher,0,0,0.0,0,0,0,5,25.5,0,0,0,0.0,0
283,B,LSU,Texas A&M,Caden Durham,Rusher,0,0,0.0,0,0,0,13,84.1,0,0,0,0.0,0
283,B,LSU,Texas A&M,Other RB,Rusher,0,0,0.0,0,0,0,3,2.5,0,0,0,0.0,0
283,B,LSU,Texas A&M,Ju'Juan Johnson,Rusher,0,0,0.0,0,0,0,5,14.5,0,0,0,0.0,0
283,B,LSU,Texas A&M,Garrett Nussmeier,Rusher,0,0,0.0,0,0,0,3,3.4,0,0,0,0.0,0
283,B,LSU,Texas A&M,Kaleb Jackson,Rusher,0,0,0.0,0,0,0,1,5.6,0,0,0,0.0,0
283,B,LSU,Texas A&M,Nic Anderson,Receiver,0,0,0.0,0,0,0,0,0.0,0,2,3,10.5,0
283,B,LSU,Texas A&M,Trey'Dez Green,Receiver,0,0,0.0,0,0,0,0,0.0,0,4,7,35.9,0
283,B,LSU,Texas A&M,Bauer Sharp,Receiver,0,0,0.0,0,0,0,0,0.0,0,1,4,8.3,1
283,B,LSU,Texas A&M,Aaron Anderson,Receiver,0,0,0.0,0,0,0,0,0.0,0,6,10,43.8,0
283,B,LSU,Texas A&M,Chris Hilton Jr.,Receiver,0,0,0.0,0,0,0,0,0.0,0,1,2,24.1,1
283,B,LSU,Texas A&M,Barion Brown,Receiver,0,0,0.0,0,0,0,0,0.0,0,0,5,0.0,0
283,B,LSU,Texas A&M,Zavion Thomas,Receiver,0,0,0.0,0,0,0,0,0.0,0,5,5,45.1,0
283,B,LSU,Texas A&M,Kyle Parker,Receiver,0,0,0.0,0,0,0,0,0.0,0,1,2,8.0,0
283,B,LSU,Texas A&M,Other WR,Receiver,0,0,0.0,0,0,0,0,0.0,0,0,1,0.0,0
284,A,LSU,Texas A&M,Garrett Nussmeier,QB,32,18,119.3,0,0,3,0,0.0,0,0,0,0.0,0
284,A,LSU,Texas A&M,Garrett Nussmeier,Rusher,0,0,0.0,0,0,0,2,2.6,0,0,0,0.0,0
284,A,LSU,Texas A&M,Ju'Juan Johnson,Rusher,0,0,0.0,0,0,0,6,24.3,0,0,0,0.0,0
284,A,LSU,Texas A&M,Harlem Berry,Rusher,0,0,0.0,0,0,0,3,18.2,0,0,0,0.0,0
284,A,LSU,Texas A&M,Caden Durham,Rusher,0,0,0.0,0,0,0,17,52.4,1,0,0,0.0,0
284,A,LSU,Texas A&M,Kaleb Jackson,Rusher,0,0,0.0,0,0,0,2,0.7,0,0,0,0.0,0
284,A,LSU,Texas A&M,Aaron Anderson,Receiver,0,0,0.0,0,0,0,0,0.0,0,4,7,13.1,0
284,A,LSU,Texas A&M,Kyle Parker,Receiver,0,0,0.0,0,0,0,0,0.0,0,3,4,27.8,0
284,A,LSU,Texas A&M,Barion Brown,Receiver,0,0,0.0,0,0,0,0,0.0,0,6,9,76.4,0
284,A,LSU,Texas A&M,Zavion Thomas,Receiver,0,0,0.0,0,0,0,0,0.0,0,2,5,1.0,0
284,A,LSU,Texas A&M,Chris Hilton Jr.,Receiver,0,0,0.0,0,0,0,0,0.0,0,0,1,0.0,0
284,A,LSU,Texas A&M,Bauer Sharp,Receiver,0,0,0.0,0,0,0,0,0.0,0,2,5,0.0,0
284,A,LSU,Texas A&M,Nic Anderson,Receiver,0,0,0.0,0,0,0,0,0.0,0,1,1,1.0,0
284,A,Texas A&M,LSU,Marcel Reed,QB,25,17,203.0,3,0,4,0,0.0,0,0,0,0.0,0
284,A,Texas A&M,LSU,Le'Veon Moss,Rusher,0,0,0.0,0,0,0,14,87.7,1,0,0,0.0,0
284,A,Texas A&M,LSU,Amari Daniels,Rusher,0,0,0.0,0,0,0,4,25.2,0,0,0,0.0,0
284,A,Texas A&M,LSU,Rueben Owens,Rusher,0,0,0.0,0,0,0,5,24.0,0,0,0,0.0,0
284,A,Texas A&M,LSU,E.J. Smith,Rusher,0,0,0.0,0,0,0,2,9.0,0,0,0,0.0,0
284,A,Texas A&M,LSU,Marcel Reed,Rusher,0,0,0.0,0,0,0,5,14.8,0,0,0,0.0,0
284,A,Texas A&M,LSU,Nate Boerkircher,Receiver,0,0,0.0,0,0,0,0,0.0,0,2,2,4.1,0
284,A,Texas A&M,LSU,Kevin Concepcion,Receiver,0,0,0.0,0,0,0,0,0.0,0,3,5,37.8,0
284,A,Texas A&M,LSU,Other WR,Receiver,0,0,0.0,0,0,0,0,0.0,0,3,4,42.2,1
284,A,Texas A&M,LSU,Terry Bussey,Receiver,0,0,0.0,0,0,0,0,0.0,0,4,4,49.5,1
284,A,Texas A&M,LSU,Theo Melin Ohrstrom,Receiver,0,0,0.0,0,0,0,0,0.0,0,1,3,16.8,0
284,A,Texas A&M,LSU,Mario Craver,Receiver,0,0,0.0,0,0,0,0,0.0,0,4,5,52.6,1
284,A,Texas A&M,LSU,Ashton Bethel-Roman,Receiver,0,0,0.0,0,0,0,0,0.0,0,0,2,0.0,0
285,B,Texas A&M,LSU,Marcel Reed,QB,21,17,204.4,0,0,4,0,0.0,0,0,0,0.0,0
285,B,Texas A&M,LSU,Le'Veon Moss,Rusher,0,0,0.0,0,0,0,11,44.7,0,0,0,0.0,0
285,B,Texas A&M,LSU,Amari Daniels,Rusher,0,0,0.0,0,0,0,5,12.5,0,0,0,0.0,0
285,B,Texas A&M,LSU,Marcel Reed,Rusher,0,0,0.0,0,0,0,6,24.1,0,0,0,0.0,0
285,B,Texas A&M,LSU,E.J. Smith,Rusher,0,0,0.0,0,0,0,2,22.0,1,0,0,0.0,0
285,B,Texas A&M,LSU,Rueben Owens,Rusher,0,0,0.0,0,0,0,4,15.0,0,0,0,0.0,0
285,B,Texas A&M,LSU,Miles O'Neill,Rusher,0,0,0.0,0,0,0,1,6.1,0,0,0,0.0,0
285,B,Texas A&M,LSU,Jamarion Morrow,Rusher,0,0,0.0,0,0,0,1,0.9,0,0,0,0.0,0
285,B,Texas A&M,LSU,Kevin Concepcion,Receiver,0,0,0.0,0,0,0,0,0.0,0,4,5,60.8,0
285,B,Texas A&M,LSU,Mario Craver,Receiver,0,0,0.0,0,0,0,0,0.0,0,5,6,85.7,0
285,B,Texas A&M,LSU,Nate Boerkircher,Receiver,0,0,0.0,0,0,0,0,0.0,0,1,1,0.6,0
285,B,Texas A&M,LSU,Other WR,Receiver,0,0,0.0,0,0,0,0,0.0,0,1,2,5.0,0
285,B,Texas A&M,LSU,Theo Melin Ohrstrom,Receiver,0,0,0.0,0,0,0,0,0.0,0,2,3,7.8,0
285,B,Texas A&M,LSU,Ashton Bethel-Roman,Receiver,0,0,0.0,0,0,0,0,0.0,0,2,2,18.1,0
285,B,Texas A&M,LSU,Terry Bussey,Receiver,0,0,0.0,0,0,0,0,0.0,0,2,2,26.2,0
285,B,LSU,Texas A&M,Garrett Nussmeier,QB,34,19,190.9,1,0,2,0,0.0,0,0,0,0.0,0
285,B,LSU,Texas A&M,Harlem Berry,Rusher,0,0,0.0,0,0,0,3,12.0,0,0,0,0.0,0
285,B,LSU,Texas A&M,Garrett Nussmeier,Rusher,0,0,0.0,0,0,0,2,4.5,0,0,0,0.0,0
285,B,LSU,Texas A&M,Caden Durham,Rusher,0,0,0.0,0,0,0,14,13.4,0,0,0,0.0,0
285,B,LSU,Texas A&M,Other RB,Rusher,0,0,0.0,0,0,0,4,15.3,0,0,0,0.0,0
285,B,LSU,Texas A&M,Ju'Juan Johnson,Rusher,0,0,0.0,0,0,0,5,12.9,0,0,0,0.0,0
285,B,LSU,Texas A&M,Barion Brown,Receiver,0,0,0.0,0,0,0,0,0.0,0,2,5,41.3,0
285,B,LSU,Texas A&M,Aaron Anderson,Receiver,0,0,0.0,0,0,0,0,0.0,0,6,10,33.1,0
285,B,LSU,Texas A&M,Nic Anderson,Receiver,0,0,0.0,0,0,0,0,0.0,0,2,3,24.8,0
285,B,LSU,Texas A&M,Zavion Thomas,Receiver,0,0,0.0,0,0,0,0,0.0,0,1,2,13.4,1
285,B,LSU,Texas A&M,Other WR,Receiver,0,0,0.0,0,0,0,0,0.0,0,1,2,8.9,0
285,B,LSU,Texas A&M,Bauer Sharp,Receiver,0,0,0.0,0,0,0,0,0.0,0,4,6,22.3,0
285,B,LSU,Texas A&M,Kyle Parker,Receiver,0,0,0.0,0,0,0,0,0.0,0,2,4,39.8,0
285,B,LSU,Texas A&M,Trey'Dez Green,Receiver,0,0,0.0,0,0,0,0,0.0,0,1,2,7.2,0
286,A,LSU,Texas A&M,Garrett Nussmeier,QB,35,18,178.4,0,0,2,0,0.0,0,0,0,0.0,0
286,A,LSU,Texas A&M,Harlem Berry,Rusher,0,0,0.0,0,0,0,3,14.9,0,0,0,0.0,0
286,A,LSU,Texas A&M,Ju'Juan Johnson,Rusher,0,0,0.0,0,0,0,7,42.9,0,0,0,0.0,0
286,A,LSU,Texas A&M,Caden Durham,Rusher,0,0,0.0,0,0,0,16,44.2,2,0,0,0.0,0
286,A,LSU,Texas A&M,Other RB,Rusher,0,0,0.0,0,0,0,3,21.3,0,0,0,0.0,0
286,A,LSU,Texas A&M,Kaleb Jackson,Rusher,0,0,0.0,0,0,0,1,6.7,0,0,0,0.0,0
286,A,LSU,Texas A&M,Garrett Nussmeier,Rusher,0,0,0.0,0,0,0,1,5.0,0,0,0,0.0,0
286,A,LSU,Texas A&M,Barion Brown,Receiver,0,0,0.0,0,0,0,0,0.0,0,4,9,15.5,0
286,A,LSU,Texas A&M,Trey'Dez Green,Receiver,0,0,0.0,0,0,0,0,0.0,0,2,4,26.7,0
286,A,LSU,Texas A&M,Zavion Thomas,Receiver,0,0,0.0,0,0,0,0,0.0,0,1,4,1.1,0
286,A,LSU,Texas A&M,Nic Anderson,Receiver,0,0,0.0,0,0,0,0,0.0,0,5,7,76.7,0
286,A,LSU,Texas A&M,Bauer Sharp,Receiver,0,0,0.0,0,0,0,0,0.0,0,2,3,15.8,0
286,A,LSU,Texas A&M,Aaron Anderson,Receiver,0,0,0.0,0,0,0,0,0.0,0,0,4,0.0,0
286,A,LSU,Texas A&M,Other WR,Receiver,0,0,0.0,0,0,0,0,0.0,0,1,1,33.3,0
286,A,LSU,Texas A&M,Chris Hilton Jr.,Receiver,0,0,0.0,0,0,0,0,0.0,0,1,1,0.0,0
286,A,LSU,Texas A&M,Kyle Parker,Receiver,0,0,0.0,0,0,0,0,0.0,0,2,2,9.3,0
286,A,Texas A&M,LSU,Marcel Reed,QB,24,17,180.0,1,0,2,0,0.0,0,0,0,0.0,0
286,A,Texas A&M,LSU,Marcel Reed,Rusher,0,0,0.0,0,0,0,8,45.3,0,0,0,0.0,0
286,A,Texas A&M,LSU,Le'Veon Moss,Rusher,0,0,0.0,0,0,0,10,35.5,0,0,0,0.0,0
286,A,Texas A&M,LSU,Rueben Owens,Rusher,0,0,0.0,0,0,0,5,39.4,1,0,0,0.0,0
286,A,Texas A&M,LSU,Miles O'Neill,Rusher,0,0,0.0,0,0,0,1,6.0,0,0,0,0.0,0
286,A,Texas A&M,LSU,E.J. Smith,Rusher,0,0,0.0,0,0,0,1,1.2,0,0,0,0.0,0
286,A,Texas A&M,LSU,Amari Daniels,Rusher,0,0,0.0,0,0,0,3,13.5,0,0,0,0.0,0
286,A,Texas A&M,LSU,Terry Bussey,Receiver,0,0,0.0,0,0,0,0,0.0,0,1,1,10.2,0
286,A,Texas A&M,LSU,Mario Craver,Receiver,0,0,0.0,0,0,0,0,0.0,0,8,10,57.2,0
286,A,Texas A&M,LSU,Amari Niblack,Receiver,0,0,0.0,0,0,0,0,0.0,0,2,3,26.3,0
286,A,Texas A&M,LSU,Theo Melin Ohrstrom,Receiver,0,0,0.0,0,0,0,0,0.0,0,1,2,11.2,0
286,A,Texas A&M,LSU,Ashton Bethel-Roman,Receiver,0,0,0.0,0,0,0,0,0.0,0,1,1,13.2,0
286,A,Texas A&M,LSU,Kevin Concepcion,Receiver,0,0,0.0,0,0,0,0,0.0,0,3,4,52.0,1
286,A,Texas A&M,LSU,Other WR,Receiver,0,0,0.0,0,0,0,0,0.0,0,1,2,9.9,0
286,A,Texas A&M,LSU,Nate Boerkircher,Receiver,0,0,0.0,0,0,0,0,0.0,0,0,1,0.0,0
287,B,Texas A&M,LSU,Marcel Reed,QB,29,22,255.8,0,0,1,0,0.0,0,0,0,0.0,0
287,B,Texas A&M,LSU,Le'Veon Moss,Rusher,0,0,0.0,0,0,0,10,11.7,1,0,0,0.0,0
287,B,Texas A&M,LSU,Amari Daniels,Rusher,0,0,0.0,0,0,0,2,-5.2,0,0,0,0.0,0
287,B,Texas A&M,LSU,Rueben Owens,Rusher,0,0,0.0,0,0,0,3,4.5,0,0,0,0.0,0
287,B,Texas A&M,LSU,Marcel Reed,Rusher,0,0,0.0,0,0,0,9,12.6,0,0,0,0.0,0
287,B,Texas A&M,LSU,E.J. Smith,Rusher,0,0,0.0,0,0,0,3,18.7,0,0,0,0.0,0
287,B,Texas A&M,LSU,Miles O'Neill,Rusher,0,0,0.0,0,0,0,1,-0.6,0,0,0,0.0,0
287,B,Texas A&M,LSU,Ashton Bethel-Roman,Receiver,0,0,0.0,0,0,0,0,0.0,0,2,2,11.4,0
287,B,Texas A&M,LSU,Theo Melin Ohrstrom,Receiver,0,0,0.0,0,0,0,0,0.0,0,4,6,75.6,0
287,B,Texas A&M,LSU,Kevin Concepcion,Receiver,0,0,0.0,0,0,0,0,0.0,0,4,6,20.0,0
287,B,Texas A&M,LSU,Other WR,Receiver,0,0,0.0,0,0,0,0,0.0,0,3,3,35.9,0
287,B,Texas A&M,LSU,Mario Craver,Receiver,0,0,0.0,0,0,0,0,0.0,0,6,9,82.2,0
287,B,Texas A&M,LSU,Terry Bussey,Receiver,0,0,0.0,0,0,0,0,0.0,0,2,2,14.2,0
287,B,Texas A&M,LSU,Nate Boerkircher,Receiver,0,0,0.0,0,0,0,0,0.0,0,1,1,16.5,0
287,B,LSU,Texas A&M,Garrett Nussmeier,QB,19,15,196.5,2,0,3,0,0.0,0,0,0,0.0,0
287,B,LSU,Texas A&M,Caden Durham,Rusher,0,0,0.0,0,0,0,25,130.7,1,0,0,0.0,0
287,B,LSU,Texas A&M,Harlem Berry,Rusher,0,0,0.0,0,0,0,5,42.9,1,0,0,0.0,0
287,B,LSU,Texas A&M,Other RB,Rusher,0,0,0.0,0,0,0,4,13.6,0,0,0,0.0,0
287,B,LSU,Texas A&M,Ju'Juan Johnson,Rusher,0,0,0.0,0,0,0,2,8.1,0,0,0,0.0,0
287,B,LSU,Texas A&M,Bauer Sharp,Receiver,0,0,0.0,0,0,0,0,0.0,0,3,3,58.7,1
287,B,LSU,Texas A&M,Kyle Parker,Receiver,0,0,0.0,0,0,0,0,0.0,0,1,1,4.0,0
287,B,LSU,Texas A&M,Chris Hilton Jr.,Receiver,0,0,0.0,0,0,0,0,0.0,0,0,0,0.0,0
287,B,LSU,Texas A&M,Zavion Thomas,Receiver,0,0,0.0,0,0,0,0,0.0,0,2,3,29.8,1
287,B,LSU,Texas A&M,Barion Brown,Receiver,0,0,0.0,0,0,0,0,0.0,0,1,1,11.7,0
287,B,LSU,Texas A&M,Aaron Anderson,Receiver,0,0,0.0,0,0,0,0,0.0,0,3,3,25.7,0
287,B,LSU,Texas A&M,Nic Anderson,Receiver,0,0,0.0,0,0,0,0,0.0,0,3,5,43.7,0
287,B,LSU,Texas A&M,Other WR,Receiver,0,0,0.0,0,0,0,0,0.0,0,1,1,22.9,0
287,B,LSU,Texas A&M,Trey'Dez Green,Receiver,0,0,0.0,0,0,0,0,0.0,0,1,2,0.0,0
288,A,LSU,Texas A&M,Garrett Nussmeier,QB,22,12,129.4,0,0,2,0,0.0,0,0,0,0.0,0
288,A,LSU,Texas A&M,Caden Durham,Rusher,0,0,0.0,0,0,0,15,94.5,0,0,0,0.0,0
288,A,LSU,Texas A&M,Garrett Nussmeier,Rusher,0,0,0.0,0,0,0,4,8.1,0,0,0,0.0,0
288,A,LSU,Texas A&M,Other RB,Rusher,0,0,0.0,0,0,0,7,37.1,0,0,0,0.0,0
288,A,LSU,Texas A&M,Harlem Berry,Rusher,0,0,0.0,0,0,0,4,3.2,0,0,0,0.0,0
288,A,LSU,Texas A&M,Ju'Juan Johnson,Rusher,0,0,0.0,0,0,0,3,32.6,1,0,0,0.0,0
288,A,LSU,Texas A&M,Kaleb Jackson,Rusher,0,0,0.0,0,0,0,1,20.7,1,0,0,0.0,0
288,A,LSU,Texas A&M,Other WR,Receiver,0,0,0.0,0,0,0,0,0.0,0,2,3,21.1,0
288,A,LSU,Texas A&M,Aaron Anderson,Receiver,0,0,0.0,0,0,0,0,0.0,0,4,9,35.9,0
288,A,LSU,Texas A&M,Bauer Sharp,Receiver,0,0,0.0,0,0,0,0,0.0,0,2,3,25.8,0
288,A,LSU,Texas A&M,Trey'Dez Green,Receiver,0,0,0.0,0,0,0,0,0.0,0,3,4,26.1,0
288,A,LSU,Texas A&M,Zavion Thomas,Receiver,0,0,0.0,0,0,0,0,0.0,0,0,1,0.0,0
288,A,LSU,Texas A&M,Nic Anderson,Receiver,0,0,0.0,0,0,0,0,0.0,0,0,1,0.0,0
288,A,LSU,Texas A&M,Barion Brown,Receiver,0,0,0.0,0,0,0,0,0.0,0,1,1,20.5,0
288,A,Texas A&M,LSU,Marcel Reed,QB,18,14,134.4,2,0,7,0,0.0,0,0,0,0.0,0
288,A,Texas A&M,LSU,Marcel Reed,Rusher,0,0,0.0,0,0,0,8,30.2,0,0,0,0.0,0
288,A,Texas A&M,LSU,Le'Veon Moss,Rusher,0,0,0.0,0,0,0,13,80.6,0,0,0,0.0,0
288,A,Texas A&M,LSU,Rueben Owens,Rusher,0,0,0.0,0,0,0,4,22.7,0,0,0,0.0,0
288,A,Texas A&M,LSU,Miles O'Neill,Rusher,0,0,0.0,0,0,0,2,0.6,0,0,0,0.0,0
288,A,Texas A&M,LSU,Amari Daniels,Rusher,0,0,0.0,0,0,0,5,17.5,0,0,0,0.0,0
288,A,Texas A&M,LSU,Jamarion Morrow,Rusher,0,0,0.0,0,0,0,1,3.5,0,0,0,0.0,0
288,A,Texas A&M,LSU,E.J. Smith,Rusher,0,0,0.0,0,0,0,1,1.3,0,0,0,0.0,0
288,A,Texas A&M,LSU,Theo Melin Ohrstrom,Receiver,0,0,0.0,0,0,0,0,0.0,0,2,2,12.0,0
288,A,Texas A&M,LSU,Mario Craver,Receiver,0,0,0.0,0,0,0,0,0.0,0,4,4,64.7,1
288,A,Texas A&M,LSU,Terry Bussey,Receiver,0,0,0.0,0,0,0,0,0.0,0,3,4,27.2,0
288,A,Texas A&M,LSU,Ashton Bethel-Roman,Receiver,0,0,0.0,0,0,0,0,0.0,0,1,1,6.6,0
288,A,Texas A&M,LSU,Amari Niblack,Receiver,0,0,0.0,0,0,0,0,0.0,0,1,1,3.3,0
288,A,Texas A&M,LSU,Other WR,Receiver,0,0,0.0,0,0,0,0,0.0,0,1,1,6.5,1
288,A,Texas A&M,LSU,Kevin Concepcion,Receiver,0,0,0.0,0,0,0,0,0.0,0,1,4,5.0,0
288,A,Texas A&M,LSU,Nate Boerkircher,Receiver,0,0,0.0,0,0,0,0,0.0,0,1,1,8.9,0
289,B,Texas A&M,LSU,Marcel Reed,QB,25,19,268.1,2,0,3,0,0.0,0,0,0,0.0,0
289,B,Texas A&M,LSU,Le'Veon Moss,Rusher,0,0,0.0,0,0,0,14,43.2,0,0,0,0.0,0
289,B,Texas A&M,LSU,E.J. Smith,Rusher,0,0,0.0,0,0,0,3,22.8,1,0,0,0.0,0
289,B,Texas A&M,LSU,Amari Daniels,Rusher,0,0,0.0,0,0,0,9,49.1,1,0,0,0.0,0
289,B,Texas A&M,LSU,Rueben Owens,Rusher,0,0,0.0,0,0,0,6,50.8,0,0,0,0.0,0
289,B,Texas A&M,LSU,Other RB,Rusher,0,0,0.0,0,0,0,1,-0.6,0,0,0,0.0,0
289,B,Texas A&M,LSU,Marcel Reed,Rusher,0,0,0.0,0,0,0,4,19.9,0,0,0,0.0,0
289,B,Texas A&M,LSU,Miles O'Neill,Rusher,0,0,0.0,0,0,0,1,13.5,0,0,0,0.0,0
289,B,Texas A&M,LSU,Terry Bussey,Receiver,0,0,0.0,0,0,0,0,0.0,0,1,1,11.6,0
289,B,Texas A&M,LSU,Kevin Concepcion,Receiver,0,0,0.0,0,0,0,0,0.0,0,6,6,74.6,1
289,B,Texas A&M,LSU,Other WR,Receiver,0,0,0.0,0,0,0,0,0.0,0,6,6,84.5,0
289,B,Texas A&M,LSU,Mario Craver,Receiver,0,0,0.0,0,0,0,0,0.0,0,2,6,2.4,0
289,B,Texas A&M,LSU,Amari Niblack,Receiver,0,0,0.0,0,0,0,0,0.0,0,1,2,24.2,1
289,B,Texas A&M,LSU,Theo Melin Ohrstrom,Receiver,0,0,0.0,0,0,0,0,0.0,0,3,3,70.8,0
289,B,Texas A&M,LSU,Ashton Bethel-Roman,Receiver,0,0,0.0,0,0,0,0,0.0,0,0,1,0.0,0
289,B,LSU,Texas A&M,Garrett Nussmeier,QB,26,16,137.8,0,0,2,0,0.0,0,0,0,0.0,0
289,B,LSU,Texas A&M,Garrett Nussmeier,Rusher,0,0,0.0,0,0,0,4,15.1,0,0,0,0.0,0
289,B,LSU,Texas A&M,Caden Durham,Rusher,0,0,0.0,0,0,0,9,73.1,0,0,0,0.0,0
289,B,LSU,Texas A&M,Ju'Juan Johnson,Rusher,0,0,0.0,0,0,0,5,32.0,0,0,0,0.0,0
289,B,LSU,Texas A&M,Harlem Berry,Rusher,0,0,0.0,0,0,0,6,21.5,1,0,0,0.0,0
289,B,LSU,Texas A&M,Other RB,Rusher,0,0,0.0,0,0,0,2,1.8,0,0,0,0.0,0
289,B,LSU,Texas A&M,Trey'Dez Green,Receiver,0,0,0.0,0,0,0,0,0.0,0,2,4,31.6,0
289,B,LSU,Texas A&M,Bauer Sharp,Receiver,0,0,0.0,0,0,0,0,0.0,0,3,4,18.8,0
289,B,LSU,Texas A&M,Aaron Anderson,Receiver,0,0,0.0,0,0,0,0,0.0,0,3,5,11.2,0
289,B,LSU,Texas A&M,Barion Brown,Receiver,0,0,0.0,0,0,0,0,0.0,0,2,4,37.3,0
289,B,LSU,Texas A&M,Chris Hilton Jr.,Receiver,0,0,0.0,0,0,0,0,0.0,0,2,3,18.4,0
289,B,LSU,Texas A&M,Other WR,Receiver,0,0,0.0,0,0,0,0,0.0,0,2,4,12.9,0
289,B,LSU,Texas A&M,Zavion Thomas,Receiver,0,0,0.0,0,0,0,0,0.0,0,1,1,7.6,0
289,B,LSU,Texas A&M,Kyle Parker,Receiver,0,0,0.0,0,0,0,0,0.0,0,1,1,0.0,0
290,A,LSU,Texas A&M,Garrett Nussmeier,QB,27,17,160.9,2,0,0,0,0.0,0,0,0,0.0,0
290,A,LSU,Texas A&M,Ju'Juan Johnson,Rusher,0,0,0.0,0,0,0,8,55.9,1,0,0,0.0,0
290,A,LSU,Texas A&M,Kaleb Jackson,Rusher,0,0,0.0,0,0,0,2,4.0,0,0,0,0.0,0
290,A,LSU,Texas A&M,Caden Durham,Rusher,0,0,0.0,0,0,0,14,59.2,1,0,0,0.0,0
290,A,LSU,Texas A&M,Harlem Berry,Rusher,0,0,0.0,0,0,0,7,38.3,0,0,0,0.0,0
290,A,LSU,Texas A&M,Other RB,Rusher,0,0,0.0,0,0,0,1,5.5,0,0,0,0.0,0
290,A,LSU,Texas A&M,Garrett Nussmeier,Rusher,0,0,0.0,0,0,0,1,13.1,0,0,0,0.0,0
290,A,LSU,Texas A&M,Trey'Dez Green,Receiver,0,0,0.0,0,0,0,0,0.0,0,4,5,33.0,0
290,A,LSU,Texas A&M,Nic Anderson,Receiver,0,0,0.0,0,0,0,0,0.0,0,3,4,13.3,0
290,A,LSU,Texas A&M,Other WR,Receiver,0,0,0.0,0,0,0,0,0.0,0,1,2,19.1,0
290,A,LSU,Texas A&M,Aaron Anderson,Receiver,0,0,0.0,0,0,0,0,0.0,0,4,7,55.5,1
290,A,LSU,Texas A&M,Barion Brown,Receiver,0,0,0.0,0,0,0,0,0.0,0,1,3,6.8,0
290,A,LSU,Texas A&M,Bauer Sharp,Receiver,0,0,0.0,0,0,0,0,0.0,0,1,2,11.1,0
290,A,LSU,Texas A&M,Kyle Parker,Receiver,0,0,0.0,0,0,0,0,0.0,0,3,4,22.1,1
290,A,Texas A&M,LSU,Marcel Reed,QB,27,16,210.1,2,0,5,0,0.0,0,0,0,0.0,0
290,A,Texas A&M,LSU,Amari Daniels,Rusher,0,0,0.0,0,0,0,2,1.6,0,0,0,0.0,0
290,A,Texas A&M,LSU,Marcel Reed,Rusher,0,0,0.0,0,0,0,6,-5.9,0,0,0,0.0,0
290,A,Texas A&M,LSU,Le'Veon Moss,Rusher,0,0,0.0,0,0,0,14,69.4,0,0,0,0.0,0
290,A,Texas A&M,LSU,Rueben Owens,Rusher,0,0,0.0,0,0,0,3,11.9,0,0,0,0.0,0
290,A,Texas A&M,LSU,E.J. Smith,Rusher,0,0,0.0,0,0,0,2,2.6,0,0,0,0.0,0
290,A,Texas A&M,LSU,Miles O'Neill,Rusher,0,0,0.0,0,0,0,2,12.7,1,0,0,0.0,0
290,A,Texas A&M,LSU,Terry Bussey,Receiver,0,0,0.0,0,0,0,0,0.0,0,0,1,0.0,0
290,A,Texas A&M,LSU,Other WR,Receiver,0,0,0.0,0,0,0,0,0.0,0,3,5,33.1,1
290,A,Texas A&M,LSU,Theo Melin Ohrstrom,Receiver,0,0,0.0,0,0,0,0,0.0,0,1,2,23.5,1
290,A,Texas A&M,LSU,Mario Craver,Receiver,0,0,0.0,0,0,0,0,0.0,0,4,6,17.3,0
290,A,Texas A&M,LSU,Kevin Concepcion,Receiver,0,0,0.0,0,0,0,0,0.0,0,5,6,67.3,0
290,A,Texas A&M,LSU,Ashton Bethel-Roman,Receiver,0,0,0.0,0,0,0,0,0.0,0,2,3,26.9,0
290,A,Texas A&M,LSU,Nate Boerkircher,Receiver,0,0,0.0,0,0,0,0,0.0,0,1,2,42.0,0
290,A,Texas A&M,LSU,Amari Niblack,Receiver,0,0,0.0,0,0,0,0,0.0,0,0,2,0.0,0
291,B,Texas A&M,LSU,Marcel Reed,QB,33,16,202.3,0,0,14,0,0.0,0,0,0,0.0,0
291,B,Texas A&M,LSU,Le'Veon Moss,Rusher,0,0,0.0,0,0,0,16,116.7,0,0,0,0.0,0
291,B,Texas A&M,LSU,Rueben Owens,Rusher,0,0,0.0,0,0,0,5,37.2,1,0,0,0.0,0
291,B,Texas A&M,LSU,Amari Daniels,Rusher,0,0,0.0,0,0,0,6,40.5,0,0,0,0.0,0
291,B,Texas A&M,LSU,Marcel Reed,Rusher,0,0,0.0,0,0,0,7,39.4,0,0,0,0.0,0
291,B,Texas A&M,LSU,Jamarion Morrow,Rusher,0,0,0.0,0,0,0,1,1.8,0,0,0,0.0,0
291,B,Texas A&M,LSU,E.J. Smith,Rusher,0,0,0.0,0,0,0,2,14.0,0,0,0,0.0,0
291,B,Texas A&M,LSU,Mario Craver,Receiver,0,0,0.0,0,0,0,0,0.0,0,1,5,14.1,0
291,B,Texas A&M,LSU,Other WR,Receiver,0,0,0.0,0,0,0,0,0.0,0,4,8,52.8,0
291,B,Texas A&M,LSU,Kevin Concepcion,Receiver,0,0,0.0,0,0,0,0,0.0,0,3,8,47.1,0
291,B,Texas A&M,LSU,Terry Bussey,Receiver,0,0,0.0,0,0,0,0,0.0,0,3,3,17.2,0
291,B,Texas A&M,LSU,Ashton Bethel-Roman,Receiver,0,0,0.0,0,0,0,0,0.0,0,2,3,25.6,0
291,B,Texas A&M,LSU,Theo Melin Ohrstrom,Receiver,0,0,0.0,0,0,0,0,0.0,0,2,4,28.8,0
291,B,Texas A&M,LSU,Nate Boerkircher,Receiver,0,0,0.0,0,0,0,0,0.0,0,1,2,16.7,0
291,B,Texas A&M,LSU,Amari Niblack,Receiver,0,0,0.0,0,0,0,0,0.0,0,0,0,0.0,0
291,B,LSU,Texas A&M,Garrett Nussmeier,QB,27,15,178.4,1,0,0,0,0.0,0,0,0,0.0,0
291,B,LSU,Texas A&M,Garrett Nussmeier,Rusher,0,0,0.0,0,0,0,6,15.7,0,0,0,0.0,0
291,B,LSU,Texas A&M,Caden Durham,Rusher,0,0,0.0,0,0,0,11,73.9,1,0,0,0.0,0
291,B,LSU,Texas A&M,Other RB,Rusher,0,0,0.0,0,0,0,3,9.3,0,0,0,0.0,0
291,B,LSU,Texas A&M,Kaleb Jackson,Rusher,0,0,0.0,0,0,0,2,4.3,0,0,0,0.0,0
291,B,LSU,Texas A&M,Harlem Berry,Rusher,0,0,0.0,0,0,0,2,1.8,0,0,0,0.0,0
291,B,LSU,Texas A&M,Chris Hilton Jr.,Receiver,0,0,0.0,0,0,0,0,0.0,0,2,3,17.6,0
291,B,LSU,Texas A&M,Aaron Anderson,Receiver,0,0,0.0,0,0,0,0,0.0,0,3,6,11.4,0
291,B,LSU,Texas A&M,Barion Brown,Receiver,0,0,0.0,0,0,0,0,0.0,0,1,3,11.6,0
291,B,LSU,Texas A&M,Trey'Dez Green,Receiver,0,0,0.0,0,0,0,0,0.0,0,3,4,35.9,0
291,B,LSU,Texas A&M,Nic Anderson,Receiver,0,0,0.0,0,0,0,0,0.0,0,1,1,18.2,0
291,B,LSU,Texas A&M,Other WR,Receiver,0,0,0.0,0,0,0,0,0.0,0,2,4,52.4,1
291,B,LSU,Texas A&M,Bauer Sharp,Receiver,0,0,0.0,0,0,0,0,0.0,0,1,3,3.6,0
291,B,LSU,Texas A&M,Zavion Thomas,Receiver,0,0,0.0,0,0,0,0,0.0,0,1,2,15.7,0
291,B,LSU,Texas A&M,Kyle Parker,Receiver,0,0,0.0,0,0,0,0,0.0,0,1,1,12.0,0
292,A,LSU,Texas A&M,Garrett Nussmeier,QB,29,13,177.5,1,0,2,0,0.0,0,0,0,0.0,0
292,A,LSU,Texas A&M,Caden Durham,Rusher,0,0,0.0,0,0,0,13,48.1,1,0,0,0.0,0
292,A,LSU,Texas A&M,Other RB,Rusher,0,0,0.0,0,0,0,7,36.3,1,0,0,0.0,0
292,A,LSU,Texas A&M,Ju'Juan Johnson,Rusher,0,0,0.0,0,0,0,4,10.5,0,0,0,0.0,0
292,A,LSU,Texas A&M,Garrett Nussmeier,Rusher,0,0,0.0,0,0,0,3,7.3,0,0,0,0.0,0
292,A,LSU,Texas A&M,Harlem Berry,Rusher,0,0,0.0,0,0,0,2,3.2,0,0,0,0.0,0
292,A,LSU,Texas A&M,Kaleb Jackson,Rusher,0,0,0.0,0,0,0,2,4.1,0,0,0,0.0,0
292,A,LSU,Texas A&M,Aaron Anderson,Receiver,0,0,0.0,0,0,0,0,0.0,0,1,4,6.0,0
292,A,LSU,Texas A&M,Zavion Thomas,Receiver,0,0,0.0,0,0,0,0,0.0,0,0,2,0.0,0
292,A,LSU,Texas A&M,Bauer Sharp,Receiver,0,0,0.0,0,0,0,0,0.0,0,2,3,35.7,0
292,A,LSU,Texas A&M,Other WR,Receiver,0,0,0.0,0,0,0,0,0.0,0,5,6,94.5,0
292,A,LSU,Texas A&M,Barion Brown,Receiver,0,0,0.0,0,0,0,0,0.0,0,1,4,5.8,0
292,A,LSU,Texas A&M,Trey'Dez Green,Receiver,0,0,0.0,0,0,0,0,0.0,0,2,3,33.1,1
292,A,LSU,Texas A&M,Kyle Parker,Receiver,0,0,0.0,0,0,0,0,0.0,0,1,3,2.5,0
292,A,LSU,Texas A&M,Nic Anderson,Receiver,0,0,0.0,0,0,0,0,0.0,0,0,3,0.0,0
292,A,LSU,Texas A&M,Chris Hilton Jr.,Receiver,0,0,0.0,0,0,0,0,0.0,0,1,1,0.0,0
292,A,Texas A&M,LSU,Marcel Reed,QB,31,24,204.0,2,0,4,0,0.0,0,0,0,0.0,0
292,A,Texas A&M,LSU,Marcel Reed,Rusher,0,0,0.0,0,0,0,12,36.2,0,0,0,0.0,0
292,A,Texas A&M,LSU,Amari Daniels,Rusher,0,0,0.0,0,0,0,4,20.2,0,0,0,0.0,0
292,A,Texas A&M,LSU,Le'Veon Moss,Rusher,0,0,0.0,0,0,0,6,9.2,0,0,0,0.0,0
292,A,Texas A&M,LSU,Rueben Owens,Rusher,0,0,0.0,0,0,0,2,-0.7,0,0,0,0.0,0
292,A,Texas A&M,LSU,E.J. Smith,Rusher,0,0,0.0,0,0,0,1,-1.6,0,0,0,0.0,0
292,A,Texas A&M,LSU,Terry Bussey,Receiver,0,0,0.0,0,0,0,0,0.0,0,2,3,6.0,0
292,A,Texas A&M,LSU,Amari Niblack,Receiver,0,0,0.0,0,0,0,0,0.0,0,2,2,15.3,0
292,A,Texas A&M,LSU,Kevin Concepcion,Receiver,0,0,0.0,0,0,0,0,0.0,0,6,7,39.3,0
292,A,Texas A&M,LSU,Mario Craver,Receiver,0,0,0.0,0,0,0,0,0.0,0,6,8,60.6,0
292,A,Texas A&M,LSU,Theo Melin Ohrstrom,Receiver,0,0,0.0,0,0,0,0,0.0,0,4,5,70.9,2
292,A,Texas A&M,LSU,Ashton Bethel-Roman,Receiver,0,0,0.0,0,0,0,0,0.0,0,2,2,10.3,0
292,A,Texas A&M,LSU,Nate Boerkircher,Receiver,0,0,0.0,0,0,0,0,0.0,0,1,1,1.7,0
292,A,Texas A&M,LSU,Other WR,Receiver,0,0,0.0,0,0,0,0,0.0,0,1,3,0.0,0
293,B,Texas A&M,LSU,Marcel Reed,QB,28,17,132.6,0,1,3,0,0.0,0,0,0,0.0,0
293,B,Texas A&M,LSU,Le'Veon Moss,Rusher,0,0,0.0,0,0,0,15,63.8,1,0,0,0.0,0
293,B,Texas A&M,LSU,Amari Daniels,Rusher,0,0,0.0,0,0,0,5,6.4,0,0,0,0.0,0
293,B,Texas A&M,LSU,Marcel Reed,Rusher,0,0,0.0,0,0,0,6,49.3,0,0,0,0.0,0
293,B,Texas A&M,LSU,Rueben Owens,Rusher,0,0,0.0,0,0,0,6,49.5,1,0,0,0.0,0
293,B,Texas A&M,LSU,E.J. Smith,Rusher,0,0,0.0,0,0,0,1,3.1,0,0,0,0.0,0
293,B,Texas A&M,LSU,Kevin Concepcion,Receiver,0,0,0.0,0,0,0,0,0.0,0,2,8,27.5,0
293,B,Texas A&M,LSU,Mario Craver,Receiver,0,0,0.0,0,0,0,0,0.0,0,2,4,33.5,0
293,B,Texas A&M,LSU,Theo Melin Ohrstrom,Receiver,0,0,0.0,0,0,0,0,0.0,0,5,7,30.4,0
293,B,Texas A&M,LSU,Other WR,Receiver,0,0,0.0,0,0,0,0,0.0,0,2,2,7.0,0
293,B,Texas A&M,LSU,Nate Boerkircher,Receiver,0,0,0.0,0,0,0,0,0.0,0,2,2,18.3,0
293,B,Texas A&M,LSU,Ashton Bethel-Roman,Receiver,0,0,0.0,0,0,0,0,0.0,0,1,2,15.9,0
293,B,Texas A&M,LSU,Terry Bussey,Receiver,0,0,0.0,0,0,0,0,0.0,0,3,3,0.0,0
293,B,LSU,Texas A&M,Garrett Nussmeier,QB,34,16,159.7,2,0,1,0,0.0,0,0,0,0.0,0
293,B,LSU,Texas A&M,Other RB,Rusher,0,0,0.0,0,0,0,4,9.1,0,0,0,0.0,0
293,B,LSU,Texas A&M,Caden Durham,Rusher,0,0,0.0,0,0,0,9,48.4,0,0,0,0.0,0
293,B,LSU,Texas A&M,Garrett Nussmeier,Rusher,0,0,0.0,0,0,0,3,30.9,0,0,0,0.0,0
293,B,LSU,Texas A&M,Ju'Juan Johnson,Rusher,0,0,0.0,0,0,0,4,8.5,0,0,0,0.0,0
293,B,LSU,Texas A&M,Harlem Berry,Rusher,0,0,0.0,0,0,0,2,4.6,0,0,0,0.0,0
293,B,LSU,Texas A&M,Aaron Anderson,Receiver,0,0,0.0,0,0,0,0,0.0,0,5,9,34.1,1
293,B,LSU,Texas A&M,Nic Anderson,Receiver,0,0,0.0,0,0,0,0,0.0,0,1,4,24.0,0
293,B,LSU,Texas A&M,Barion Brown,Receiver,0,0,0.0,0,0,0,0,0.0,0,3,6,1.4,0
293,B,LSU,Texas A&M,Zavion Thomas,Receiver,0,0,0.0,0,0,0,0,0.0,0,2,4,16.9,0
293,B,LSU,Texas A&M,Other WR,Receiver,0,0,0.0,0,0,0,0,0.0,0,0,2,0.0,0
293,B,LSU,Texas A&M,Chris Hilton Jr.,Receiver,0,0,0.0,0,0,0,0,0.0,0,1,2,22.9,0
293,B,LSU,Texas A&M,Trey'Dez Green,Receiver,0,0,0.0,0,0,0,0,0.0,0,1,3,16.3,1
293,B,LSU,Texas A&M,Kyle Parker,Receiver,0,0,0.0,0,0,0,0,0.0,0,1,2,9.9,0
293,B,LSU,Texas A&M,Bauer Sharp,Receiver,0,0,0.0,0,0,0,0,0.0,0,2,2,34.3,0
294,A,LSU,Texas A&M,Garrett Nussmeier,QB,30,18,223.6,1,0,2,0,0.0,0,0,0,0.0,0
294,A,LSU,Texas A&M,Caden Durham,Rusher,0,0,0.0,0,0,0,18,40.7,1,0,0,0.0,0
294,A,LSU,Texas A&M,Other RB,Rusher,0,0,0.0,0,0,0,4,12.3,0,0,0,0.0,0
294,A,LSU,Texas A&M,Ju'Juan Johnson,Rusher,0,0,0.0,0,0,0,4,20.0,0,0,0,0.0,0
294,A,LSU,Texas A&M,Kaleb Jackson,Rusher,0,0,0.0,0,0,0,1,6.8,0,0,0,0.0,0
294,A,LSU,Texas A&M,Harlem Berry,Rusher,0,0,0.0,0,0,0,8,39.3,1,0,0,0.0,0
294,A,LSU,Texas A&M,Garrett Nussmeier,Rusher,0,0,0.0,0,0,0,4,13.9,0,0,0,0.0,0
294,A,LSU,Texas A&M,Chris Hilton Jr.,Receiver,0,0,0.0,0,0,0,0,0.0,0,0,3,0.0,0
294,A,LSU,Texas A&M,Bauer Sharp,Receiver,0,0,0.0,0,0,0,0,0.0,0,1,2,10.1,0
294,A,LSU,Texas A&M,Aaron Anderson,Receiver,0,0,0.0,0,0,0,0,0.0,0,5,7,66.1,0
294,A,LSU,Texas A&M,Trey'Dez Green,Receiver,0,0,0.0,0,0,0,0,0.0,0,3,4,41.5,1
294,A,LSU,Texas A&M,Barion Brown,Receiver,0,0,0.0,0,0,0,0,0.0,0,5,8,70.0,0
294,A,LSU,Texas A&M,Kyle Parker,Receiver,0,0,0.0,0,0,0,0,0.0,0,0,0,0.0,0
294,A,LSU,Texas A&M,Zavion Thomas,Receiver,0,0,0.0,0,0,0,0,0.0,0,2,3,15.5,0
294,A,LSU,Texas A&M,Nic Anderson,Receiver,0,0,0.0,0,0,0,0,0.0,0,1,2,1.1,0
294,A,LSU,Texas A&M,Other WR,Receiver,0,0,0.0,0,0,0,0,0.0,0,1,1,19.3,0
294,A,Texas A&M,LSU,Marcel Reed,QB,15,12,134.0,1,0,9,0,0.0,0,0,0,0.0,0
294,A,Texas A&M,LSU,Marcel Reed,Rusher,0,0,0.0,0,0,0,7,41.6,1,0,0,0.0,0
294,A,Texas A&M,LSU,Jamarion Morrow,Rusher,0,0,0.0,0,0,0,1,-4.0,0,0,0,0.0,0
294,A,Texas A&M,LSU,Le'Veon Moss,Rusher,0,0,0.0,0,0,0,9,54.9,0,0,0,0.0,0
294,A,Texas A&M,LSU,Rueben Owens,Rusher,0,0,0.0,0,0,0,5,14.1,0,0,0,0.0,0
294,A,Texas A&M,LSU,Amari Daniels,Rusher,0,0,0.0,0,0,0,2,7.2,0,0,0,0.0,0
294,A,Texas A&M,LSU,Miles O'Neill,Rusher,0,0,0.0,0,0,0,1,3.8,0,0,0,0.0,0
294,A,Texas A&M,LSU,Theo Melin Ohrstrom,Receiver,0,0,0.0,0,0,0,0,0.0,0,0,0,0.0,0
294,A,Texas A&M,LSU,Kevin Concepcion,Receiver,0,0,0.0,0,0,0,0,0.0,0,3,3,36.3,0
294,A,Texas A&M,LSU,Mario Craver,Receiver,0,0,0.0,0,0,0,0,0.0,0,6,6,89.5,1
294,A,Texas A&M,LSU,Other WR,Receiver,0,0,0.0,0,0,0,0,0.0,0,1,3,8.1,0
294,A,Texas A&M,LSU,Ashton Bethel-Roman,Receiver,0,0,0.0,0,0,0,0,0.0,0,2,3,0.0,0
295,B,Texas A&M,LSU,Marcel Reed,QB,26,19,216.2,0,0,6,0,0.0,0,0,0,0.0,0
295,B,Texas A&M,LSU,Marcel Reed,Rusher,0,0,0.0,0,0,0,9,29.8,1,0,0,0.0,0
295,B,Texas A&M,LSU,E.J. Smith,Rusher,0,0,0.0,0,0,0,2,3.2,0,0,0,0.0,0
295,B,Texas A&M,LSU,Amari Daniels,Rusher,0,0,0.0,0,0,0,4,2.4,0,0,0,0.0,0
295,B,Texas A&M,LSU,Miles O'Neill,Rusher,0,0,0.0,0,0,0,2,-7.6,0,0,0,0.0,0
295,B,Texas A&M,LSU,Le'Veon Moss,Rusher,0,0,0.0,0,0,0,13,51.8,1,0,0,0.0,0
295,B,Texas A&M,LSU,Rueben Owens,Rusher,0,0,0.0,0,0,0,2,6.5,0,0,0,0.0,0
295,B,Texas A&M,LSU,Kevin Concepcion,Receiver,0,0,0.0,0,0,0,0,0.0,0,2,3,0.0,0
295,B,Texas A&M,LSU,Other WR,Receiver,0,0,0.0,0,0,0,0,0.0,0,4,5,80.8,0
295,B,Texas A&M,LSU,Terry Bussey,Receiver,0,0,0.0,0,0,0,0,0.0,0,3,5,26.9,0
295,B,Texas A&M,LSU,Theo Melin Ohrstrom,Receiver,0,0,0.0,0,0,0,0,0.0,0,4,5,41.4,0
295,B,Texas A&M,LSU,Mario Craver,Receiver,0,0,0.0,0,0,0,0,0.0,0,6,7,67.1,0
295,B,Texas A&M,LSU,Ashton Bethel-Roman,Receiver,0,0,0.0,0,0,0,0,0.0,0,0,1,0.0,0
295,B,LSU,Texas A&M,Garrett Nussmeier,QB,22,13,111.2,1,0,0,0,0.0,0,0,0,0.0,0
295,B,LSU,Texas A&M,Caden Durham,Rusher,0,0,0.0,0,0,0,20,97.4,1,0,0,0.0,0
295,B,LSU,Texas A&M,Ju'Juan Johnson,Rusher,0,0,0.0,0,0,0,5,2.6,0,0,0,0.0,0
295,B,LSU,Texas A&M,Other RB,Rusher,0,0,0.0,0,0,0,4,3.1,0,0,0,0.0,0
295,B,LSU,Texas A&M,Harlem Berry,Rusher,0,0,0.0,0,0,0,4,19.6,0,0,0,0.0,0
295,B,LSU,Texas A&M,Garrett Nussmeier,Rusher,0,0,0.0,0,0,0,1,22.0,1,0,0,0.0,0
295,B,LSU,Texas A&M,Other WR,Receiver,0,0,0.0,0,0,0,0,0.0,0,0,3,0.0,0
295,B,LSU,Texas A&M,Nic Anderson,Receiver,0,0,0.0,0,0,0,0,0.0,0,1,2,2.2,0
295,B,LSU,Texas A&M,Aaron Anderson,Receiver,0,0,0.0,0,0,0,0,0.0,0,1,2,15.3,0
295,B,LSU,Texas A&M,Chris Hilton Jr.,Receiver,0,0,0.0,0,0,0,0,0.0,0,2,3,11.5,0
295,B,LSU,Texas A&M,Trey'Dez Green,Receiver,0,0,0.0,0,0,0,0,0.0,0,6,7,69.2,1
295,B,LSU,Texas A&M,Bauer Sharp,Receiver,0,0,0.0,0,0,0,0,0.0,0,1,1,5.6,0
295,B,LSU,Texas A&M,Barion Brown,Receiver,0,0,0.0,0,0,0,0,0.0,0,1,3,2.2,0
295,B,LSU,Texas A&M,Kyle Parker,Receiver,0,0,0.0,0,0,0,0,0.0,0,1,1,5.2,0
296,A,LSU,Texas A&M,Garrett Nussmeier,QB,25,17,204.7,2,0,2,0,0.0,0,0,0,0.0,0
296,A,LSU,Texas A&M,Ju'Juan Johnson,Rusher,0,0,0.0,0,0,0,10,38.2,0,0,0,0.0,0
296,A,LSU,Texas A&M,Caden Durham,Rusher,0,0,0.0,0,0,0,16,79.7,2,0,0,0.0,0
296,A,LSU,Texas A&M,Harlem Berry,Rusher,0,0,0.0,0,0,0,4,21.0,0,0,0,0.0,0
296,A,LSU,Texas A&M,Other RB,Rusher,0,0,0.0,0,0,0,3,7.2,0,0,0,0.0,0
296,A,LSU,Texas A&M,Garrett Nussmeier,Rusher,0,0,0.0,0,0,0,4,19.1,0,0,0,0.0,0
296,A,LSU,Texas A&M,Kaleb Jackson,Rusher,0,0,0.0,0,0,0,2,19.9,0,0,0,0.0,0
296,A,LSU,Texas A&M,Trey'Dez Green,Receiver,0,0,0.0,0,0,0,0,0.0,0,4,5,75.8,0
296,A,LSU,Texas A&M,Zavion Thomas,Receiver,0,0,0.0,0,0,0,0,0.0,0,5,6,60.1,1
296,A,LSU,Texas A&M,Kyle Parker,Receiver,0,0,0.0,0,0,0,0,0.0,0,1,2,26.8,0
296,A,LSU,Texas A&M,Bauer Sharp,Receiver,0,0,0.0,0,0,0,0,0.0,0,1,2,0.0,0
296,A,LSU,Texas A&M,Barion Brown,Receiver,0,0,0.0,0,0,0,0,0.0,0,4,5,37.5,1
296,A,LSU,Texas A&M,Aaron Anderson,Receiver,0,0,0.0,0,0,0,0,0.0,0,1,3,2.2,0
296,A,LSU,Texas A&M,Nic Anderson,Receiver,0,0,0.0,0,0,0,0,0.0,0,1,2,2.3,0
296,A,Texas A&M,LSU,Marcel Reed,QB,20,15,105.7,0,0,6,0,0.0,0,0,0,0.0,0
296,A,Texas A&M,LSU,Marcel Reed,Rusher,0,0,0.0,0,0,0,10,36.8,0,0,0,0.0,0
296,A,Texas A&M,LSU,E.J. Smith,Rusher,0,0,0.0,0,0,0,1,7.3,0,0,0,0.0,0
296,A,Texas A&M,LSU,Le'Veon Moss,Rusher,0,0,0.0,0,0,0,10,53.4,1,0,0,0.0,0
296,A,Texas A&M,LSU,Amari Daniels,Rusher,0,0,0.0,0,0,0,1,10.7,1,0,0,0.0,0
296,A,Texas A&M,LSU,Rueben Owens,Rusher,0,0,0.0,0,0,0,1,-4.0,0,0,0,0.0,0
296,A,Texas A&M,LSU,Other WR,Receiver,0,0,0.0,0,0,0,0,0.0,0,2,3,16.9,0
296,A,Texas A&M,LSU,Kevin Concepcion,Receiver,0,0,0.0,0,0,0,0,0.0,0,4,5,58.9,0
296,A,Texas A&M,LSU,Mario Craver,Receiver,0,0,0.0,0,0,0,0,0.0,0,4,6,18.8,0
296,A,Texas A&M,LSU,Ashton Bethel-Roman,Receiver,0,0,0.0,0,0,0,0,0.0,0,3,4,11.2,0
296,A,Texas A&M,LSU,Nate Boerkircher,Receiver,0,0,0.0,0,0,0,0,0.0,0,1,1,0.0,0
296,A,Texas A&M,LSU,Theo Melin Ohrstrom,Receiver,0,0,0.0,0,0,0,0,0.0,0,1,1,0.0,0
297,B,Texas A&M,LSU,Marcel Reed,QB,29,19,261.8,1,0,0,0,0.0,0,0,0,0.0,0
297,B,Texas A&M,LSU,Le'Veon Moss,Rusher,0,0,0.0,0,0,0,14,73.0,2,0,0,0.0,0
297,B,Texas A&M,LSU,Amari Daniels,Rusher,0,0,0.0,0,0,0,9,20.6,0,0,0,0.0,0
297,B,Texas A&M,LSU,Marcel Reed,Rusher,0,0,0.0,0,0,0,8,27.3,0,0,0,0.0,0
297,B,Texas A&M,LSU,Rueben Owens,Rusher,0,0,0.0,0,0,0,6,49.7,1,0,0,0.0,0
297,B,Texas A&M,LSU,Kevin Concepcion,Receiver,0,0,0.0,0,0,0,0,0.0,0,6,7,92.1,0
297,B,Texas A&M,LSU,Other WR,Receiver,0,0,0.0,0,0,0,0,0.0,0,2,4,50.1,1
297,B,Texas A&M,LSU,Mario Craver,Receiver,0,0,0.0,0,0,0,0,0.0,0,4,9,70.0,0
297,B,Texas A&M,LSU,Theo Melin Ohrstrom,Receiver,0,0,0.0,0,0,0,0,0.0,0,1,1,9.7,0
297,B,Texas A&M,LSU,Ashton Bethel-Roman,Receiver,0,0,0.0,0,0,0,0,0.0,0,5,6,34.1,0
297,B,Texas A&M,LSU,Terry Bussey,Receiver,0,0,0.0,0,0,0,0,0.0,0,1,2,5.9,0
297,B,LSU,Texas A&M,Garrett Nussmeier,QB,30,22,270.3,4,0,2,0,0.0,0,0,0,0.0,0
297,B,LSU,Texas A&M,Caden Durham,Rusher,0,0,0.0,0,0,0,12,20.4,0,0,0,0.0,0
297,B,LSU,Texas A&M,Harlem Berry,Rusher,0,0,0.0,0,0,0,3,9.7,0,0,0,0.0,0
297,B,LSU,Texas A&M,Other RB,Rusher,0,0,0.0,0,0,0,4,15.1,0,0,0,0.0,0
297,B,LSU,Texas A&M,Ju'Juan Johnson,Rusher,0,0,0.0,0,0,0,5,26.4,0,0,0,0.0,0
297,B,LSU,Texas A&M,Garrett Nussmeier,Rusher,0,0,0.0,0,0,0,2,11.1,0,0,0,0.0,0
297,B,LSU,Texas A&M,Kaleb Jackson,Rusher,0,0,0.0,0,0,0,1,1.7,0,0,0,0.0,0
297,B,LSU,Texas A&M,Trey'Dez Green,Receiver,0,0,0.0,0,0,0,0,0.0,0,4,4,54.2,0
297,B,LSU,Texas A&M,Nic Anderson,Receiver,0,0,0.0,0,0,0,0,0.0,0,5,6,64.5,2
297,B,LSU,Texas A&M,Zavion Thomas,Receiver,0,0,0.0,0,0,0,0,0.0,0,4,6,49.4,1
297,B,LSU,Texas A&M,Bauer Sharp,Receiver,0,0,0.0,0,0,0,0,0.0,0,1,2,0.0,0
297,B,LSU,Texas A&M,Aaron Anderson,Receiver,0,0,0.0,0,0,0,0,0.0,0,3,5,50.2,1
297,B,LSU,Texas A&M,Barion Brown,Receiver,0,0,0.0,0,0,0,0,0.0,0,5,6,51.9,0
297,B,LSU,Texas A&M,Other WR,Receiver,0,0,0.0,0,0,0,0,0.0,0,0,1,0.0,0
298,A,LSU,Texas A&M,Garrett Nussmeier,QB,23,17,231.6,2,0,1,0,0.0,0,0,0,0.0,0
298,A,LSU,Texas A&M,Caden Durham,Rusher,0,0,0.0,0,0,0,19,69.8,1,0,0,0.0,0
298,A,LSU,Texas A&M,Harlem Berry,Rusher,0,0,0.0,0,0,0,6,9.6,1,0,0,0.0,0
298,A,LSU,Texas A&M,Other RB,Rusher,0,0,0.0,0,0,0,5,28.0,0,0,0,0.0,0
298,A,LSU,Texas A&M,Kaleb Jackson,Rusher,0,0,0.0,0,0,0,2,5.5,0,0,0,0.0,0
298,A,LSU,Texas A&M,Ju'Juan Johnson,Rusher,0,0,0.0,0,0,0,12,40.5,0,0,0,0.0,0
298,A,LSU,Texas A&M,Aaron Anderson,Receiver,0,0,0.0,0,0,0,0,0.0,0,3,4,19.3,0
298,A,LSU,Texas A&M,Bauer Sharp,Receiver,0,0,0.0,0,0,0,0,0.0,0,1,1,23.5,0
298,A,LSU,Texas A&M,Barion Brown,Receiver,0,0,0.0,0,0,0,0,0.0,0,6,7,70.9,1
298,A,LSU,Texas A&M,Other WR,Receiver,0,0,0.0,0,0,0,0,0.0,0,3,5,58.4,1
298,A,LSU,Texas A&M,Zavion Thomas,Receiver,0,0,0.0,0,0,0,0,0.0,0,2,4,25.5,0
298,A,LSU,Texas A&M,Kyle Parker,Receiver,0,0,0.0,0,0,0,0,0.0,0,2,2,33.9,0
298,A,Texas A&M,LSU,Marcel Reed,QB,28,20,148.7,0,0,4,0,0.0,0,0,0,0.0,0
298,A,Texas A&M,LSU,Marcel Reed,Rusher,0,0,0.0,0,0,0,4,36.4,1,0,0,0.0,0
298,A,Texas A&M,LSU,Le'Veon Moss,Rusher,0,0,0.0,0,0,0,6,31.5,0,0,0,0.0,0
298,A,Texas A&M,LSU,Jamarion Morrow,Rusher,0,0,0.0,0,0,0,1,8.2,0,0,0,0.0,0
298,A,Texas A&M,LSU,Amari Daniels,Rusher,0,0,0.0,0,0,0,4,0.7,0,0,0,0.0,0
298,A,Texas A&M,LSU,Rueben Owens,Rusher,0,0,0.0,0,0,0,2,6.9,0,0,0,0.0,0
298,A,Texas A&M,LSU,Miles O'Neill,Rusher,0,0,0.0,0,0,0,1,3.5,0,0,0,0.0,0
298,A,Texas A&M,LSU,Kevin Concepcion,Receiver,0,0,0.0,0,0,0,0,0.0,0,6,6,63.0,0
298,A,Texas A&M,LSU,Mario Craver,Receiver,0,0,0.0,0,0,0,0,0.0,0,7,9,53.9,0
298,A,Texas A&M,LSU,Other WR,Receiver,0,0,0.0,0,0,0,0,0.0,0,4,5,15.0,0
298,A,Texas A&M,LSU,Terry Bussey,Receiver,0,0,0.0,0,0,0,0,0.0,0,2,4,10.1,0
298,A,Texas A&M,LSU,Theo Melin Ohrstrom,Receiver,0,0,0.0,0,0,0,0,0.0,0,0,1,0.0,0
298,A,Texas A&M,LSU,Ashton Bethel-Roman,Receiver,0,0,0.0,0,0,0,0,0.0,0,1,2,6.6,0
298,A,Texas A&M,LSU,Nate Boerkircher,Receiver,0,0,0.0,0,0,0,0,0.0,0,0,1,0.0,0
298,A,Texas A&M,LSU,Amari Niblack,Receiver,0,0,0.0,0,0,0,0,0.0,0,0,0,0.0,0
299,B,Texas A&M,LSU,Marcel Reed,QB,33,23,292.9,1,0,4,0,0.0,0,0,0,0.0,0
299,B,Texas A&M,LSU,Le'Veon Moss,Rusher,0,0,0.0,0,0,0,11,45.7,1,0,0,0.0,0
299,B,Texas A&M,LSU,Marcel Reed,Rusher,0,0,0.0,0,0,0,6,10.3,0,0,0,0.0,0
299,B,Texas A&M,LSU,Amari Daniels,Rusher,0,0,0.0,0,0,0,4,9.3,0,0,0,0.0,0
299,B,Texas A&M,LSU,Rueben Owens,Rusher,0,0,0.0,0,0,0,3,23.8,0,0,0,0.0,0
299,B,Texas A&M,LSU,E.J. Smith,Rusher,0,0,0.0,0,0,0,2,5.2,0,0,0,0.0,0
299,B,Texas A&M,LSU,Jamarion Morrow,Rusher,0,0,0.0,0,0,0,1,1.1,0,0,0,0.0,0
299,B,Texas A&M,LSU,Theo Melin Ohrstrom,Receiver,0,0,0.0,0,0,0,0,0.0,0,5,8,82.1,1
299,B,Texas A&M,LSU,Kevin Concepcion,Receiver,0,0,0.0,0,0,0,0,0.0,0,3,4,33.3,0
299,B,Texas A&M,LSU,Other WR,Receiver,0,0,0.0,0,0,0,0,0.0,0,6,9,87.0,0
299,B,Texas A&M,LSU,Terry Bussey,Receiver,0,0,0.0,0,0,0,0,0.0,0,4,4,36.2,0
299,B,Texas A&M,LSU,Mario Craver,Receiver,0,0,0.0,0,0,0,0,0.0,0,2,3,42.3,0
299,B,Texas A&M,LSU,Ashton Bethel-Roman,Receiver,0,0,0.0,0,0,0,0,0.0,0,2,2,12.0,0
299,B,Texas A&M,LSU,Amari Niblack,Receiver,0,0,0.0,0,0,0,0,0.0,0,1,3,0.0,0
299,B,Texas A&M,LSU,Nate Boerkircher,Receiver,0,0,0.0,0,0,0,0,0.0,0,0,0,0.0,0
299,B,LSU,Texas A&M,Garrett Nussmeier,QB,25,15,232.6,1,0,1,0,0.0,0,0,0,0.0,0
299,B,LSU,Texas A&M,Other RB,Rusher,0,0,0.0,0,0,0,4,-0.1,0,0,0,0.0,0
299,B,LSU,Texas A&M,Ju'Juan Johnson,Rusher,0,0,0.0,0,0,0,7,29.0,0,0,0,0.0,0
299,B,LSU,Texas A&M,Caden Durham,Rusher,0,0,0.0,0,0,0,14,54.1,0,0,0,0.0,0
299,B,LSU,Texas A&M,Harlem Berry,Rusher,0,0,0.0,0,0,0,3,22.3,1,0,0,0.0,0
299,B,LSU,Texas A&M,Garrett Nussmeier,Rusher,0,0,0.0,0,0,0,4,14.0,1,0,0,0.0,0
299,B,LSU,Texas A&M,Kaleb Jackson,Rusher,0,0,0.0,0,0,0,2,5.9,0,0,0,0.0,0
299,B,LSU,Texas A&M,Aaron Anderson,Receiver,0,0,0.0,0,0,0,0,0.0,0,1,2,21.5,1
299,B,LSU,Texas A&M,Barion Brown,Receiver,0,0,0.0,0,0,0,0,0.0,0,2,6,22.5,0
299,B,LSU,Texas A&M,Trey'Dez Green,Receiver,0,0,0.0,0,0,0,0,0.0,0,2,3,29.1,0
299,B,LSU,Texas A&M,Zavion Thomas,Receiver,0,0,0.0,0,0,0,0,0.0,0,4,4,90.5,0
299,B,LSU,Texas A&M,Other WR,Receiver,0,0,0.0,0,0,0,0,0.0,0,1,2,15.1,0
299,B,LSU,Texas A&M,Bauer Sharp,Receiver,0,0,0.0,0,0,0,0,0.0,0,2,3,15.7,0
299,B,LSU,Texas A&M,Nic Anderson,Receiver,0,0,0.0,0,0,0,0,0.0,0,1,2,0.0,0
299,B,LSU,Texas A&M,Chris Hilton Jr.,Receiver,0,0,0.0,0,0,0,0,0.0,0,1,1,22.6,0
299,B,LSU,Texas A&M,Kyle Parker,Receiver,0,0,0.0,0,0,0,0,0.0,0,1,2,15.6,0
300,A,LSU,Texas A&M,Garrett Nussmeier,QB,23,13,143.5,2,0,0,0,0.0,0,0,0,0.0,0
300,A,LSU,Texas A&M,Ju'Juan Johnson,Rusher,0,0,0.0,0,0,0,9,37.3,0,0,0,0.0,0
300,A,LSU,Texas A&M,Harlem Berry,Rusher,0,0,0.0,0,0,0,4,21.1,0,0,0,0.0,0
300,A,LSU,Texas A&M,Caden Durham,Rusher,0,0,0.0,0,0,0,12,38.8,1,0,0,0.0,0
300,A,LSU,Texas A&M,Other RB,Rusher,0,0,0.0,0,0,0,2,15.9,0,0,0,0.0,0
300,A,LSU,Texas A&M,Kaleb Jackson,Rusher,0,0,0.0,0,0,0,3,14.4,0,0,0,0.0,0
300,A,LSU,Texas A&M,Barion Brown,Receiver,0,0,0.0,0,0,0,0,0.0,0,2,3,16.3,0
300,A,LSU,Texas A&M,Chris Hilton Jr.,Receiver,0,0,0.0,0,0,0,0,0.0,0,1,1,20.2,0
300,A,LSU,Texas A&M,Trey'Dez Green,Receiver,0,0,0.0,0,0,0,0,0.0,0,1,3,15.9,0
300,A,LSU,Texas A&M,Nic Anderson,Receiver,0,0,0.0,0,0,0,0,0.0,0,2,4,14.2,0
300,A,LSU,Texas A&M,Zavion Thomas,Receiver,0,0,0.0,0,0,0,0,0.0,0,1,1,28.3,0
300,A,LSU,Texas A&M,Aaron Anderson,Receiver,0,0,0.0,0,0,0,0,0.0,0,3,7,35.0,1
300,A,LSU,Texas A&M,Bauer Sharp,Receiver,0,0,0.0,0,0,0,0,0.0,0,2,3,10.3,0
300,A,LSU,Texas A&M,Other WR,Receiver,0,0,0.0,0,0,0,0,0.0,0,1,1,3.2,1
300,A,Texas A&M,LSU,Marcel Reed,QB,19,13,159.5,0,0,2,0,0.0,0,0,0,0.0,0
300,A,Texas A&M,LSU,Marcel Reed,Rusher,0,0,0.0,0,0,0,11,38.1,1,0,0,0.0,0
300,A,Texas A&M,LSU,Le'Veon Moss,Rusher,0,0,0.0,0,0,0,13,17.8,0,0,0,0.0,0
300,A,Texas A&M,LSU,E.J. Smith,Rusher,0,0,0.0,0,0,0,6,11.1,0,0,0,0.0,0
300,A,Texas A&M,LSU,Rueben Owens,Rusher,0,0,0.0,0,0,0,4,42.6,1,0,0,0.0,0
300,A,Texas A&M,LSU,Amari Daniels,Rusher,0,0,0.0,0,0,0,4,10.4,1,0,0,0.0,0
300,A,Texas A&M,LSU,Miles O'Neill,Rusher,0,0,0.0,0,0,0,2,9.4,0,0,0,0.0,0
300,A,Texas A&M,LSU,Jamarion Morrow,Rusher,0,0,0.0,0,0,0,1,1.7,0,0,0,0.0,0
300,A,Texas A&M,LSU,Kevin Concepcion,Receiver,0,0,0.0,0,0,0,0,0.0,0,5,8,30.9,0
300,A,Texas A&M,LSU,Other WR,Receiver,0,0,0.0,0,0,0,0,0.0,0,2,2,28.6,0
300,A,Texas A&M,LSU,Theo Melin Ohrstrom,Receiver,0,0,0.0,0,0,0,0,0.0,0,2,3,33.0,0
300,A,Texas A&M,LSU,Terry Bussey,Receiver,0,0,0.0,0,0,0,0,0.0,0,1,2,13.7,0
300,A,Texas A&M,LSU,Nate Boerkircher,Receiver,0,0,0.0,0,0,0,0,0.0,0,2,2,27.0,0
300,A,Texas A&M,LSU,Mario Craver,Receiver,0,0,0.0,0,0,0,0,0.0,0,1,2,26.3,0
301,B,Texas A&M,LSU,Marcel Reed,QB,26,17,202.5,2,0,4,0,0.0,0,0,0,0.0,0
301,B,Texas A&M,LSU,Jamarion Morrow,Rusher,0,0,0.0,0,0,0,2,7.0,0,0,0,0.0,0
301,B,Texas A&M,LSU,Marcel Reed,Rusher,0,0,0.0,0,0,0,8,38.0,0,0,0,0.0,0
301,B,Texas A&M,LSU,Amari Daniels,Rusher,0,0,0.0,0,0,0,9,35.2,1,0,0,0.0,0
301,B,Texas A&M,LSU,Rueben Owens,Rusher,0,0,0.0,0,0,0,6,28.2,0,0,0,0.0,0
301,B,Texas A&M,LSU,Le'Veon Moss,Rusher,0,0,0.0,0,0,0,13,63.2,1,0,0,0.0,0
301,B,Texas A&M,LSU,Kevin Concepcion,Receiver,0,0,0.0,0,0,0,0,0.0,0,1,4,7.3,0
301,B,Texas A&M,LSU,Nate Boerkircher,Receiver,0,0,0.0,0,0,0,0,0.0,0,1,1,12.9,0
301,B,Texas A&M,LSU,Terry Bussey,Receiver,0,0,0.0,0,0,0,0,0.0,0,4,5,44.4,1
301,B,Texas A&M,LSU,Other WR,Receiver,0,0,0.0,0,0,0,0,0.0,0,1,3,10.9,0
301,B,Texas A&M,LSU,Amari Niblack,Receiver,0,0,0.0,0,0,0,0,0.0,0,0,1,0.0,0
301,B,Texas A&M,LSU,Ashton Bethel-Roman,Receiver,0,0,0.0,0,0,0,0,0.0,0,4,5,55.4,0
301,B,Texas A&M,LSU,Theo Melin Ohrstrom,Receiver,0,0,0.0,0,0,0,0,0.0,0,3,3,39.8,1
301,B,Texas A&M,LSU,Mario Craver,Receiver,0,0,0.0,0,0,0,0,0.0,0,3,4,31.9,0
301,B,LSU,Texas A&M,Garrett Nussmeier,QB,34,17,136.7,0,0,3,0,0.0,0,0,0,0.0,0
301,B,LSU,Texas A&M,Caden Durham,Rusher,0,0,0.0,0,0,0,11,34.3,0,0,0,0.0,0
301,B,LSU,Texas A&M,Ju'Juan Johnson,Rusher,0,0,0.0,0,0,0,4,19.4,0,0,0,0.0,0
301,B,LSU,Texas A&M,Harlem Berry,Rusher,0,0,0.0,0,0,0,1,0.5,0,0,0,0.0,0
301,B,LSU,Texas A&M,Kyle Parker,Receiver,0,0,0.0,0,0,0,0,0.0,0,2,5,7.7,0
301,B,LSU,Texas A&M,Barion Brown,Receiver,0,0,0.0,0,0,0,0,0.0,0,6,9,48.0,0
301,B,LSU,Texas A&M,Aaron Anderson,Receiver,0,0,0.0,0,0,0,0,0.0,0,4,5,24.8,0
301,B,LSU,Texas A&M,Trey'Dez Green,Receiver,0,0,0.0,0,0,0,0,0.0,0,1,2,18.1,0
301,B,LSU,Texas A&M,Nic Anderson,Receiver,0,0,0.0,0,0,0,0,0.0,0,3,3,36.9,0
301,B,LSU,Texas A&M,Bauer Sharp,Receiver,0,0,0.0,0,0,0,0,0.0,0,0,4,0.0,0
301,B,LSU,Texas A&M,Other WR,Receiver,0,0,0.0,0,0,0,0,0.0,0,0,1,0.0,0
301,B,LSU,Texas A&M,Zavion Thomas,Receiver,0,0,0.0,0,0,0,0,0.0,0,0,3,0.0,0
301,B,LSU,Texas A&M,Chris Hilton Jr.,Receiver,0,0,0.0,0,0,0,0,0.0,0,1,2,1.3,0
302,A,LSU,Texas A&M,Garrett Nussmeier,QB,23,18,163.8,0,0,2,0,0.0,0,0,0,0.0,0
302,A,LSU,Texas A&M,Caden Durham,Rusher,0,0,0.0,0,0,0,16,51.3,1,0,0,0.0,0
302,A,LSU,Texas A&M,Other RB,Rusher,0,0,0.0,0,0,0,3,25.9,1,0,0,0.0,0
302,A,LSU,Texas A&M,Ju'Juan Johnson,Rusher,0,0,0.0,0,0,0,7,24.9,0,0,0,0.0,0
302,A,LSU,Texas A&M,Kaleb Jackson,Rusher,0,0,0.0,0,0,0,1,12.2,0,0,0,0.0,0
302,A,LSU,Texas A&M,Harlem Berry,Rusher,0,0,0.0,0,0,0,5,9.7,0,0,0,0.0,0
302,A,LSU,Texas A&M,Garrett Nussmeier,Rusher,0,0,0.0,0,0,0,1,6.6,0,0,0,0.0,0
302,A,LSU,Texas A&M,Aaron Anderson,Receiver,0,0,0.0,0,0,0,0,0.0,0,2,2,25.9,0
302,A,LSU,Texas A&M,Nic Anderson,Receiver,0,0,0.0,0,0,0,0,0.0,0,2,2,1.4,0
302,A,LSU,Texas A&M,Chris Hilton Jr.,Receiver,0,0,0.0,0,0,0,0,0.0,0,2,2,28.1,0
302,A,LSU,Texas A&M,Barion Brown,Receiver,0,0,0.0,0,0,0,0,0.0,0,1,4,15.7,0
302,A,LSU,Texas A&M,Kyle Parker,Receiver,0,0,0.0,0,0,0,0,0.0,0,3,4,32.6,0
302,A,LSU,Texas A&M,Bauer Sharp,Receiver,0,0,0.0,0,0,0,0,0.0,0,6,6,37.7,0
302,A,LSU,Texas A&M,Trey'Dez Green,Receiver,0,0,0.0,0,0,0,0,0.0,0,1,1,0.0,0
302,A,LSU,Texas A&M,Zavion Thomas,Receiver,0,0,0.0,0,0,0,0,0.0,0,0,1,0.0,0
302,A,LSU,Texas A&M,Other WR,Receiver,0,0,0.0,0,0,0,0,0.0,0,1,1,22.3,0
302,A,Texas A&M,LSU,Marcel Reed,QB,26,20,143.8,0,0,7,0,0.0,0,0,0,0.0,0
302,A,Texas A&M,LSU,Le'Veon Moss,Rusher,0,0,0.0,0,0,0,10,27.2,0,0,0,0.0,0
302,A,Texas A&M,LSU,Rueben Owens,Rusher,0,0,0.0,0,0,0,6,-0.3,0,0,0,0.0,0
302,A,Texas A&M,LSU,Jamarion Morrow,Rusher,0,0,0.0,0,0,0,2,5.3,0,0,0,0.0,0
302,A,Texas A&M,LSU,Marcel Reed,Rusher,0,0,0.0,0,0,0,2,1.5,0,0,0,0.0,0
302,A,Texas A&M,LSU,Amari Daniels,Rusher,0,0,0.0,0,0,0,3,18.2,0,0,0,0.0,0
302,A,Texas A&M,LSU,Kevin Concepcion,Receiver,0,0,0.0,0,0,0,0,0.0,0,6,7,52.7,0
302,A,Texas A&M,LSU,Ashton Bethel-Roman,Receiver,0,0,0.0,0,0,0,0,0.0,0,4,5,21.9,0
302,A,Texas A&M,LSU,Mario Craver,Receiver,0,0,0.0,0,0,0,0,0.0,0,5,6,45.0,0
302,A,Texas A&M,LSU,Amari Niblack,Receiver,0,0,0.0,0,0,0,0,0.0,0,0,1,0.0,0
302,A,Texas A&M,LSU,Other WR,Receiver,0,0,0.0,0,0,0,0,0.0,0,2,4,9.2,0
302,A,Texas A&M,LSU,Nate Boerkircher,Receiver,0,0,0.0,0,0,0,0,0.0,0,2,2,15.2,0
302,A,Texas A&M,LSU,Terry Bussey,Receiver,0,0,0.0,0,0,0,0,0.0,0,1,1,0.0,0
303,B,Texas A&M,LSU,Marcel Reed,QB,25,16,149.3,0,0,2,0,0.0,0,0,0,0.0,0
303,B,Texas A&M,LSU,Le'Veon Moss,Rusher,0,0,0.0,0,0,0,12,23.7,0,0,0,0.0,0
303,B,Texas A&M,LSU,Amari Daniels,Rusher,0,0,0.0,0,0,0,3,7.2,0,0,0,0.0,0
303,B,Texas A&M,LSU,Marcel Reed,Rusher,0,0,0.0,0,0,0,5,13.8,1,0,0,0.0,0
303,B,Texas A&M,LSU,Rueben Owens,Rusher,0,0,0.0,0,0,0,4,15.9,0,0,0,0.0,0
303,B,Texas A&M,LSU,Jamarion Morrow,Rusher,0,0,0.0,0,0,0,1,10.5,0,0,0,0.0,0
303,B,Texas A&M,LSU,E.J. Smith,Rusher,0,0,0.0,0,0,0,3,4.6,0,0,0,0.0,0
303,B,Texas A&M,LSU,Miles O'Neill,Rusher,0,0,0.0,0,0,0,1,1.0,0,0,0,0.0,0
303,B,Texas A&M,LSU,Amari Niblack,Receiver,0,0,0.0,0,0,0,0,0.0,0,1,2,2.4,0
303,B,Texas A&M,LSU,Other WR,Receiver,0,0,0.0,0,0,0,0,0.0,0,3,6,29.6,0
303,B,Texas A&M,LSU,Nate Boerkircher,Receiver,0,0,0.0,0,0,0,0,0.0,0,2,2,21.9,0
303,B,Texas A&M,LSU,Kevin Concepcion,Receiver,0,0,0.0,0,0,0,0,0.0,0,6,7,47.3,0
303,B,Texas A&M,LSU,Mario Craver,Receiver,0,0,0.0,0,0,0,0,0.0,0,1,2,9.2,0
303,B,Texas A&M,LSU,Ashton Bethel-Roman,Receiver,0,0,0.0,0,0,0,0,0.0,0,0,2,0.0,0
303,B,Texas A&M,LSU,Theo Melin Ohrstrom,Receiver,0,0,0.0,0,0,0,0,0.0,0,2,2,31.0,0
303,B,Texas A&M,LSU,Terry Bussey,Receiver,0,0,0.0,0,0,0,0,0.0,0,1,2,7.9,0
303,B,LSU,Texas A&M,Garrett Nussmeier,QB,27,17,128.9,0,0,2,0,0.0,0,0,0,0.0,0
303,B,LSU,Texas A&M,Garrett Nussmeier,Rusher,0,0,0.0,0,0,0,3,7.4,0,0,0,0.0,0
303,B,LSU,Texas A&M,Caden Durham,Rusher,0,0,0.0,0,0,0,14,50.2,0,0,0,0.0,0
303,B,LSU,Texas A&M,Harlem Berry,Rusher,0,0,0.0,0,0,0,6,6.9,0,0,0,0.0,0
303,B,LSU,Texas A&M,Ju'Juan Johnson,Rusher,0,0,0.0,0,0,0,3,-4.4,0,0,0,0.0,0
303,B,LSU,Texas A&M,Kaleb Jackson,Rusher,0,0,0.0,0,0,0,1,3.9,0,0,0,0.0,0
303,B,LSU,Texas A&M,Other RB,Rusher,0,0,0.0,0,0,0,2,11.7,1,0,0,0.0,0
303,B,LSU,Texas A&M,Other WR,Receiver,0,0,0.0,0,0,0,0,0.0,0,2,4,14.7,0
303,B,LSU,Texas A&M,Zavion Thomas,Receiver,0,0,0.0,0,0,0,0,0.0,0,3,4,12.0,0
303,B,LSU,Texas A&M,Bauer Sharp,Receiver,0,0,0.0,0,0,0,0,0.0,0,1,3,0.0,0
303,B,LSU,Texas A&M,Nic Anderson,Receiver,0,0,0.0,0,0,0,0,0.0,0,1,1,4.6,0
303,B,LSU,Texas A&M,Aaron Anderson,Receiver,0,0,0.0,0,0,0,0,0.0,0,4,5,22.2,0
303,B,LSU,Texas A&M,Chris Hilton Jr.,Receiver,0,0,0.0,0,0,0,0,0.0,0,4,4,59.4,0
303,B,LSU,Texas A&M,Trey'Dez Green,Receiver,0,0,0.0,0,0,0,0,0.0,0,1,3,7.2,0
303,B,LSU,Texas A&M,Barion Brown,Receiver,0,0,0.0,0,0,0,0,0.0,0,1,2,8.9,0
303,B,LSU,Texas A&M,Kyle Parker,Receiver,0,0,0.0,0,0,0,0,0.0,0,0,1,0.0,0
304,A,LSU,Texas A&M,Garrett Nussmeier,QB,30,17,152.7,0,0,3,0,0.0,0,0,0,0.0,0
304,A,LSU,Texas A&M,Harlem Berry,Rusher,0,0,0.0,0,0,0,11,50.0,0,0,0,0.0,0
304,A,LSU,Texas A&M,Ju'Juan Johnson,Rusher,0,0,0.0,0,0,0,4,20.5,0,0,0,0.0,0
304,A,LSU,Texas A&M,Caden Durham,Rusher,0,0,0.0,0,0,0,15,49.2,1,0,0,0.0,0
304,A,LSU,Texas A&M,Garrett Nussmeier,Rusher,0,0,0.0,0,0,0,3,16.9,0,0,0,0.0,0
304,A,LSU,Texas A&M,Kaleb Jackson,Rusher,0,0,0.0,0,0,0,2,-3.0,0,0,0,0.0,0
304,A,LSU,Texas A&M,Other RB,Rusher,0,0,0.0,0,0,0,1,4.2,0,0,0,0.0,0
304,A,LSU,Texas A&M,Kyle Parker,Receiver,0,0,0.0,0,0,0,0,0.0,0,1,2,12.5,0
304,A,LSU,Texas A&M,Barion Brown,Receiver,0,0,0.0,0,0,0,0,0.0,0,3,7,18.2,0
304,A,LSU,Texas A&M,Nic Anderson,Receiver,0,0,0.0,0,0,0,0,0.0,0,2,5,17.6,0
304,A,LSU,Texas A&M,Chris Hilton Jr.,Receiver,0,0,0.0,0,0,0,0,0.0,0,2,2,17.2,0
304,A,LSU,Texas A&M,Aaron Anderson,Receiver,0,0,0.0,0,0,0,0,0.0,0,3,6,18.9,0
304,A,LSU,Texas A&M,Bauer Sharp,Receiver,0,0,0.0,0,0,0,0,0.0,0,1,1,23.5,0
304,A,LSU,Texas A&M,Zavion Thomas,Receiver,0,0,0.0,0,0,0,0,0.0,0,1,2,7.2,0
304,A,LSU,Texas A&M,Trey'Dez Green,Receiver,0,0,0.0,0,0,0,0,0.0,0,4,4,37.6,0
304,A,LSU,Texas A&M,Other WR,Receiver,0,0,0.0,0,0,0,0,0.0,0,0,1,0.0,0
304,A,Texas A&M,LSU,Marcel Reed,QB,28,15,113.0,0,0,1,0,0.0,0,0,0,0.0,0
304,A,Texas A&M,LSU,Le'Veon Moss,Rusher,0,0,0.0,0,0,0,6,17.5,0,0,0,0.0,0
304,A,Texas A&M,LSU,Amari Daniels,Rusher,0,0,0.0,0,0,0,8,36.3,0,0,0,0.0,0
304,A,Texas A&M,LSU,E.J. Smith,Rusher,0,0,0.0,0,0,0,2,11.6,0,0,0,0.0,0
304,A,Texas A&M,LSU,Marcel Reed,Rusher,0,0,0.0,0,0,0,7,58.9,1,0,0,0.0,0
304,A,Texas A&M,LSU,Rueben Owens,Rusher,0,0,0.0,0,0,0,1,4.9,0,0,0,0.0,0
304,A,Texas A&M,LSU,Miles O'Neill,Rusher,0,0,0.0,0,0,0,1,5.6,0,0,0,0.0,0
304,A,Texas A&M,LSU,Ashton Bethel-Roman,Receiver,0,0,0.0,0,0,0,0,0.0,0,2,3,12.6,0
304,A,Texas A&M,LSU,Kevin Concepcion,Receiver,0,0,0.0,0,0,0,0,0.0,0,2,7,1.1,0
304,A,Texas A&M,LSU,Theo Melin Ohrstrom,Receiver,0,0,0.0,0,0,0,0,0.0,0,5,7,75.2,0
304,A,Texas A&M,LSU,Mario Craver,Receiver,0,0,0.0,0,0,0,0,0.0,0,2,3,17.7,0
304,A,Texas A&M,LSU,Other WR,Receiver,0,0,0.0,0,0,0,0,0.0,0,3,5,6.3,0
304,A,Texas A&M,LSU,Amari Niblack,Receiver,0,0,0.0,0,0,0,0,0.0,0,1,1,0.0,0
304,A,Texas A&M,LSU,Terry Bussey,Receiver,0,0,0.0,0,0,0,0,0.0,0,0,2,0.0,0
305,B,Texas A&M,LSU,Marcel Reed,QB,24,16,197.6,1,0,4,0,0.0,0,0,0,0.0,0
305,B,Texas A&M,LSU,Amari Daniels,Rusher,0,0,0.0,0,0,0,2,0.4,0,0,0,0.0,0
305,B,Texas A&M,LSU,Marcel Reed,Rusher,0,0,0.0,0,0,0,9,45.9,0,0,0,0.0,0
305,B,Texas A&M,LSU,E.J. Smith,Rusher,0,0,0.0,0,0,0,1,-4.0,0,0,0,0.0,0
305,B,Texas A&M,LSU,Le'Veon Moss,Rusher,0,0,0.0,0,0,0,9,24.6,1,0,0,0.0,0
305,B,Texas A&M,LSU,Jamarion Morrow,Rusher,0,0,0.0,0,0,0,3,17.9,0,0,0,0.0,0
305,B,Texas A&M,LSU,Rueben Owens,Rusher,0,0,0.0,0,0,0,5,21.5,0,0,0,0.0,0
305,B,Texas A&M,LSU,Ashton Bethel-Roman,Receiver,0,0,0.0,0,0,0,0,0.0,0,2,3,22.4,0
305,B,Texas A&M,LSU,Kevin Concepcion,Receiver,0,0,0.0,0,0,0,0,0.0,0,7,7,79.9,0
305,B,Texas A&M,LSU,Mario Craver,Receiver,0,0,0.0,0,0,0,0,0.0,0,2,4,20.8,1
305,B,Texas A&M,LSU,Amari Niblack,Receiver,0,0,0.0,0,0,0,0,0.0,0,0,2,0.0,0
305,B,Texas A&M,LSU,Nate Boerkircher,Receiver,0,0,0.0,0,0,0,0,0.0,0,2,2,20.2,0
305,B,Texas A&M,LSU,Other WR,Receiver,0,0,0.0,0,0,0,0,0.0,0,3,5,54.2,0
305,B,Texas A&M,LSU,Theo Melin Ohrstrom,Receiver,0,0,0.0,0,0,0,0,0.0,0,0,1,0.0,0
305,B,LSU,Texas A&M,Garrett Nussmeier,QB,23,17,166.8,2,0,2,0,0.0,0,0,0,0.0,0
305,B,LSU,Texas A&M,Garrett Nussmeier,Rusher,0,0,0.0,0,0,0,3,4.1,0,0,0,0.0,0
305,B,LSU,Texas A&M,Caden Durham,Rusher,0,0,0.0,0,0,0,16,89.8,0,0,0,0.0,0
305,B,LSU,Texas A&M,Harlem Berry,Rusher,0,0,0.0,0,0,0,10,61.0,0,0,0,0.0,0
305,B,LSU,Texas A&M,Ju'Juan Johnson,Rusher,0,0,0.0,0,0,0,4,18.1,0,0,0,0.0,0
305,B,LSU,Texas A&M,Other RB,Rusher,0,0,0.0,0,0,0,3,29.3,1,0,0,0.0,0
305,B,LSU,Texas A&M,Kaleb Jackson,Rusher,0,0,0.0,0,0,0,4,20.0,0,0,0,0.0,0
305,B,LSU,Texas A&M,Barion Brown,Receiver,0,0,0.0,0,0,0,0,0.0,0,4,5,34.1,1
305,B,LSU,Texas A&M,Zavion Thomas,Receiver,0,0,0.0,0,0,0,0,0.0,0,2,5,21.3,0
305,B,LSU,Texas A&M,Chris Hilton Jr.,Receiver,0,0,0.0,0,0,0,0,0.0,0,1,2,4.4,0
305,B,LSU,Texas A&M,Bauer Sharp,Receiver,0,0,0.0,0,0,0,0,0.0,0,3,3,17.1,0
305,B,LSU,Texas A&M,Kyle Parker,Receiver,0,0,0.0,0,0,0,0,0.0,0,1,2,27.1,0
305,B,LSU,Texas A&M,Aaron Anderson,Receiver,0,0,0.0,0,0,0,0,0.0,0,2,2,46.1,1
305,B,LSU,Texas A&M,Trey'Dez Green,Receiver,0,0,0.0,0,0,0,0,0.0,0,2,2,16.7,0
305,B,LSU,Texas A&M,Nic Anderson,Receiver,0,0,0.0,0,0,0,0,0.0,0,1,1,0.0,0
305,B,LSU,Texas A&M,Other WR,Receiver,0,0,0.0,0,0,0,0,0.0,0,1,1,0.0,0
306,A,LSU,Texas A&M,Garrett Nussmeier,QB,32,22,211.1,1,0,3,0,0.0,0,0,0,0.0,0
306,A,LSU,Texas A&M,Caden Durham,Rusher,0,0,0.0,0,0,0,9,51.7,1,0,0,0.0,0
306,A,LSU,Texas A&M,Ju'Juan Johnson,Rusher,0,0,0.0,0,0,0,5,3.3,0,0,0,0.0,0
306,A,LSU,Texas A&M,Harlem Berry,Rusher,0,0,0.0,0,0,0,7,29.3,0,0,0,0.0,0
306,A,LSU,Texas A&M,Kaleb Jackson,Rusher,0,0,0.0,0,0,0,3,14.1,0,0,0,0.0,0
306,A,LSU,Texas A&M,Other RB,Rusher,0,0,0.0,0,0,0,3,2.2,0,0,0,0.0,0
306,A,LSU,Texas A&M,Kyle Parker,Receiver,0,0,0.0,0,0,0,0,0.0,0,3,3,44.6,0
306,A,LSU,Texas A&M,Zavion Thomas,Receiver,0,0,0.0,0,0,0,0,0.0,0,2,3,21.3,0
306,A,LSU,Texas A&M,Nic Anderson,Receiver,0,0,0.0,0,0,0,0,0.0,0,2,3,33.5,0
306,A,LSU,Texas A&M,Barion Brown,Receiver,0,0,0.0,0,0,0,0,0.0,0,6,8,44.7,0
306,A,LSU,Texas A&M,Trey'Dez Green,Receiver,0,0,0.0,0,0,0,0,0.0,0,1,4,0.0,0
306,A,LSU,Texas A&M,Aaron Anderson,Receiver,0,0,0.0,0,0,0,0,0.0,0,4,5,19.5,1
306,A,LSU,Texas A&M,Chris Hilton Jr.,Receiver,0,0,0.0,0,0,0,0,0.0,0,2,4,29.1,0
306,A,LSU,Texas A&M,Bauer Sharp,Receiver,0,0,0.0,0,0,0,0,0.0,0,1,1,7.4,0
306,A,LSU,Texas A&M,Other WR,Receiver,0,0,0.0,0,0,0,0,0.0,0,1,1,11.1,0
306,A,Texas A&M,LSU,Marcel Reed,QB,18,11,115.3,1,0,2,0,0.0,0,0,0,0.0,0
306,A,Texas A&M,LSU,Rueben Owens,Rusher,0,0,0.0,0,0,0,6,27.6,0,0,0,0.0,0
306,A,Texas A&M,LSU,Amari Daniels,Rusher,0,0,0.0,0,0,0,5,27.4,0,0,0,0.0,0
306,A,Texas A&M,LSU,Le'Veon Moss,Rusher,0,0,0.0,0,0,0,13,47.5,0,0,0,0.0,0
306,A,Texas A&M,LSU,Marcel Reed,Rusher,0,0,0.0,0,0,0,5,24.2,0,0,0,0.0,0
306,A,Texas A&M,LSU,E.J. Smith,Rusher,0,0,0.0,0,0,0,5,40.4,1,0,0,0.0,0
306,A,Texas A&M,LSU,Jamarion Morrow,Rusher,0,0,0.0,0,0,0,1,6.1,0,0,0,0.0,0
306,A,Texas A&M,LSU,Nate Boerkircher,Receiver,0,0,0.0,0,0,0,0,0.0,0,1,2,4.2,0
306,A,Texas A&M,LSU,Amari Niblack,Receiver,0,0,0.0,0,0,0,0,0.0,0,0,0,0.0,0
306,A,Texas A&M,LSU,Theo Melin Ohrstrom,Receiver,0,0,0.0,0,0,0,0,0.0,0,4,4,18.5,0
306,A,Texas A&M,LSU,Other WR,Receiver,0,0,0.0,0,0,0,0,0.0,0,2,3,46.8,0
306,A,Texas A&M,LSU,Kevin Concepcion,Receiver,0,0,0.0,0,0,0,0,0.0,0,3,4,35.1,1
306,A,Texas A&M,LSU,Ashton Bethel-Roman,Receiver,0,0,0.0,0,0,0,0,0.0,0,0,1,0.0,0
306,A,Texas A&M,LSU,Mario Craver,Receiver,0,0,0.0,0,0,0,0,0.0,0,1,3,10.7,0
306,A,Texas A&M,LSU,Terry Bussey,Receiver,0,0,0.0,0,0,0,0,0.0,0,0,1,0.0,0
307,B,Texas A&M,LSU,Marcel Reed,QB,23,20,281.0,3,0,1,0,0.0,0,0,0,0.0,0
307,B,Texas A&M,LSU,E.J. Smith,Rusher,0,0,0.0,0,0,0,5,34.2,0,0,0,0.0,0
307,B,Texas A&M,LSU,Le'Veon Moss,Rusher,0,0,0.0,0,0,0,17,35.2,1,0,0,0.0,0
307,B,Texas A&M,LSU,Amari Daniels,Rusher,0,0,0.0,0,0,0,8,37.8,1,0,0,0.0,0
307,B,Texas A&M,LSU,Rueben Owens,Rusher,0,0,0.0,0,0,0,4,2.9,0,0,0,0.0,0
307,B,Texas A&M,LSU,Marcel Reed,Rusher,0,0,0.0,0,0,0,4,8.0,0,0,0,0.0,0
307,B,Texas A&M,LSU,Miles O'Neill,Rusher,0,0,0.0,0,0,0,2,9.8,0,0,0,0.0,0
307,B,Texas A&M,LSU,Amari Niblack,Receiver,0,0,0.0,0,0,0,0,0.0,0,1,1,12.6,0
307,B,Texas A&M,LSU,Other WR,Receiver,0,0,0.0,0,0,0,0,0.0,0,1,1,30.2,0
307,B,Texas A&M,LSU,Ashton Bethel-Roman,Receiver,0,0,0.0,0,0,0,0,0.0,0,2,3,4.3,0
307,B,Texas A&M,LSU,Kevin Concepcion,Receiver,0,0,0.0,0,0,0,0,0.0,0,7,7,123.6,1
307,B,Texas A&M,LSU,Nate Boerkircher,Receiver,0,0,0.0,0,0,0,0,0.0,0,2,2,17.2,0
307,B,Texas A&M,LSU,Mario Craver,Receiver,0,0,0.0,0,0,0,0,0.0,0,6,7,61.9,2
307,B,Texas A&M,LSU,Terry Bussey,Receiver,0,0,0.0,0,0,0,0,0.0,0,1,2,31.1,0
307,B,LSU,Texas A&M,Garrett Nussmeier,QB,43,24,214.1,2,0,3,0,0.0,0,0,0,0.0,0
307,B,LSU,Texas A&M,Garrett Nussmeier,Rusher,0,0,0.0,0,0,0,1,2.5,0,0,0,0.0,0
307,B,LSU,Texas A&M,Ju'Juan Johnson,Rusher,0,0,0.0,0,0,0,2,8.1,0,0,0,0.0,0
307,B,LSU,Texas A&M,Caden Durham,Rusher,0,0,0.0,0,0,0,8,23.9,0,0,0,0.0,0
307,B,LSU,Texas A&M,Kaleb Jackson,Rusher,0,0,0.0,0,0,0,1,4.0,0,0,0,0.0,0
307,B,LSU,Texas A&M,Harlem Berry,Rusher,0,0,0.0,0,0,0,1,5.2,0,0,0,0.0,0
307,B,LSU,Texas A&M,Other RB,Rusher,0,0,0.0,0,0,0,1,8.5,0,0,0,0.0,0
307,B,LSU,Texas A&M,Aaron Anderson,Receiver,0,0,0.0,0,0,0,0,0.0,0,8,12,91.1,1
307,B,LSU,Texas A&M,Zavion Thomas,Receiver,0,0,0.0,0,0,0,0,0.0,0,3,3,28.7,0
307,B,LSU,Texas A&M,Barion Brown,Receiver,0,0,0.0,0,0,0,0,0.0,0,3,9,26.7,0
307,B,LSU,Texas A&M,Nic Anderson,Receiver,0,0,0.0,0,0,0,0,0.0,0,3,4,15.9,0
307,B,LSU,Texas A&M,Bauer Sharp,Receiver,0,0,0.0,0,0,0,0,0.0,0,3,6,36.1,1
307,B,LSU,Texas A&M,Kyle Parker,Receiver,0,0,0.0,0,0,0,0,0.0,0,0,1,0.0,0
307,B,LSU,Texas A&M,Other WR,Receiver,0,0,0.0,0,0,0,0,0.0,0,1,1,5.0,0
307,B,LSU,Texas A&M,Trey'Dez Green,Receiver,0,0,0.0,0,0,0,0,0.0,0,3,6,10.5,0
307,B,LSU,Texas A&M,Chris Hilton Jr.,Receiver,0,0,0.0,0,0,0,0,0.0,0,0,1,0.0,0
308,A,LSU,Texas A&M,Garrett Nussmeier,QB,30,19,264.0,1,0,0,0,0.0,0,0,0,0.0,0
308,A,LSU,Texas A&M,Caden Durham,Rusher,0,0,0.0,0,0,0,17,64.0,0,0,0,0.0,0
308,A,LSU,Texas A&M,Harlem Berry,Rusher,0,0,0.0,0,0,0,12,52.7,1,0,0,0.0,0
308,A,LSU,Texas A&M,Ju'Juan Johnson,Rusher,0,0,0.0,0,0,0,4,22.0,1,0,0,0.0,0
308,A,LSU,Texas A&M,Kaleb Jackson,Rusher,0,0,0.0,0,0,0,3,1.8,0,0,0,0.0,0
308,A,LSU,Texas A&M,Other RB,Rusher,0,0,0.0,0,0,0,3,3.1,0,0,0,0.0,0
308,A,LSU,Texas A&M,Garrett Nussmeier,Rusher,0,0,0.0,0,0,0,1,7.0,0,0,0,0.0,0
308,A,LSU,Texas A&M,Other WR,Receiver,0,0,0.0,0,0,0,0,0.0,0,2,2,47.5,0
308,A,LSU,Texas A&M,Aaron Anderson,Receiver,0,0,0.0,0,0,0,0,0.0,0,5,8,75.8,1
308,A,LSU,Texas A&M,Zavion Thomas,Receiver,0,0,0.0,0,0,0,0,0.0,0,2,4,27.3,0
308,A,LSU,Texas A&M,Kyle Parker,Receiver,0,0,0.0,0,0,0,0,0.0,0,3,3,47.2,0
308,A,LSU,Texas A&M,Barion Brown,Receiver,0,0,0.0,0,0,0,0,0.0,0,3,4,7.1,0
308,A,LSU,Texas A&M,Bauer Sharp,Receiver,0,0,0.0,0,0,0,0,0.0,0,3,3,57.2,0
308,A,LSU,Texas A&M,Chris Hilton Jr.,Receiver,0,0,0.0,0,0,0,0,0.0,0,1,4,2.0,0
308,A,LSU,Texas A&M,Trey'Dez Green,Receiver,0,0,0.0,0,0,0,0,0.0,0,0,1,0.0,0
308,A,LSU,Texas A&M,Nic Anderson,Receiver,0,0,0.0,0,0,0,0,0.0,0,0,1,0.0,0
308,A,Texas A&M,LSU,Marcel Reed,QB,21,12,106.3,0,0,6,0,0.0,0,0,0,0.0,0
308,A,Texas A&M,LSU,Marcel Reed,Rusher,0,0,0.0,0,0,0,5,16.2,0,0,0,0.0,0
308,A,Texas A&M,LSU,Le'Veon Moss,Rusher,0,0,0.0,0,0,0,9,34.7,0,0,0,0.0,0
308,A,Texas A&M,LSU,Amari Daniels,Rusher,0,0,0.0,0,0,0,2,16.9,1,0,0,0.0,0
308,A,Texas A&M,LSU,E.J. Smith,Rusher,0,0,0.0,0,0,0,3,11.9,0,0,0,0.0,0
308,A,Texas A&M,LSU,Jamarion Morrow,Rusher,0,0,0.0,0,0,0,1,8.0,0,0,0,0.0,0
308,A,Texas A&M,LSU,Amari Niblack,Receiver,0,0,0.0,0,0,0,0,0.0,0,1,2,2.1,0
308,A,Texas A&M,LSU,Other WR,Receiver,0,0,0.0,0,0,0,0,0.0,0,4,7,26.0,0
308,A,Texas A&M,LSU,Kevin Concepcion,Receiver,0,0,0.0,0,0,0,0,0.0,0,2,3,33.4,0
308,A,Texas A&M,LSU,Theo Melin Ohrstrom,Receiver,0,0,0.0,0,0,0,0,0.0,0,0,2,0.0,0
308,A,Texas A&M,LSU,Terry Bussey,Receiver,0,0,0.0,0,0,0,0,0.0,0,1,2,12.1,0
308,A,Texas A&M,LSU,Ashton Bethel-Roman,Receiver,0,0,0.0,0,0,0,0,0.0,0,2,2,32.8,0
308,A,Texas A&M,LSU,Nate Boerkircher,Receiver,0,0,0.0,0,0,0,0,0.0,0,0,0,0.0,0
308,A,Texas A&M,LSU,Mario Craver,Receiver,0,0,0.0,0,0,0,0,0.0,0,2,3,0.0,0
309,B,Texas A&M,LSU,Marcel Reed,QB,39,27,233.6,1,0,6,0,0.0,0,0,0,0.0,0
309,B,Texas A&M,LSU,Marcel Reed,Rusher,0,0,0.0,0,0,0,7,48.2,1,0,0,0.0,0
309,B,Texas A&M,LSU,Le'Veon Moss,Rusher,0,0,0.0,0,0,0,12,63.2,0,0,0,0.0,0
309,B,Texas A&M,LSU,Rueben Owens,Rusher,0,0,0.0,0,0,0,3,0.9,0,0,0,0.0,0
309,B,Texas A&M,LSU,Amari Daniels,Rusher,0,0,0.0,0,0,0,2,8.6,0,0,0,0.0,0
309,B,Texas A&M,LSU,E.J. Smith,Rusher,0,0,0.0,0,0,0,1,-4.0,0,0,0,0.0,0
309,B,Texas A&M,LSU,Kevin Concepcion,Receiver,0,0,0.0,0,0,0,0,0.0,0,7,10,58.6,0
309,B,Texas A&M,LSU,Mario Craver,Receiver,0,0,0.0,0,0,0,0,0.0,0,3,7,46.5,0
309,B,Texas A&M,LSU,Ashton Bethel-Roman,Receiver,0,0,0.0,0,0,0,0,0.0,0,4,4,36.5,0
309,B,Texas A&M,LSU,Nate Boerkircher,Receiver,0,0,0.0,0,0,0,0,0.0,0,5,5,22.4,0
309,B,Texas A&M,LSU,Other WR,Receiver,0,0,0.0,0,0,0,0,0.0,0,6,9,66.6,1
309,B,Texas A&M,LSU,Terry Bussey,Receiver,0,0,0.0,0,0,0,0,0.0,0,0,1,0.0,0
309,B,Texas A&M,LSU,Theo Melin Ohrstrom,Receiver,0,0,0.0,0,0,0,0,0.0,0,2,3,3.0,0
309,B,LSU,Texas A&M,Garrett Nussmeier,QB,11,10,112.6,1,0,1,0,0.0,0,0,0,0.0,0
309,B,LSU,Texas A&M,Ju'Juan Johnson,Rusher,0,0,0.0,0,0,0,10,39.1,2,0,0,0.0,0
309,B,LSU,Texas A&M,Caden Durham,Rusher,0,0,0.0,0,0,0,16,61.2,0,0,0,0.0,0
309,B,LSU,Texas A&M,Garrett Nussmeier,Rusher,0,0,0.0,0,0,0,4,12.7,0,0,0,0.0,0
309,B,LSU,Texas A&M,Harlem Berry,Rusher,0,0,0.0,0,0,0,2,10.5,0,0,0,0.0,0
309,B,LSU,Texas A&M,Kaleb Jackson,Rusher,0,0,0.0,0,0,0,1,4.4,0,0,0,0.0,0
309,B,LSU,Texas A&M,Other RB,Rusher,0,0,0.0,0,0,0,3,16.2,1,0,0,0.0,0
309,B,LSU,Texas A&M,Bauer Sharp,Receiver,0,0,0.0,0,0,0,0,0.0,0,1,1,17.3,0
309,B,LSU,Texas A&M,Aaron Anderson,Receiver,0,0,0.0,0,0,0,0,0.0,0,4,4,52.2,0
309,B,LSU,Texas A&M,Zavion Thomas,Receiver,0,0,0.0,0,0,0,0,0.0,0,3,4,33.0,1
309,B,LSU,Texas A&M,Barion Brown,Receiver,0,0,0.0,0,0,0,0,0.0,0,1,1,4.3,0
309,B,LSU,Texas A&M,Other WR,Receiver,0,0,0.0,0,0,0,0,0.0,0,1,1,5.8,0
310,A,LSU,Texas A&M,Garrett Nussmeier,QB,35,21,241.5,2,0,4,0,0.0,0,0,0,0.0,0
310,A,LSU,Texas A&M,Ju'Juan Johnson,Rusher,0,0,0.0,0,0,0,5,14.6,0,0,0,0.0,0
310,A,LSU,Texas A&M,Caden Durham,Rusher,0,0,0.0,0,0,0,22,109.4,2,0,0,0.0,0
310,A,LSU,Texas A&M,Other RB,Rusher,0,0,0.0,0,0,0,1,2.7,0,0,0,0.0,0
310,A,LSU,Texas A&M,Harlem Berry,Rusher,0,0,0.0,0,0,0,5,17.1,0,0,0,0.0,0
310,A,LSU,Texas A&M,Kaleb Jackson,Rusher,0,0,0.0,0,0,0,2,12.7,0,0,0,0.0,0
310,A,LSU,Texas A&M,Barion Brown,Receiver,0,0,0.0,0,0,0,0,0.0,0,4,8,51.7,0
310,A,LSU,Texas A&M,Zavion Thomas,Receiver,0,0,0.0,0,0,0,0,0.0,0,2,4,32.5,0
310,A,LSU,Texas A&M,Nic Anderson,Receiver,0,0,0.0,0,0,0,0,0.0,0,2,3,30.6,1
310,A,LSU,Texas A&M,Aaron Anderson,Receiver,0,0,0.0,0,0,0,0,0.0,0,4,6,52.1,0
310,A,LSU,Texas A&M,Bauer Sharp,Receiver,0,0,0.0,0,0,0,0,0.0,0,2,4,16.3,0
310,A,LSU,Texas A&M,Trey'Dez Green,Receiver,0,0,0.0,0,0,0,0,0.0,0,3,3,23.2,0
310,A,LSU,Texas A&M,Kyle Parker,Receiver,0,0,0.0,0,0,0,0,0.0,0,1,3,11.2,0
310,A,LSU,Texas A&M,Other WR,Receiver,0,0,0.0,0,0,0,0,0.0,0,1,2,0.0,0
310,A,LSU,Texas A&M,Chris Hilton Jr.,Receiver,0,0,0.0,0,0,0,0,0.0,0,2,2,23.9,1
310,A,Texas A&M,LSU,Marcel Reed,QB,23,20,290.8,2,0,2,0,0.0,0,0,0,0.0,0
310,A,Texas A&M,LSU,Le'Veon Moss,Rusher,0,0,0.0,0,0,0,15,67.9,1,0,0,0.0,0
310,A,Texas A&M,LSU,Marcel Reed,Rusher,0,0,0.0,0,0,0,8,30.5,1,0,0,0.0,0
310,A,Texas A&M,LSU,Jamarion Morrow,Rusher,0,0,0.0,0,0,0,2,7.2,0,0,0,0.0,0
310,A,Texas A&M,LSU,Amari Daniels,Rusher,0,0,0.0,0,0,0,2,7.4,0,0,0,0.0,0
310,A,Texas A&M,LSU,Rueben Owens,Rusher,0,0,0.0,0,0,0,1,0.5,0,0,0,0.0,0
310,A,Texas A&M,LSU,Other WR,Receiver,0,0,0.0,0,0,0,0,0.0,0,5,5,120.4,1
310,A,Texas A&M,LSU,Kevin Concepcion,Receiver,0,0,0.0,0,0,0,0,0.0,0,7,9,68.8,0
310,A,Texas A&M,LSU,Mario Craver,Receiver,0,0,0.0,0,0,0,0,0.0,0,4,4,54.7,0
310,A,Texas A&M,LSU,Theo Melin Ohrstrom,Receiver,0,0,0.0,0,0,0,0,0.0,0,1,2,18.2,0
310,A,Texas A&M,LSU,Terry Bussey,Receiver,0,0,0.0,0,0,0,0,0.0,0,1,1,20.2,1
310,A,Texas A&M,LSU,Nate Boerkircher,Receiver,0,0,0.0,0,0,0,0,0.0,0,1,1,8.4,0
310,A,Texas A&M,LSU,Ashton Bethel-Roman,Receiver,0,0,0.0,0,0,0,0,0.0,0,1,1,0.0,0
311,B,Texas A&M,LSU,Marcel Reed,QB,24,18,260.2,2,0,4,0,0.0,0,0,0,0.0,0
311,B,Texas A&M,LSU,Marcel Reed,Rusher,0,0,0.0,0,0,0,4,-1.4,0,0,0,0.0,0
311,B,Texas A&M,LSU,Miles O'Neill,Rusher,0,0,0.0,0,0,0,1,14.4,0,0,0,0.0,0
311,B,Texas A&M,LSU,Amari Daniels,Rusher,0,0,0.0,0,0,0,7,20.9,1,0,0,0.0,0
311,B,Texas A&M,LSU,Rueben Owens,Rusher,0,0,0.0,0,0,0,4,-4.1,0,0,0,0.0,0
311,B,Texas A&M,LSU,Le'Veon Moss,Rusher,0,0,0.0,0,0,0,10,41.4,0,0,0,0.0,0
311,B,Texas A&M,LSU,Kevin Concepcion,Receiver,0,0,0.0,0,0,0,0,0.0,0,5,7,52.4,0
311,B,Texas A&M,LSU,Other WR,Receiver,0,0,0.0,0,0,0,0,0.0,0,6,7,102.2,1
311,B,Texas A&M,LSU,Mario Craver,Receiver,0,0,0.0,0,0,0,0,0.0,0,4,6,62.6,0
311,B,Texas A&M,LSU,Ashton Bethel-Roman,Receiver,0,0,0.0,0,0,0,0,0.0,0,0,1,0.0,0
311,B,Texas A&M,LSU,Theo Melin Ohrstrom,Receiver,0,0,0.0,0,0,0,0,0.0,0,1,1,12.1,0
311,B,Texas A&M,LSU,Amari Niblack,Receiver,0,0,0.0,0,0,0,0,0.0,0,1,1,10.4,0
311,B,Texas A&M,LSU,Nate Boerkircher,Receiver,0,0,0.0,0,0,0,0,0.0,0,1,1,20.3,1
311,B,LSU,Texas A&M,Garrett Nussmeier,QB,31,14,157.0,1,0,5,0,0.0,0,0,0,0.0,0
311,B,LSU,Texas A&M,Garrett Nussmeier,Rusher,0,0,0.0,0,0,0,3,20.7,0,0,0,0.0,0
311,B,LSU,Texas A&M,Caden Durham,Rusher,0,0,0.0,0,0,0,13,58.6,1,0,0,0.0,0
311,B,LSU,Texas A&M,Ju'Juan Johnson,Rusher,0,0,0.0,0,0,0,3,21.5,0,0,0,0.0,0
311,B,LSU,Texas A&M,Other RB,Rusher,0,0,0.0,0,0,0,2,13.2,0,0,0,0.0,0
311,B,LSU,Texas A&M,Harlem Berry,Rusher,0,0,0.0,0,0,0,10,10.3,0,0,0,0.0,0
311,B,LSU,Texas A&M,Kaleb Jackson,Rusher,0,0,0.0,0,0,0,1,16.5,1,0,0,0.0,0
311,B,LSU,Texas A&M,Zavion Thomas,Receiver,0,0,0.0,0,0,0,0,0.0,0,1,5,12.6,0
311,B,LSU,Texas A&M,Trey'Dez Green,Receiver,0,0,0.0,0,0,0,0,0.0,0,1,2,3.5,0
311,B,LSU,Texas A&M,Barion Brown,Receiver,0,0,0.0,0,0,0,0,0.0,0,2,2,4.7,0
311,B,LSU,Texas A&M,Bauer Sharp,Receiver,0,0,0.0,0,0,0,0,0.0,0,5,7,61.3,0
311,B,LSU,Texas A&M,Aaron Anderson,Receiver,0,0,0.0,0,0,0,0,0.0,0,3,7,44.8,1
311,B,LSU,Texas A&M,Kyle Parker,Receiver,0,0,0.0,0,0,0,0,0.0,0,1,6,12.2,0
311,B,LSU,Texas A&M,Nic Anderson,Receiver,0,0,0.0,0,0,0,0,0.0,0,0,1,0.0,0
311,B,LSU,Texas A&M,Chris Hilton Jr.,Receiver,0,0,0.0,0,0,0,0,0.0,0,1,1,17.8,0
312,A,LSU,Texas A&M,Garrett Nussmeier,QB,24,17,211.3,1,0,0,0,0.0,0,0,0,0.0,0
312,A,LSU,Texas A&M,Ju'Juan Johnson,Rusher,0,0,0.0,0,0,0,8,50.3,1,0,0,0.0,0
312,A,LSU,Texas A&M,Caden Durham,Rusher,0,0,0.0,0,0,0,9,35.9,1,0,0,0.0,0
312,A,LSU,Texas A&M,Other RB,Rusher,0,0,0.0,0,0,0,3,4.9,0,0,0,0.0,0
312,A,LSU,Texas A&M,Harlem Berry,Rusher,0,0,0.0,0,0,0,3,11.3,0,0,0,0.0,0
312,A,LSU,Texas A&M,Kaleb Jackson,Rusher,0,0,0.0,0,0,0,1,11.3,0,0,0,0.0,0
312,A,LSU,Texas A&M,Garrett Nussmeier,Rusher,0,0,0.0,0,0,0,2,4.5,0,0,0,0.0,0
312,A,LSU,Texas A&M,Other WR,Receiver,0,0,0.0,0,0,0,0,0.0,0,2,2,57.9,0
312,A,LSU,Texas A&M,Bauer Sharp,Receiver,0,0,0.0,0,0,0,0,0.0,0,4,4,62.9,0
312,A,LSU,Texas A&M,Nic Anderson,Receiver,0,0,0.0,0,0,0,0,0.0,0,3,3,20.0,0
312,A,LSU,Texas A&M,Trey'Dez Green,Receiver,0,0,0.0,0,0,0,0,0.0,0,2,3,24.3,0
312,A,LSU,Texas A&M,Zavion Thomas,Receiver,0,0,0.0,0,0,0,0,0.0,0,2,2,12.1,0
312,A,LSU,Texas A&M,Chris Hilton Jr.,Receiver,0,0,0.0,0,0,0,0,0.0,0,1,2,3.9,0
312,A,LSU,Texas A&M,Aaron Anderson,Receiver,0,0,0.0,0,0,0,0,0.0,0,2,5,30.1,1
312,A,LSU,Texas A&M,Kyle Parker,Receiver,0,0,0.0,0,0,0,0,0.0,0,0,1,0.0,0
312,A,LSU,Texas A&M,Barion Brown,Receiver,0,0,0.0,0,0,0,0,0.0,0,1,2,0.0,0
312,A,Texas A&M,LSU,Marcel Reed,QB,27,19,277.0,1,0,0,0,0.0,0,0,0,0.0,0
312,A,Texas A&M,LSU,Marcel Reed,Rusher,0,0,0.0,0,0,0,10,38.1,1,0,0,0.0,0
312,A,Texas A&M,LSU,Amari Daniels,Rusher,0,0,0.0,0,0,0,8,43.9,2,0,0,0.0,0
312,A,Texas A&M,LSU,Le'Veon Moss,Rusher,0,0,0.0,0,0,0,19,79.8,1,0,0,0.0,0
312,A,Texas A&M,LSU,Rueben Owens,Rusher,0,0,0.0,0,0,0,4,10.8,0,0,0,0.0,0
312,A,Texas A&M,LSU,Kevin Concepcion,Receiver,0,0,0.0,0,0,0,0,0.0,0,6,8,87.8,0
312,A,Texas A&M,LSU,Theo Melin Ohrstrom,Receiver,0,0,0.0,0,0,0,0,0.0,0,2,3,44.0,1
312,A,Texas A&M,LSU,Ashton Bethel-Roman,Receiver,0,0,0.0,0,0,0,0,0.0,0,4,5,61.4,0
312,A,Texas A&M,LSU,Mario Craver,Receiver,0,0,0.0,0,0,0,0,0.0,0,4,6,37.1,0
312,A,Texas A&M,LSU,Terry Bussey,Receiver,0,0,0.0,0,0,0,0,0.0,0,1,1,17.3,0
312,A,Texas A&M,LSU,Other WR,Receiver,0,0,0.0,0,0,0,0,0.0,0,2,3,29.4,0
312,A,Texas A&M,LSU,Amari Niblack,Receiver,0,0,0.0,0,0,0,0,0.0,0,0,1,0.0,0
313,B,Texas A&M,LSU,Marcel Reed,QB,24,15,177.4,2,0,4,0,0.0,0,0,0,0.0,0
313,B,Texas A&M,LSU,Marcel Reed,Rusher,0,0,0.0,0,0,0,7,25.6,0,0,0,0.0,0
313,B,Texas A&M,LSU,Amari Daniels,Rusher,0,0,0.0,0,0,0,3,4.3,0,0,0,0.0,0
313,B,Texas A&M,LSU,Le'Veon Moss,Rusher,0,0,0.0,0,0,0,12,32.3,0,0,0,0.0,0
313,B,Texas A&M,LSU,Jamarion Morrow,Rusher,0,0,0.0,0,0,0,1,-0.6,0,0,0,0.0,0
313,B,Texas A&M,LSU,Rueben Owens,Rusher,0,0,0.0,0,0,0,2,7.4,0,0,0,0.0,0
313,B,Texas A&M,LSU,E.J. Smith,Rusher,0,0,0.0,0,0,0,3,19.4,0,0,0,0.0,0
313,B,Texas A&M,LSU,Miles O'Neill,Rusher,0,0,0.0,0,0,0,1,2.3,0,0,0,0.0,0
313,B,Texas A&M,LSU,Ashton Bethel-Roman,Receiver,0,0,0.0,0,0,0,0,0.0,0,4,5,37.8,1
313,B,Texas A&M,LSU,Other WR,Receiver,0,0,0.0,0,0,0,0,0.0,0,4,5,63.9,0
313,B,Texas A&M,LSU,Mario Craver,Receiver,0,0,0.0,0,0,0,0,0.0,0,3,7,30.0,1
313,B,Texas A&M,LSU,Kevin Concepcion,Receiver,0,0,0.0,0,0,0,0,0.0,0,1,3,18.0,0
313,B,Texas A&M,LSU,Nate Boerkircher,Receiver,0,0,0.0,0,0,0,0,0.0,0,0,0,0.0,0
313,B,Texas A&M,LSU,Terry Bussey,Receiver,0,0,0.0,0,0,0,0,0.0,0,1,2,3.2,0
313,B,Texas A&M,LSU,Theo Melin Ohrstrom,Receiver,0,0,0.0,0,0,0,0,0.0,0,2,2,24.5,0
313,B,LSU,Texas A&M,Garrett Nussmeier,QB,35,19,188.0,1,0,0,0,0.0,0,0,0,0.0,0
313,B,LSU,Texas A&M,Caden Durham,Rusher,0,0,0.0,0,0,0,18,112.8,2,0,0,0.0,0
313,B,LSU,Texas A&M,Harlem Berry,Rusher,0,0,0.0,0,0,0,5,32.8,1,0,0,0.0,0
313,B,LSU,Texas A&M,Kaleb Jackson,Rusher,0,0,0.0,0,0,0,1,6.9,0,0,0,0.0,0
313,B,LSU,Texas A&M,Garrett Nussmeier,Rusher,0,0,0.0,0,0,0,1,-3.9,0,0,0,0.0,0
313,B,LSU,Texas A&M,Other RB,Rusher,0,0,0.0,0,0,0,3,-11.0,0,0,0,0.0,0
313,B,LSU,Texas A&M,Ju'Juan Johnson,Rusher,0,0,0.0,0,0,0,4,11.6,0,0,0,0.0,0
313,B,LSU,Texas A&M,Aaron Anderson,Receiver,0,0,0.0,0,0,0,0,0.0,0,1,5,15.9,0
313,B,LSU,Texas A&M,Barion Brown,Receiver,0,0,0.0,0,0,0,0,0.0,0,5,11,56.7,1
313,B,LSU,Texas A&M,Trey'Dez Green,Receiver,0,0,0.0,0,0,0,0,0.0,0,1,2,0.0,0
313,B,LSU,Texas A&M,Nic Anderson,Receiver,0,0,0.0,0,0,0,0,0.0,0,4,4,13.3,0
313,B,LSU,Texas A&M,Bauer Sharp,Receiver,0,0,0.0,0,0,0,0,0.0,0,2,3,30.2,0
313,B,LSU,Texas A&M,Kyle Parker,Receiver,0,0,0.0,0,0,0,0,0.0,0,2,3,32.5,0
313,B,LSU,Texas A&M,Other WR,Receiver,0,0,0.0,0,0,0,0,0.0,0,0,2,0.0,0
313,B,LSU,Texas A&M,Chris Hilton Jr.,Receiver,0,0,0.0,0,0,0,0,0.0,0,1,1,8.3,0
313,B,LSU,Texas A&M,Zavion Thomas,Receiver,0,0,0.0,0,0,0,0,0.0,0,3,4,31.2,0
314,A,LSU,Texas A&M,Garrett Nussmeier,QB,35,21,175.7,0,0,3,0,0.0,0,0,0,0.0,0
314,A,LSU,Texas A&M,Caden Durham,Rusher,0,0,0.0,0,0,0,11,69.6,0,0,0,0.0,0
314,A,LSU,Texas A&M,Harlem Berry,Rusher,0,0,0.0,0,0,0,3,2.3,0,0,0,0.0,0
314,A,LSU,Texas A&M,Ju'Juan Johnson,Rusher,0,0,0.0,0,0,0,7,15.4,0,0,0,0.0,0
314,A,LSU,Texas A&M,Garrett Nussmeier,Rusher,0,0,0.0,0,0,0,4,25.7,0,0,0,0.0,0
314,A,LSU,Texas A&M,Other RB,Rusher,0,0,0.0,0,0,0,4,-2.9,0,0,0,0.0,0
314,A,LSU,Texas A&M,Aaron Anderson,Receiver,0,0,0.0,0,0,0,0,0.0,0,5,10,43.1,0
314,A,LSU,Texas A&M,Zavion Thomas,Receiver,0,0,0.0,0,0,0,0,0.0,0,3,5,10.9,0
314,A,LSU,Texas A&M,Barion Brown,Receiver,0,0,0.0,0,0,0,0,0.0,0,8,11,87.4,0
314,A,LSU,Texas A&M,Bauer Sharp,Receiver,0,0,0.0,0,0,0,0,0.0,0,1,2,2.3,0
314,A,LSU,Texas A&M,Nic Anderson,Receiver,0,0,0.0,0,0,0,0,0.0,0,1,2,4.9,0
314,A,LSU,Texas A&M,Other WR,Receiver,0,0,0.0,0,0,0,0,0.0,0,0,0,0.0,0
314,A,LSU,Texas A&M,Kyle Parker,Receiver,0,0,0.0,0,0,0,0,0.0,0,0,2,0.0,0
314,A,LSU,Texas A&M,Trey'Dez Green,Receiver,0,0,0.0,0,0,0,0,0.0,0,3,3,27.1,0
314,A,Texas A&M,LSU,Marcel Reed,QB,26,17,203.4,2,1,2,0,0.0,0,0,0,0.0,0
314,A,Texas A&M,LSU,Amari Daniels,Rusher,0,0,0.0,0,0,0,6,17.0,0,0,0,0.0,0
314,A,Texas A&M,LSU,E.J. Smith,Rusher,0,0,0.0,0,0,0,5,8.7,0,0,0,0.0,0
314,A,Texas A&M,LSU,Rueben Owens,Rusher,0,0,0.0,0,0,0,4,26.7,0,0,0,0.0,0
314,A,Texas A&M,LSU,Le'Veon Moss,Rusher,0,0,0.0,0,0,0,8,35.6,0,0,0,0.0,0
314,A,Texas A&M,LSU,Marcel Reed,Rusher,0,0,0.0,0,0,0,7,20.6,0,0,0,0.0,0
314,A,Texas A&M,LSU,Terry Bussey,Receiver,0,0,0.0,0,0,0,0,0.0,0,2,3,8.9,0
314,A,Texas A&M,LSU,Mario Craver,Receiver,0,0,0.0,0,0,0,0,0.0,0,5,7,51.1,1
314,A,Texas A&M,LSU,Ashton Bethel-Roman,Receiver,0,0,0.0,0,0,0,0,0.0,0,1,1,0.0,0
314,A,Texas A&M,LSU,Nate Boerkircher,Receiver,0,0,0.0,0,0,0,0,0.0,0,3,3,52.6,0
314,A,Texas A&M,LSU,Other WR,Receiver,0,0,0.0,0,0,0,0,0.0,0,1,4,34.2,1
314,A,Texas A&M,LSU,Amari Niblack,Receiver,0,0,0.0,0,0,0,0,0.0,0,2,2,37.4,0
314,A,Texas A&M,LSU,Theo Melin Ohrstrom,Receiver,0,0,0.0,0,0,0,0,0.0,0,1,2,0.0,0
314,A,Texas A&M,LSU,Kevin Concepcion,Receiver,0,0,0.0,0,0,0,0,0.0,0,2,4,19.1,0
315,B,Texas A&M,LSU,Marcel Reed,QB,28,20,230.4,0,0,4,0,0.0,0,0,0,0.0,0
315,B,Texas A&M,LSU,Le'Veon Moss,Rusher,0,0,0.0,0,0,0,17,83.9,2,0,0,0.0,0
315,B,Texas A&M,LSU,Rueben Owens,Rusher,0,0,0.0,0,0,0,5,4.9,0,0,0,0.0,0
315,B,Texas A&M,LSU,Marcel Reed,Rusher,0,0,0.0,0,0,0,9,56.8,0,0,0,0.0,0
315,B,Texas A&M,LSU,E.J. Smith,Rusher,0,0,0.0,0,0,0,1,7.6,0,0,0,0.0,0
315,B,Texas A&M,LSU,Amari Daniels,Rusher,0,0,0.0,0,0,0,4,24.6,0,0,0,0.0,0
315,B,Texas A&M,LSU,Kevin Concepcion,Receiver,0,0,0.0,0,0,0,0,0.0,0,5,8,79.0,0
315,B,Texas A&M,LSU,Other WR,Receiver,0,0,0.0,0,0,0,0,0.0,0,3,4,81.9,0
315,B,Texas A&M,LSU,Mario Craver,Receiver,0,0,0.0,0,0,0,0,0.0,0,4,6,7.9,0
315,B,Texas A&M,LSU,Amari Niblack,Receiver,0,0,0.0,0,0,0,0,0.0,0,1,1,7.2,0
315,B,Texas A&M,LSU,Terry Bussey,Receiver,0,0,0.0,0,0,0,0,0.0,0,2,2,26.9,0
315,B,Texas A&M,LSU,Theo Melin Ohrstrom,Receiver,0,0,0.0,0,0,0,0,0.0,0,1,3,12.8,0
315,B,Texas A&M,LSU,Ashton Bethel-Roman,Receiver,0,0,0.0,0,0,0,0,0.0,0,3,3,14.7,0
315,B,Texas A&M,LSU,Nate Boerkircher,Receiver,0,0,0.0,0,0,0,0,0.0,0,1,1,0.0,0
315,B,LSU,Texas A&M,Garrett Nussmeier,QB,27,17,174.8,2,0,3,0,0.0,0,0,0,0.0,0
315,B,LSU,Texas A&M,Caden Durham,Rusher,0,0,0.0,0,0,0,12,27.5,0,0,0,0.0,0
315,B,LSU,Texas A&M,Kaleb Jackson,Rusher,0,0,0.0,0,0,0,2,4.9,0,0,0,0.0,0
315,B,LSU,Texas A&M,Harlem Berry,Rusher,0,0,0.0,0,0,0,3,5.1,0,0,0,0.0,0
315,B,LSU,Texas A&M,Ju'Juan Johnson,Rusher,0,0,0.0,0,0,0,5,26.7,0,0,0,0.0,0
315,B,LSU,Texas A&M,Other RB,Rusher,0,0,0.0,0,0,0,2,7.2,0,0,0,0.0,0
315,B,LSU,Texas A&M,Aaron Anderson,Receiver,0,0,0.0,0,0,0,0,0.0,0,5,8,60.1,1
315,B,LSU,Texas A&M,Trey'Dez Green,Receiver,0,0,0.0,0,0,0,0,0.0,0,1,3,8.4,0
315,B,LSU,Texas A&M,Nic Anderson,Receiver,0,0,0.0,0,0,0,0,0.0,0,2,2,16.0,0
315,B,LSU,Texas A&M,Chris Hilton Jr.,Receiver,0,0,0.0,0,0,0,0,0.0,0,1,2,3.6,0
315,B,LSU,Texas A&M,Barion Brown,Receiver,0,0,0.0,0,0,0,0,0.0,0,2,3,34.7,0
315,B,LSU,Texas A&M,Other WR,Receiver,0,0,0.0,0,0,0,0,0.0,0,1,2,3.5,0
315,B,LSU,Texas A&M,Kyle Parker,Receiver,0,0,0.0,0,0,0,0,0.0,0,2,2,14.9,0
315,B,LSU,Texas A&M,Zavion Thomas,Receiver,0,0,0.0,0,0,0,0,0.0,0,2,3,18.7,1
315,B,LSU,Texas A&M,Bauer Sharp,Receiver,0,0,0.0,0,0,0,0,0.0,0,1,2,15.0,0
316,A,LSU,Texas A&M,Garrett Nussmeier,QB,25,14,129.2,0,0,2,0,0.0,0,0,0,0.0,0
316,A,LSU,Texas A&M,Caden Durham,Rusher,0,0,0.0,0,0,0,24,137.2,1,0,0,0.0,0
316,A,LSU,Texas A&M,Ju'Juan Johnson,Rusher,0,0,0.0,0,0,0,10,29.6,0,0,0,0.0,0
316,A,LSU,Texas A&M,Harlem Berry,Rusher,0,0,0.0,0,0,0,6,15.3,0,0,0,0.0,0
316,A,LSU,Texas A&M,Garrett Nussmeier,Rusher,0,0,0.0,0,0,0,2,2.8,0,0,0,0.0,0
316,A,LSU,Texas A&M,Other RB,Rusher,0,0,0.0,0,0,0,2,10.1,0,0,0,0.0,0
316,A,LSU,Texas A&M,Kaleb Jackson,Rusher,0,0,0.0,0,0,0,1,3.3,0,0,0,0.0,0
316,A,LSU,Texas A&M,Chris Hilton Jr.,Receiver,0,0,0.0,0,0,0,0,0.0,0,1,1,20.3,0
316,A,LSU,Texas A&M,Kyle Parker,Receiver,0,0,0.0,0,0,0,0,0.0,0,1,1,0.0,0
316,A,LSU,Texas A&M,Nic Anderson,Receiver,0,0,0.0,0,0,0,0,0.0,0,3,4,36.6,0
316,A,LSU,Texas A&M,Trey'Dez Green,Receiver,0,0,0.0,0,0,0,0,0.0,0,2,2,17.6,0
316,A,LSU,Texas A&M,Barion Brown,Receiver,0,0,0.0,0,0,0,0,0.0,0,4,8,27.5,0
316,A,LSU,Texas A&M,Aaron Anderson,Receiver,0,0,0.0,0,0,0,0,0.0,0,2,4,21.1,0
316,A,LSU,Texas A&M,Zavion Thomas,Receiver,0,0,0.0,0,0,0,0,0.0,0,1,2,6.0,0
316,A,LSU,Texas A&M,Bauer Sharp,Receiver,0,0,0.0,0,0,0,0,0.0,0,0,1,0.0,0
316,A,LSU,Texas A&M,Other WR,Receiver,0,0,0.0,0,0,0,0,0.0,0,0,2,0.0,0
316,A,Texas A&M,LSU,Marcel Reed,QB,20,9,118.0,1,0,2,0,0.0,0,0,0,0.0,0
316,A,Texas A&M,LSU,Jamarion Morrow,Rusher,0,0,0.0,0,0,0,2,21.9,0,0,0,0.0,0
316,A,Texas A&M,LSU,Rueben Owens,Rusher,0,0,0.0,0,0,0,3,1.7,0,0,0,0.0,0
316,A,Texas A&M,LSU,Marcel Reed,Rusher,0,0,0.0,0,0,0,5,37.1,0,0,0,0.0,0
316,A,Texas A&M,LSU,Amari Daniels,Rusher,0,0,0.0,0,0,0,4,26.0,1,0,0,0.0,0
316,A,Texas A&M,LSU,Le'Veon Moss,Rusher,0,0,0.0,0,0,0,13,70.8,0,0,0,0.0,0
316,A,Texas A&M,LSU,E.J. Smith,Rusher,0,0,0.0,0,0,0,1,6.1,0,0,0,0.0,0
316,A,Texas A&M,LSU,Kevin Concepcion,Receiver,0,0,0.0,0,0,0,0,0.0,0,0,2,0.0,0
316,A,Texas A&M,LSU,Other WR,Receiver,0,0,0.0,0,0,0,0,0.0,0,4,6,47.3,1
316,A,Texas A&M,LSU,Theo Melin Ohrstrom,Receiver,0,0,0.0,0,0,0,0,0.0,0,2,2,29.9,0
316,A,Texas A&M,LSU,Terry Bussey,Receiver,0,0,0.0,0,0,0,0,0.0,0,0,2,0.0,0
316,A,Texas A&M,LSU,Mario Craver,Receiver,0,0,0.0,0,0,0,0,0.0,0,1,4,0.0,0
316,A,Texas A&M,LSU,Amari Niblack,Receiver,0,0,0.0,0,0,0,0,0.0,0,0,1,0.0,0
316,A,Texas A&M,LSU,Nate Boerkircher,Receiver,0,0,0.0,0,0,0,0,0.0,0,0,1,0.0,0
316,A,Texas A&M,LSU,Ashton Bethel-Roman,Receiver,0,0,0.0,0,0,0,0,0.0,0,2,2,40.8,0
317,B,Texas A&M,LSU,Marcel Reed,QB,29,19,252.6,1,0,2,0,0.0,0,0,0,0.0,0
317,B,Texas A&M,LSU,Le'Veon Moss,Rusher,0,0,0.0,0,0,0,13,49.0,1,0,0,0.0,0
317,B,Texas A&M,LSU,Marcel Reed,Rusher,0,0,0.0,0,0,0,8,49.1,1,0,0,0.0,0
317,B,Texas A&M,LSU,Rueben Owens,Rusher,0,0,0.0,0,0,0,4,45.8,1,0,0,0.0,0
317,B,Texas A&M,LSU,Amari Daniels,Rusher,0,0,0.0,0,0,0,6,15.7,0,0,0,0.0,0
317,B,Texas A&M,LSU,Miles O'Neill,Rusher,0,0,0.0,0,0,0,2,17.9,0,0,0,0.0,0
317,B,Texas A&M,LSU,Jamarion Morrow,Rusher,0,0,0.0,0,0,0,2,17.7,0,0,0,0.0,0
317,B,Texas A&M,LSU,Terry Bussey,Receiver,0,0,0.0,0,0,0,0,0.0,0,3,3,26.0,0
317,B,Texas A&M,LSU,Kevin Concepcion,Receiver,0,0,0.0,0,0,0,0,0.0,0,6,10,98.2,0
317,B,Texas A&M,LSU,Other WR,Receiver,0,0,0.0,0,0,0,0,0.0,0,5,8,71.8,0
317,B,Texas A&M,LSU,Ashton Bethel-Roman,Receiver,0,0,0.0,0,0,0,0,0.0,0,0,1,0.0,0
317,B,Texas A&M,LSU,Nate Boerkircher,Receiver,0,0,0.0,0,0,0,0,0.0,0,1,1,13.3,0
317,B,Texas A&M,LSU,Mario Craver,Receiver,0,0,0.0,0,0,0,0,0.0,0,2,4,26.0,0
317,B,Texas A&M,LSU,Theo Melin Ohrstrom,Receiver,0,0,0.0,0,0,0,0,0.0,0,2,2,17.3,1
317,B,LSU,Texas A&M,Garrett Nussmeier,QB,31,22,266.4,1,0,3,0,0.0,0,0,0,0.0,0
317,B,LSU,Texas A&M,Caden Durham,Rusher,0,0,0.0,0,0,0,11,61.9,1,0,0,0.0,0
317,B,LSU,Texas A&M,Ju'Juan Johnson,Rusher,0,0,0.0,0,0,0,5,25.5,0,0,0,0.0,0
317,B,LSU,Texas A&M,Harlem Berry,Rusher,0,0,0.0,0,0,0,2,23.3,0,0,0,0.0,0
317,B,LSU,Texas A&M,Other RB,Rusher,0,0,0.0,0,0,0,4,13.6,0,0,0,0.0,0
317,B,LSU,Texas A&M,Garrett Nussmeier,Rusher,0,0,0.0,0,0,0,1,5.4,0,0,0,0.0,0
317,B,LSU,Texas A&M,Aaron Anderson,Receiver,0,0,0.0,0,0,0,0,0.0,0,4,4,67.8,0
317,B,LSU,Texas A&M,Zavion Thomas,Receiver,0,0,0.0,0,0,0,0,0.0,0,3,4,17.4,0
317,B,LSU,Texas A&M,Kyle Parker,Receiver,0,0,0.0,0,0,0,0,0.0,0,2,4,21.5,0
317,B,LSU,Texas A&M,Barion Brown,Receiver,0,0,0.0,0,0,0,0,0.0,0,5,9,66.4,1
317,B,LSU,Texas A&M,Other WR,Receiver,0,0,0.0,0,0,0,0,0.0,0,4,4,47.1,0
317,B,LSU,Texas A&M,Nic Anderson,Receiver,0,0,0.0,0,0,0,0,0.0,0,2,3,20.6,0
317,B,LSU,Texas A&M,Trey'Dez Green,Receiver,0,0,0.0,0,0,0,0,0.0,0,1,2,18.5,0
317,B,LSU,Texas A&M,Bauer Sharp,Receiver,0,0,0.0,0,0,0,0,0.0,0,1,1,7.2,0
318,A,LSU,Texas A&M,Garrett Nussmeier,QB,27,16,139.6,0,0,2,0,0.0,0,0,0,0.0,0
318,A,LSU,Texas A&M,Caden Durham,Rusher,0,0,0.0,0,0,0,13,53.6,0,0,0,0.0,0
318,A,LSU,Texas A&M,Harlem Berry,Rusher,0,0,0.0,0,0,0,4,20.8,1,0,0,0.0,0
318,A,LSU,Texas A&M,Garrett Nussmeier,Rusher,0,0,0.0,0,0,0,5,21.1,0,0,0,0.0,0
318,A,LSU,Texas A&M,Ju'Juan Johnson,Rusher,0,0,0.0,0,0,0,4,15.5,0,0,0,0.0,0
318,A,LSU,Texas A&M,Kaleb Jackson,Rusher,0,0,0.0,0,0,0,2,8.8,0,0,0,0.0,0
318,A,LSU,Texas A&M,Other RB,Rusher,0,0,0.0,0,0,0,4,13.6,1,0,0,0.0,0
318,A,LSU,Texas A&M,Kyle Parker,Receiver,0,0,0.0,0,0,0,0,0.0,0,1,2,6.3,0
318,A,LSU,Texas A&M,Zavion Thomas,Receiver,0,0,0.0,0,0,0,0,0.0,0,4,6,51.2,0
318,A,LSU,Texas A&M,Bauer Sharp,Receiver,0,0,0.0,0,0,0,0,0.0,0,1,4,0.0,0
318,A,LSU,Texas A&M,Other WR,Receiver,0,0,0.0,0,0,0,0,0.0,0,2,2,28.4,0
318,A,LSU,Texas A&M,Barion Brown,Receiver,0,0,0.0,0,0,0,0,0.0,0,2,6,12.0,0
318,A,LSU,Texas A&M,Trey'Dez Green,Receiver,0,0,0.0,0,0,0,0,0.0,0,4,4,41.7,0
318,A,LSU,Texas A&M,Nic Anderson,Receiver,0,0,0.0,0,0,0,0,0.0,0,1,1,0.0,0
318,A,LSU,Texas A&M,Chris Hilton Jr.,Receiver,0,0,0.0,0,0,0,0,0.0,0,0,1,0.0,0
318,A,LSU,Texas A&M,Aaron Anderson,Receiver,0,0,0.0,0,0,0,0,0.0,0,1,1,0.0,0
318,A,Texas A&M,LSU,Marcel Reed,QB,28,17,221.9,1,0,6,0,0.0,0,0,0,0.0,0
318,A,Texas A&M,LSU,Amari Daniels,Rusher,0,0,0.0,0,0,0,4,7.3,0,0,0,0.0,0
318,A,Texas A&M,LSU,Marcel Reed,Rusher,0,0,0.0,0,0,0,7,39.2,0,0,0,0.0,0
318,A,Texas A&M,LSU,Le'Veon Moss,Rusher,0,0,0.0,0,0,0,14,69.0,2,0,0,0.0,0
318,A,Texas A&M,LSU,Rueben Owens,Rusher,0,0,0.0,0,0,0,3,17.3,0,0,0,0.0,0
318,A,Texas A&M,LSU,E.J. Smith,Rusher,0,0,0.0,0,0,0,1,2.6,0,0,0,0.0,0
318,A,Texas A&M,LSU,Ashton Bethel-Roman,Receiver,0,0,0.0,0,0,0,0,0.0,0,0,3,0.0,0
318,A,Texas A&M,LSU,Kevin Concepcion,Receiver,0,0,0.0,0,0,0,0,0.0,0,3,6,28.6,0
318,A,Texas A&M,LSU,Mario Craver,Receiver,0,0,0.0,0,0,0,0,0.0,0,5,7,65.1,1
318,A,Texas A&M,LSU,Theo Melin Ohrstrom,Receiver,0,0,0.0,0,0,0,0,0.0,0,3,3,35.3,0
318,A,Texas A&M,LSU,Other WR,Receiver,0,0,0.0,0,0,0,0,0.0,0,2,3,22.4,0
318,A,Texas A&M,LSU,Amari Niblack,Receiver,0,0,0.0,0,0,0,0,0.0,0,0,1,0.0,0
318,A,Texas A&M,LSU,Terry Bussey,Receiver,0,0,0.0,0,0,0,0,0.0,0,3,3,50.6,0
318,A,Texas A&M,LSU,Nate Boerkircher,Receiver,0,0,0.0,0,0,0,0,0.0,0,1,2,19.9,0
319,B,Texas A&M,LSU,Marcel Reed,QB,20,9,93.0,0,0,13,0,0.0,0,0,0,0.0,0
319,B,Texas A&M,LSU,Le'Veon Moss,Rusher,0,0,0.0,0,0,0,11,42.6,0,0,0,0.0,0
319,B,Texas A&M,LSU,Amari Daniels,Rusher,0,0,0.0,0,0,0,9,53.9,0,0,0,0.0,0
319,B,Texas A&M,LSU,Rueben Owens,Rusher,0,0,0.0,0,0,0,4,44.9,2,0,0,0.0,0
319,B,Texas A&M,LSU,Marcel Reed,Rusher,0,0,0.0,0,0,0,7,24.4,0,0,0,0.0,0
319,B,Texas A&M,LSU,E.J. Smith,Rusher,0,0,0.0,0,0,0,2,4.1,0,0,0,0.0,0
319,B,Texas A&M,LSU,Jamarion Morrow,Rusher,0,0,0.0,0,0,0,1,3.0,0,0,0,0.0,0
319,B,Texas A&M,LSU,Kevin Concepcion,Receiver,0,0,0.0,0,0,0,0,0.0,0,1,2,7.5,0
319,B,Texas A&M,LSU,Amari Niblack,Receiver,0,0,0.0,0,0,0,0,0.0,0,2,2,20.8,0
319,B,Texas A&M,LSU,Mario Craver,Receiver,0,0,0.0,0,0,0,0,0.0,0,3,5,40.9,0
319,B,Texas A&M,LSU,Other WR,Receiver,0,0,0.0,0,0,0,0,0.0,0,1,4,10.0,0
319,B,Texas A&M,LSU,Ashton Bethel-Roman,Receiver,0,0,0.0,0,0,0,0,0.0,0,1,3,7.8,0
319,B,Texas A&M,LSU,Terry Bussey,Receiver,0,0,0.0,0,0,0,0,0.0,0,1,1,5.9,0
319,B,Texas A&M,LSU,Theo Melin Ohrstrom,Receiver,0,0,0.0,0,0,0,0,0.0,0,0,3,0.0,0
319,B,LSU,Texas A&M,Garrett Nussmeier,QB,23,12,136.0,1,0,0,0,0.0,0,0,0,0.0,0
319,B,LSU,Texas A&M,Ju'Juan Johnson,Rusher,0,0,0.0,0,0,0,4,11.9,0,0,0,0.0,0
319,B,LSU,Texas A&M,Caden Durham,Rusher,0,0,0.0,0,0,0,13,39.2,0,0,0,0.0,0
319,B,LSU,Texas A&M,Garrett Nussmeier,Rusher,0,0,0.0,0,0,0,5,24.9,0,0,0,0.0,0
319,B,LSU,Texas A&M,Other RB,Rusher,0,0,0.0,0,0,0,2,21.9,1,0,0,0.0,0
319,B,LSU,Texas A&M,Kaleb Jackson,Rusher,0,0,0.0,0,0,0,3,9.0,0,0,0,0.0,0
319,B,LSU,Texas A&M,Harlem Berry,Rusher,0,0,0.0,0,0,0,3,10.0,0,0,0,0.0,0
319,B,LSU,Texas A&M,Other WR,Receiver,0,0,0.0,0,0,0,0,0.0,0,1,1,27.3,0
319,B,LSU,Texas A&M,Chris Hilton Jr.,Receiver,0,0,0.0,0,0,0,0,0.0,0,0,2,0.0,0
319,B,LSU,Texas A&M,Nic Anderson,Receiver,0,0,0.0,0,0,0,0,0.0,0,1,2,25.7,0
319,B,LSU,Texas A&M,Barion Brown,Receiver,0,0,0.0,0,0,0,0,0.0,0,4,6,52.2,1
319,B,LSU,Texas A&M,Trey'Dez Green,Receiver,0,0,0.0,0,0,0,0,0.0,0,1,2,3.4,0
319,B,LSU,Texas A&M,Bauer Sharp,Receiver,0,0,0.0,0,0,0,0,0.0,0,1,3,10.0,0
319,B,LSU,Texas A&M,Aaron Anderson,Receiver,0,0,0.0,0,0,0,0,0.0,0,2,3,10.9,0
319,B,LSU,Texas A&M,Zavion Thomas,Receiver,0,0,0.0,0,0,0,0,0.0,0,2,3,6.4,0
319,B,LSU,Texas A&M,Kyle Parker,Receiver,0,0,0.0,0,0,0,0,0.0,0,0,1,0.0,0
336,A,LSU,Texas A&M,Garrett Nussmeier,QB,31,16,163.4,0,1,0,0,0.0,0,0,0,0.0,0
336,A,LSU,Texas A&M,Ju'Juan Johnson,Rusher,0,0,0.0,0,0,0,5,12.4,0,0,0,0.0,0
336,A,LSU,Texas A&M,Harlem Berry,Rusher,0,0,0.0,0,0,0,2,3.4,0,0,0,0.0,0
336,A,LSU,Texas A&M,Caden Durham,Rusher,0,0,0.0,0,0,0,11,42.8,1,0,0,0.0,0
336,A,LSU,Texas A&M,Other RB,Rusher,0,0,0.0,0,0,0,4,7.4,0,0,0,0.0,0
336,A,LSU,Texas A&M,Garrett Nussmeier,Rusher,0,0,0.0,0,0,0,1,8.4,0,0,0,0.0,0
336,A,LSU,Texas A&M,Kaleb Jackson,Rusher,0,0,0.0,0,0,0,1,5.4,0,0,0,0.0,0
336,A,LSU,Texas A&M,Nic Anderson,Receiver,0,0,0.0,0,0,0,0,0.0,0,2,3,27.6,0
336,A,LSU,Texas A&M,Trey'Dez Green,Receiver,0,0,0.0,0,0,0,0,0.0,0,3,5,38.9,0
336,A,LSU,Texas A&M,Zavion Thomas,Receiver,0,0,0.0,0,0,0,0,0.0,0,3,4,28.1,0
336,A,LSU,Texas A&M,Barion Brown,Receiver,0,0,0.0,0,0,0,0,0.0,0,2,5,11.5,0
336,A,LSU,Texas A&M,Aaron Anderson,Receiver,0,0,0.0,0,0,0,0,0.0,0,3,5,34.3,0
336,A,LSU,Texas A&M,Chris Hilton Jr.,Receiver,0,0,0.0,0,0,0,0,0.0,0,1,1,14.4,0
336,A,LSU,Texas A&M,Other WR,Receiver,0,0,0.0,0,0,0,0,0.0,0,1,3,3.8,0
336,A,LSU,Texas A&M,Kyle Parker,Receiver,0,0,0.0,0,0,0,0,0.0,0,1,2,4.9,0
336,A,LSU,Texas A&M,Bauer Sharp,Receiver,0,0,0.0,0,0,0,0,0.0,0,0,3,0.0,0
336,A,Texas A&M,LSU,Marcel Reed,QB,28,21,267.0,2,0,4,0,0.0,0,0,0,0.0,0
336,A,Texas A&M,LSU,Marcel Reed,Rusher,0,0,0.0,0,0,0,6,29.7,0,0,0,0.0,0
336,A,Texas A&M,LSU,Le'Veon Moss,Rusher,0,0,0.0,0,0,0,17,28.8,0,0,0,0.0,0
336,A,Texas A&M,LSU,Rueben Owens,Rusher,0,0,0.0,0,0,0,6,15.6,0,0,0,0.0,0
336,A,Texas A&M,LSU,Amari Daniels,Rusher,0,0,0.0,0,0,0,5,30.6,0,0,0,0.0,0
336,A,Texas A&M,LSU,Jamarion Morrow,Rusher,0,0,0.0,0,0,0,1,-1.5,0,0,0,0.0,0
336,A,Texas A&M,LSU,Miles O'Neill,Rusher,0,0,0.0,0,0,0,1,2.2,0,0,0,0.0,0
336,A,Texas A&M,LSU,Other WR,Receiver,0,0,0.0,0,0,0,0,0.0,0,6,7,155.4,1
336,A,Texas A&M,LSU,Kevin Concepcion,Receiver,0,0,0.0,0,0,0,0,0.0,0,9,11,64.7,1
336,A,Texas A&M,LSU,Mario Craver,Receiver,0,0,0.0,0,0,0,0,0.0,0,3,4,31.6,0
336,A,Texas A&M,LSU,Nate Boerkircher,Receiver,0,0,0.0,0,0,0,0,0.0,0,1,1,10.5,0
336,A,Texas A&M,LSU,Theo Melin Ohrstrom,Receiver,0,0,0.0,0,0,0,0,0.0,0,1,2,4.9,0
336,A,Texas A&M,LSU,Ashton Bethel-Roman,Receiver,0,0,0.0,0,0,0,0,0.0,0,0,1,0.0,0
336,A,Texas A&M,LSU,Terry Bussey,Receiver,0,0,0.0,0,0,0,0,0.0,0,1,2,0.0,0
337,B,Texas A&M,LSU,Marcel Reed,QB,19,12,149.3,2,0,5,0,0.0,0,0,0,0.0,0
337,B,Texas A&M,LSU,Rueben Owens,Rusher,0,0,0.0,0,0,0,5,40.7,0,0,0,0.0,0
337,B,Texas A&M,LSU,E.J. Smith,Rusher,0,0,0.0,0,0,0,3,7.2,0,0,0,0.0,0
337,B,Texas A&M,LSU,Amari Daniels,Rusher,0,0,0.0,0,0,0,6,21.4,0,0,0,0.0,0
337,B,Texas A&M,LSU,Marcel Reed,Rusher,0,0,0.0,0,0,0,12,50.2,0,0,0,0.0,0
337,B,Texas A&M,LSU,Le'Veon Moss,Rusher,0,0,0.0,0,0,0,9,43.7,1,0,0,0.0,0
337,B,Texas A&M,LSU,Miles O'Neill,Rusher,0,0,0.0,0,0,0,3,29.4,0,0,0,0.0,0
337,B,Texas A&M,LSU,Mario Craver,Receiver,0,0,0.0,0,0,0,0,0.0,0,3,6,21.2,0
337,B,Texas A&M,LSU,Other WR,Receiver,0,0,0.0,0,0,0,0,0.0,0,4,6,57.7,1
337,B,Texas A&M,LSU,Kevin Concepcion,Receiver,0,0,0.0,0,0,0,0,0.0,0,4,5,65.4,1
337,B,Texas A&M,LSU,Ashton Bethel-Roman,Receiver,0,0,0.0,0,0,0,0,0.0,0,1,1,5.0,0
337,B,Texas A&M,LSU,Amari Niblack,Receiver,0,0,0.0,0,0,0,0,0.0,0,0,1,0.0,0
337,B,LSU,Texas A&M,Garrett Nussmeier,QB,35,20,178.5,0,0,5,0,0.0,0,0,0,0.0,0
337,B,LSU,Texas A&M,Caden Durham,Rusher,0,0,0.0,0,0,0,11,52.3,1,0,0,0.0,0
337,B,LSU,Texas A&M,Ju'Juan Johnson,Rusher,0,0,0.0,0,0,0,4,22.9,0,0,0,0.0,0
337,B,LSU,Texas A&M,Garrett Nussmeier,Rusher,0,0,0.0,0,0,0,2,18.3,0,0,0,0.0,0
337,B,LSU,Texas A&M,Harlem Berry,Rusher,0,0,0.0,0,0,0,3,12.3,0,0,0,0.0,0
337,B,LSU,Texas A&M,Kaleb Jackson,Rusher,0,0,0.0,0,0,0,1,3.2,0,0,0,0.0,0
337,B,LSU,Texas A&M,Chris Hilton Jr.,Receiver,0,0,0.0,0,0,0,0,0.0,0,1,3,10.0,0
337,B,LSU,Texas A&M,Aaron Anderson,Receiver,0,0,0.0,0,0,0,0,0.0,0,3,6,20.0,0
337,B,LSU,Texas A&M,Barion Brown,Receiver,0,0,0.0,0,0,0,0,0.0,0,5,8,15.9,0
337,B,LSU,Texas A&M,Bauer Sharp,Receiver,0,0,0.0,0,0,0,0,0.0,0,2,3,26.0,0
337,B,LSU,Texas A&M,Nic Anderson,Receiver,0,0,0.0,0,0,0,0,0.0,0,2,4,33.7,0
337,B,LSU,Texas A&M,Kyle Parker,Receiver,0,0,0.0,0,0,0,0,0.0,0,3,5,38.3,0
337,B,LSU,Texas A&M,Zavion Thomas,Receiver,0,0,0.0,0,0,0,0,0.0,0,2,3,5.0,0
337,B,LSU,Texas A&M,Trey'Dez Green,Receiver,0,0,0.0,0,0,0,0,0.0,0,2,3,29.5,0
338,A,LSU,Texas A&M,Garrett Nussmeier,QB,20,13,115.4,0,0,0,0,0.0,0,0,0,0.0,0
338,A,LSU,Texas A&M,Ju'Juan Johnson,Rusher,0,0,0.0,0,0,0,3,6.1,0,0,0,0.0,0
338,A,LSU,Texas A&M,Caden Durham,Rusher,0,0,0.0,0,0,0,17,76.4,2,0,0,0.0,0
338,A,LSU,Texas A&M,Harlem Berry,Rusher,0,0,0.0,0,0,0,7,37.5,0,0,0,0.0,0
338,A,LSU,Texas A&M,Other RB,Rusher,0,0,0.0,0,0,0,3,10.2,0,0,0,0.0,0
338,A,LSU,Texas A&M,Garrett Nussmeier,Rusher,0,0,0.0,0,0,0,1,12.8,0,0,0,0.0,0
338,A,LSU,Texas A&M,Trey'Dez Green,Receiver,0,0,0.0,0,0,0,0,0.0,0,1,2,0.0,0
338,A,LSU,Texas A&M,Bauer Sharp,Receiver,0,0,0.0,0,0,0,0,0.0,0,1,1,8.4,0
338,A,LSU,Texas A&M,Other WR,Receiver,0,0,0.0,0,0,0,0,0.0,0,2,2,29.9,0
338,A,LSU,Texas A&M,Kyle Parker,Receiver,0,0,0.0,0,0,0,0,0.0,0,3,5,24.8,0
338,A,LSU,Texas A&M,Zavion Thomas,Receiver,0,0,0.0,0,0,0,0,0.0,0,3,4,28.6,0
338,A,LSU,Texas A&M,Barion Brown,Receiver,0,0,0.0,0,0,0,0,0.0,0,0,3,0.0,0
338,A,LSU,Texas A&M,Aaron Anderson,Receiver,0,0,0.0,0,0,0,0,0.0,0,3,3,23.6,0
338,A,Texas A&M,LSU,Marcel Reed,QB,23,16,184.4,1,0,5,0,0.0,0,0,0,0.0,0
338,A,Texas A&M,LSU,Le'Veon Moss,Rusher,0,0,0.0,0,0,0,15,38.5,0,0,0,0.0,0
338,A,Texas A&M,LSU,Rueben Owens,Rusher,0,0,0.0,0,0,0,6,41.8,1,0,0,0.0,0
338,A,Texas A&M,LSU,Amari Daniels,Rusher,0,0,0.0,0,0,0,5,19.6,0,0,0,0.0,0
338,A,Texas A&M,LSU,E.J. Smith,Rusher,0,0,0.0,0,0,0,5,13.8,0,0,0,0.0,0
338,A,Texas A&M,LSU,Marcel Reed,Rusher,0,0,0.0,0,0,0,7,26.6,0,0,0,0.0,0
338,A,Texas A&M,LSU,Miles O'Neill,Rusher,0,0,0.0,0,0,0,1,8.5,0,0,0,0.0,0
338,A,Texas A&M,LSU,Other WR,Receiver,0,0,0.0,0,0,0,0,0.0,0,2,4,17.0,0
338,A,Texas A&M,LSU,Theo Melin Ohrstrom,Receiver,0,0,0.0,0,0,0,0,0.0,0,3,3,20.8,0
338,A,Texas A&M,LSU,Ashton Bethel-Roman,Receiver,0,0,0.0,0,0,0,0,0.0,0,0,3,0.0,0
338,A,Texas A&M,LSU,Kevin Concepcion,Receiver,0,0,0.0,0,0,0,0,0.0,0,4,4,58.5,0
338,A,Texas A&M,LSU,Mario Craver,Receiver,0,0,0.0,0,0,0,0,0.0,0,5,6,53.3,0
338,A,Texas A&M,LSU,Terry Bussey,Receiver,0,0,0.0,0,0,0,0,0.0,0,1,2,25.0,1
338,A,Texas A&M,LSU,Amari Niblack,Receiver,0,0,0.0,0,0,0,0,0.0,0,1,1,9.8,0
339,B,Texas A&M,LSU,Marcel Reed,QB,17,11,115.9,1,0,7,0,0.0,0,0,0,0.0,0
339,B,Texas A&M,LSU,Rueben Owens,Rusher,0,0,0.0,0,0,0,6,55.4,0,0,0,0.0,0
339,B,Texas A&M,LSU,Amari Daniels,Rusher,0,0,0.0,0,0,0,6,11.0,0,0,0,0.0,0
339,B,Texas A&M,LSU,Le'Veon Moss,Rusher,0,0,0.0,0,0,0,15,89.5,1,0,0,0.0,0
339,B,Texas A&M,LSU,Marcel Reed,Rusher,0,0,0.0,0,0,0,5,42.5,1,0,0,0.0,0
339,B,Texas A&M,LSU,E.J. Smith,Rusher,0,0,0.0,0,0,0,1,7.2,0,0,0,0.0,0
339,B,Texas A&M,LSU,Ashton Bethel-Roman,Receiver,0,0,0.0,0,0,0,0,0.0,0,1,1,29.0,0
339,B,Texas A&M,LSU,Nate Boerkircher,Receiver,0,0,0.0,0,0,0,0,0.0,0,0,1,0.0,0
339,B,Texas A&M,LSU,Kevin Concepcion,Receiver,0,0,0.0,0,0,0,0,0.0,0,2,5,0.2,0
339,B,Texas A&M,LSU,Mario Craver,Receiver,0,0,0.0,0,0,0,0,0.0,0,4,6,27.6,1
339,B,Texas A&M,LSU,Terry Bussey,Receiver,0,0,0.0,0,0,0,0,0.0,0,1,1,35.5,0
339,B,Texas A&M,LSU,Other WR,Receiver,0,0,0.0,0,0,0,0,0.0,0,2,2,20.3,0
339,B,Texas A&M,LSU,Theo Melin Ohrstrom,Receiver,0,0,0.0,0,0,0,0,0.0,0,1,1,3.2,0
339,B,LSU,Texas A&M,Garrett Nussmeier,QB,28,22,291.0,1,0,0,0,0.0,0,0,0,0.0,0
339,B,LSU,Texas A&M,Caden Durham,Rusher,0,0,0.0,0,0,0,15,0.3,0,0,0,0.0,0
339,B,LSU,Texas A&M,Harlem Berry,Rusher,0,0,0.0,0,0,0,4,18.9,0,0,0,0.0,0
339,B,LSU,Texas A&M,Ju'Juan Johnson,Rusher,0,0,0.0,0,0,0,5,29.4,1,0,0,0.0,0
339,B,LSU,Texas A&M,Other RB,Rusher,0,0,0.0,0,0,0,3,15.9,1,0,0,0.0,0
339,B,LSU,Texas A&M,Kaleb Jackson,Rusher,0,0,0.0,0,0,0,2,-3.8,0,0,0,0.0,0
339,B,LSU,Texas A&M,Trey'Dez Green,Receiver,0,0,0.0,0,0,0,0,0.0,0,1,2,22.6,0
339,B,LSU,Texas A&M,Other WR,Receiver,0,0,0.0,0,0,0,0,0.0,0,3,3,27.2,0
339,B,LSU,Texas A&M,Aaron Anderson,Receiver,0,0,0.0,0,0,0,0,0.0,0,4,4,70.9,0
339,B,LSU,Texas A&M,Kyle Parker,Receiver,0,0,0.0,0,0,0,0,0.0,0,1,2,21.4,0
339,B,LSU,Texas A&M,Bauer Sharp,Receiver,0,0,0.0,0,0,0,0,0.0,0,2,2,32.9,0
339,B,LSU,Texas A&M,Zavion Thomas,Receiver,0,0,0.0,0,0,0,0,0.0,0,5,6,63.9,1
339,B,LSU,Texas A&M,Barion Brown,Receiver,0,0,0.0,0,0,0,0,0.0,0,3,4,33.0,0
339,B,LSU,Texas A&M,Nic Anderson,Receiver,0,0,0.0,0,0,0,0,0.0,0,1,2,12.8,0
339,B,LSU,Texas A&M,Chris Hilton Jr.,Receiver,0,0,0.0,0,0,0,0,0.0,0,2,3,6.4,0
340,A,LSU,Texas A&M,Garrett Nussmeier,QB,26,17,158.0,1,0,1,0,0.0,0,0,0,0.0,0
340,A,LSU,Texas A&M,Harlem Berry,Rusher,0,0,0.0,0,0,0,3,0.2,0,0,0,0.0,0
340,A,LSU,Texas A&M,Ju'Juan Johnson,Rusher,0,0,0.0,0,0,0,2,14.9,0,0,0,0.0,0
340,A,LSU,Texas A&M,Caden Durham,Rusher,0,0,0.0,0,0,0,17,69.6,0,0,0,0.0,0
340,A,LSU,Texas A&M,Other RB,Rusher,0,0,0.0,0,0,0,6,3.4,0,0,0,0.0,0
340,A,LSU,Texas A&M,Garrett Nussmeier,Rusher,0,0,0.0,0,0,0,1,3.9,0,0,0,0.0,0
340,A,LSU,Texas A&M,Aaron Anderson,Receiver,0,0,0.0,0,0,0,0,0.0,0,3,3,26.1,0
340,A,LSU,Texas A&M,Zavion Thomas,Receiver,0,0,0.0,0,0,0,0,0.0,0,3,5,23.1,0
340,A,LSU,Texas A&M,Barion Brown,Receiver,0,0,0.0,0,0,0,0,0.0,0,1,2,17.2,0
340,A,LSU,Texas A&M,Bauer Sharp,Receiver,0,0,0.0,0,0,0,0,0.0,0,3,5,40.8,1
340,A,LSU,Texas A&M,Kyle Parker,Receiver,0,0,0.0,0,0,0,0,0.0,0,1,2,6.2,0
340,A,LSU,Texas A&M,Chris Hilton Jr.,Receiver,0,0,0.0,0,0,0,0,0.0,0,2,4,6.5,0
340,A,LSU,Texas A&M,Other WR,Receiver,0,0,0.0,0,0,0,0,0.0,0,2,2,9.1,0
340,A,LSU,Texas A&M,Trey'Dez Green,Receiver,0,0,0.0,0,0,0,0,0.0,0,0,1,0.0,0
340,A,LSU,Texas A&M,Nic Anderson,Receiver,0,0,0.0,0,0,0,0,0.0,0,2,2,29.0,0
340,A,Texas A&M,LSU,Marcel Reed,QB,25,15,207.9,2,0,2,0,0.0,0,0,0,0.0,0
340,A,Texas A&M,LSU,Marcel Reed,Rusher,0,0,0.0,0,0,0,8,59.8,1,0,0,0.0,0
340,A,Texas A&M,LSU,Rueben Owens,Rusher,0,0,0.0,0,0,0,10,23.3,0,0,0,0.0,0
340,A,Texas A&M,LSU,Le'Veon Moss,Rusher,0,0,0.0,0,0,0,12,72.9,1,0,0,0.0,0
340,A,Texas A&M,LSU,E.J. Smith,Rusher,0,0,0.0,0,0,0,3,12.1,0,0,0,0.0,0
340,A,Texas A&M,LSU,Amari Daniels,Rusher,0,0,0.0,0,0,0,4,34.8,0,0,0,0.0,0
340,A,Texas A&M,LSU,Other WR,Receiver,0,0,0.0,0,0,0,0,0.0,0,4,5,72.1,1
340,A,Texas A&M,LSU,Mario Craver,Receiver,0,0,0.0,0,0,0,0,0.0,0,3,8,39.6,0
340,A,Texas A&M,LSU,Nate Boerkircher,Receiver,0,0,0.0,0,0,0,0,0.0,0,0,1,0.0,0
340,A,Texas A&M,LSU,Kevin Concepcion,Receiver,0,0,0.0,0,0,0,0,0.0,0,6,6,92.0,1
340,A,Texas A&M,LSU,Theo Melin Ohrstrom,Receiver,0,0,0.0,0,0,0,0,0.0,0,0,2,0.0,0
340,A,Texas A&M,LSU,Terry Bussey,Receiver,0,0,0.0,0,0,0,0,0.0,0,2,3,4.1,0
341,B,Texas A&M,LSU,Marcel Reed,QB,25,17,147.8,1,0,5,0,0.0,0,0,0,0.0,0
341,B,Texas A&M,LSU,Rueben Owens,Rusher,0,0,0.0,0,0,0,5,26.0,0,0,0,0.0,0
341,B,Texas A&M,LSU,Le'Veon Moss,Rusher,0,0,0.0,0,0,0,8,20.4,0,0,0,0.0,0
341,B,Texas A&M,LSU,Marcel Reed,Rusher,0,0,0.0,0,0,0,5,3.1,0,0,0,0.0,0
341,B,Texas A&M,LSU,Amari Daniels,Rusher,0,0,0.0,0,0,0,4,14.6,0,0,0,0.0,0
341,B,Texas A&M,LSU,Miles O'Neill,Rusher,0,0,0.0,0,0,0,1,5.2,0,0,0,0.0,0
341,B,Texas A&M,LSU,E.J. Smith,Rusher,0,0,0.0,0,0,0,1,5.5,0,0,0,0.0,0
341,B,Texas A&M,LSU,Other RB,Rusher,0,0,0.0,0,0,0,1,3.3,0,0,0,0.0,0
341,B,Texas A&M,LSU,Jamarion Morrow,Rusher,0,0,0.0,0,0,0,1,1.6,0,0,0,0.0,0
341,B,Texas A&M,LSU,Mario Craver,Receiver,0,0,0.0,0,0,0,0,0.0,0,4,7,38.9,0
341,B,Texas A&M,LSU,Theo Melin Ohrstrom,Receiver,0,0,0.0,0,0,0,0,0.0,0,2,3,0.0,0
341,B,Texas A&M,LSU,Ashton Bethel-Roman,Receiver,0,0,0.0,0,0,0,0,0.0,0,1,2,30.0,0
341,B,Texas A&M,LSU,Kevin Concepcion,Receiver,0,0,0.0,0,0,0,0,0.0,0,6,7,31.3,0
341,B,Texas A&M,LSU,Terry Bussey,Receiver,0,0,0.0,0,0,0,0,0.0,0,1,2,9.5,0
341,B,Texas A&M,LSU,Nate Boerkircher,Receiver,0,0,0.0,0,0,0,0,0.0,0,0,1,0.0,0
341,B,Texas A&M,LSU,Amari Niblack,Receiver,0,0,0.0,0,0,0,0,0.0,0,1,1,6.5,0
341,B,Texas A&M,LSU,Other WR,Receiver,0,0,0.0,0,0,0,0,0.0,0,2,2,31.5,1
341,B,LSU,Texas A&M,Garrett Nussmeier,QB,20,13,101.5,1,0,2,0,0.0,0,0,0,0.0,0
341,B,LSU,Texas A&M,Harlem Berry,Rusher,0,0,0.0,0,0,0,8,28.7,0,0,0,0.0,0
341,B,LSU,Texas A&M,Garrett Nussmeier,Rusher,0,0,0.0,0,0,0,3,-8.0,0,0,0,0.0,0
341,B,LSU,Texas A&M,Caden Durham,Rusher,0,0,0.0,0,0,0,21,133.2,0,0,0,0.0,0
341,B,LSU,Texas A&M,Ju'Juan Johnson,Rusher,0,0,0.0,0,0,0,3,-0.4,0,0,0,0.0,0
341,B,LSU,Texas A&M,Other RB,Rusher,0,0,0.0,0,0,0,3,4.0,0,0,0,0.0,0
341,B,LSU,Texas A&M,Kyle Parker,Receiver,0,0,0.0,0,0,0,0,0.0,0,2,4,25.4,0
341,B,LSU,Texas A&M,Other WR,Receiver,0,0,0.0,0,0,0,0,0.0,0,0,1,0.0,0
341,B,LSU,Texas A&M,Nic Anderson,Receiver,0,0,0.0,0,0,0,0,0.0,0,1,2,0.0,0
341,B,LSU,Texas A&M,Chris Hilton Jr.,Receiver,0,0,0.0,0,0,0,0,0.0,0,0,1,0.0,0
341,B,LSU,Texas A&M,Aaron Anderson,Receiver,0,0,0.0,0,0,0,0,0.0,0,3,3,16.4,0
341,B,LSU,Texas A&M,Bauer Sharp,Receiver,0,0,0.0,0,0,0,0,0.0,0,0,0,0.0,0
341,B,LSU,Texas A&M,Trey'Dez Green,Receiver,0,0,0.0,0,0,0,0,0.0,0,1,2,6.3,0
341,B,LSU,Texas A&M,Zavion Thomas,Receiver,0,0,0.0,0,0,0,0,0.0,0,3,4,25.8,0
341,B,LSU,Texas A&M,Barion Brown,Receiver,0,0,0.0,0,0,0,0,0.0,0,3,3,27.6,1
342,A,LSU,Texas A&M,Garrett Nussmeier,QB,30,18,148.8,1,0,0,0,0.0,0,0,0,0.0,0
342,A,LSU,Texas A&M,Garrett Nussmeier,Rusher,0,0,0.0,0,0,0,4,23.2,0,0,0,0.0,0
342,A,LSU,Texas A&M,Caden Durham,Rusher,0,0,0.0,0,0,0,20,66.1,2,0,0,0.0,0
342,A,LSU,Texas A&M,Ju'Juan Johnson,Rusher,0,0,0.0,0,0,0,7,25.1,0,0,0,0.0,0
342,A,LSU,Texas A&M,Harlem Berry,Rusher,0,0,0.0,0,0,0,4,20.4,0,0,0,0.0,0
342,A,LSU,Texas A&M,Other RB,Rusher,0,0,0.0,0,0,0,4,8.8,0,0,0,0.0,0
342,A,LSU,Texas A&M,Kaleb Jackson,Rusher,0,0,0.0,0,0,0,1,2.6,0,0,0,0.0,0
342,A,LSU,Texas A&M,Barion Brown,Receiver,0,0,0.0,0,0,0,0,0.0,0,3,5,32.0,1
342,A,LSU,Texas A&M,Aaron Anderson,Receiver,0,0,0.0,0,0,0,0,0.0,0,6,8,45.2,0
342,A,LSU,Texas A&M,Zavion Thomas,Receiver,0,0,0.0,0,0,0,0,0.0,0,3,5,31.1,0
342,A,LSU,Texas A&M,Chris Hilton Jr.,Receiver,0,0,0.0,0,0,0,0,0.0,0,2,2,16.8,0
342,A,LSU,Texas A&M,Trey'Dez Green,Receiver,0,0,0.0,0,0,0,0,0.0,0,2,4,19.9,0
342,A,LSU,Texas A&M,Other WR,Receiver,0,0,0.0,0,0,0,0,0.0,0,2,3,3.8,0
342,A,LSU,Texas A&M,Kyle Parker,Receiver,0,0,0.0,0,0,0,0,0.0,0,0,1,0.0,0
342,A,LSU,Texas A&M,Nic Anderson,Receiver,0,0,0.0,0,0,0,0,0.0,0,0,1,0.0,0
342,A,LSU,Texas A&M,Bauer Sharp,Receiver,0,0,0.0,0,0,0,0,0.0,0,0,1,0.0,0
342,A,Texas A&M,LSU,Marcel Reed,QB,25,17,131.4,0,0,5,0,0.0,0,0,0,0.0,0
342,A,Texas A&M,LSU,Le'Veon Moss,Rusher,0,0,0.0,0,0,0,7,20.7,0,0,0,0.0,0
342,A,Texas A&M,LSU,Marcel Reed,Rusher,0,0,0.0,0,0,0,7,21.8,0,0,0,0.0,0
342,A,Texas A&M,LSU,Amari Daniels,Rusher,0,0,0.0,0,0,0,2,-5.7,0,0,0,0.0,0
342,A,Texas A&M,LSU,Rueben Owens,Rusher,0,0,0.0,0,0,0,2,3.4,0,0,0,0.0,0
342,A,Texas A&M,LSU,Mario Craver,Receiver,0,0,0.0,0,0,0,0,0.0,0,4,6,46.2,0
342,A,Texas A&M,LSU,Terry Bussey,Receiver,0,0,0.0,0,0,0,0,0.0,0,1,2,5.4,0
342,A,Texas A&M,LSU,Other WR,Receiver,0,0,0.0,0,0,0,0,0.0,0,5,5,14.4,0
342,A,Texas A&M,LSU,Ashton Bethel-Roman,Receiver,0,0,0.0,0,0,0,0,0.0,0,2,3,22.5,0
342,A,Texas A&M,LSU,Nate Boerkircher,Receiver,0,0,0.0,0,0,0,0,0.0,0,0,1,0.0,0
342,A,Texas A&M,LSU,Theo Melin Ohrstrom,Receiver,0,0,0.0,0,0,0,0,0.0,0,2,4,10.3,0
342,A,Texas A&M,LSU,Kevin Concepcion,Receiver,0,0,0.0,0,0,0,0,0.0,0,2,2,32.7,0
342,A,Texas A&M,LSU,Amari Niblack,Receiver,0,0,0.0,0,0,0,0,0.0,0,1,2,0.0,0
343,B,Texas A&M,LSU,Marcel Reed,QB,25,14,172.5,1,1,3,0,0.0,0,0,0,0.0,0
343,B,Texas A&M,LSU,Le'Veon Moss,Rusher,0,0,0.0,0,0,0,19,96.6,0,0,0,0.0,0
343,B,Texas A&M,LSU,Marcel Reed,Rusher,0,0,0.0,0,0,0,8,21.0,0,0,0,0.0,0
343,B,Texas A&M,LSU,Rueben Owens,Rusher,0,0,0.0,0,0,0,4,-3.2,0,0,0,0.0,0
343,B,Texas A&M,LSU,Amari Daniels,Rusher,0,0,0.0,0,0,0,1,-1.1,0,0,0,0.0,0
343,B,Texas A&M,LSU,E.J. Smith,Rusher,0,0,0.0,0,0,0,3,15.3,0,0,0,0.0,0
343,B,Texas A&M,LSU,Jamarion Morrow,Rusher,0,0,0.0,0,0,0,1,-3.4,0,0,0,0.0,0
343,B,Texas A&M,LSU,Terry Bussey,Receiver,0,0,0.0,0,0,0,0,0.0,0,3,5,36.1,0
343,B,Texas A&M,LSU,Kevin Concepcion,Receiver,0,0,0.0,0,0,0,0,0.0,0,1,2,8.1,0
343,B,Texas A&M,LSU,Other WR,Receiver,0,0,0.0,0,0,0,0,0.0,0,4,7,80.6,1
343,B,Texas A&M,LSU,Mario Craver,Receiver,0,0,0.0,0,0,0,0,0.0,0,1,3,20.5,0
343,B,Texas A&M,LSU,Amari Niblack,Receiver,0,0,0.0,0,0,0,0,0.0,0,1,1,14.8,0
343,B,Texas A&M,LSU,Ashton Bethel-Roman,Receiver,0,0,0.0,0,0,0,0,0.0,0,2,4,0.4,0
343,B,Texas A&M,LSU,Theo Melin Ohrstrom,Receiver,0,0,0.0,0,0,0,0,0.0,0,1,2,5.8,0
343,B,Texas A&M,LSU,Nate Boerkircher,Receiver,0,0,0.0,0,0,0,0,0.0,0,1,1,6.2,0
343,B,LSU,Texas A&M,Garrett Nussmeier,QB,37,17,144.7,0,1,3,0,0.0,0,0,0,0.0,0
343,B,LSU,Texas A&M,Other RB,Rusher,0,0,0.0,0,0,0,4,38.9,1,0,0,0.0,0
343,B,LSU,Texas A&M,Garrett Nussmeier,Rusher,0,0,0.0,0,0,0,1,3.1,0,0,0,0.0,0
343,B,LSU,Texas A&M,Caden Durham,Rusher,0,0,0.0,0,0,0,12,77.5,0,0,0,0.0,0
343,B,LSU,Texas A&M,Kaleb Jackson,Rusher,0,0,0.0,0,0,0,1,-1.0,0,0,0,0.0,0
343,B,LSU,Texas A&M,Harlem Berry,Rusher,0,0,0.0,0,0,0,2,3.8,0,0,0,0.0,0
343,B,LSU,Texas A&M,Ju'Juan Johnson,Rusher,0,0,0.0,0,0,0,3,21.5,0,0,0,0.0,0
343,B,LSU,Texas A&M,Aaron Anderson,Receiver,0,0,0.0,0,0,0,0,0.0,0,5,11,58.1,0
343,B,LSU,Texas A&M,Bauer Sharp,Receiver,0,0,0.0,0,0,0,0,0.0,0,2,4,22.4,0
343,B,LSU,Texas A&M,Trey'Dez Green,Receiver,0,0,0.0,0,0,0,0,0.0,0,2,4,3.6,0
343,B,LSU,Texas A&M,Zavion Thomas,Receiver,0,0,0.0,0,0,0,0,0.0,0,1,3,0.0,0
343,B,LSU,Texas A&M,Nic Anderson,Receiver,0,0,0.0,0,0,0,0,0.0,0,1,2,11.0,0
343,B,LSU,Texas A&M,Barion Brown,Receiver,0,0,0.0,0,0,0,0,0.0,0,4,7,30.8,0
343,B,LSU,Texas A&M,Kyle Parker,Receiver,0,0,0.0,0,0,0,0,0.0,0,1,3,18.7,0
343,B,LSU,Texas A&M,Other WR,Receiver,0,0,0.0,0,0,0,0,0.0,0,1,3,0.0,0
344,A,LSU,Texas A&M,Garrett Nussmeier,QB,41,25,168.4,0,0,4,0,0.0,0,0,0,0.0,0
344,A,LSU,Texas A&M,Caden Durham,Rusher,0,0,0.0,0,0,0,12,19.3,0,0,0,0.0,0
344,A,LSU,Texas A&M,Ju'Juan Johnson,Rusher,0,0,0.0,0,0,0,5,14.6,0,0,0,0.0,0
344,A,LSU,Texas A&M,Other RB,Rusher,0,0,0.0,0,0,0,3,0.4,0,0,0,0.0,0
344,A,LSU,Texas A&M,Harlem Berry,Rusher,0,0,0.0,0,0,0,3,17.4,1,0,0,0.0,0
344,A,LSU,Texas A&M,Garrett Nussmeier,Rusher,0,0,0.0,0,0,0,2,10.3,0,0,0,0.0,0
344,A,LSU,Texas A&M,Other WR,Receiver,0,0,0.0,0,0,0,0,0.0,0,3,4,5.3,0
344,A,LSU,Texas A&M,Aaron Anderson,Receiver,0,0,0.0,0,0,0,0,0.0,0,7,10,71.2,0
344,A,LSU,Texas A&M,Zavion Thomas,Receiver,0,0,0.0,0,0,0,0,0.0,0,3,6,45.8,0
344,A,LSU,Texas A&M,Barion Brown,Receiver,0,0,0.0,0,0,0,0,0.0,0,4,5,4.8,0
344,A,LSU,Texas A&M,Nic Anderson,Receiver,0,0,0.0,0,0,0,0,0.0,0,3,4,11.6,0
344,A,LSU,Texas A&M,Kyle Parker,Receiver,0,0,0.0,0,0,0,0,0.0,0,4,5,29.8,0
344,A,LSU,Texas A&M,Trey'Dez Green,Receiver,0,0,0.0,0,0,0,0,0.0,0,0,3,0.0,0
344,A,LSU,Texas A&M,Bauer Sharp,Receiver,0,0,0.0,0,0,0,0,0.0,0,1,3,0.0,0
344,A,LSU,Texas A&M,Chris Hilton Jr.,Receiver,0,0,0.0,0,0,0,0,0.0,0,0,1,0.0,0
344,A,Texas A&M,LSU,Marcel Reed,QB,16,12,120.4,0,0,4,0,0.0,0,0,0,0.0,0
344,A,Texas A&M,LSU,Marcel Reed,Rusher,0,0,0.0,0,0,0,6,21.2,0,0,0,0.0,0
344,A,Texas A&M,LSU,Miles O'Neill,Rusher,0,0,0.0,0,0,0,1,10.6,1,0,0,0.0,0
344,A,Texas A&M,LSU,Rueben Owens,Rusher,0,0,0.0,0,0,0,5,-3.0,0,0,0,0.0,0
344,A,Texas A&M,LSU,Le'Veon Moss,Rusher,0,0,0.0,0,0,0,11,29.6,1,0,0,0.0,0
344,A,Texas A&M,LSU,Amari Daniels,Rusher,0,0,0.0,0,0,0,3,-1.0,0,0,0,0.0,0
344,A,Texas A&M,LSU,Jamarion Morrow,Rusher,0,0,0.0,0,0,0,1,4.5,0,0,0,0.0,0
344,A,Texas A&M,LSU,E.J. Smith,Rusher,0,0,0.0,0,0,0,1,14.2,0,0,0,0.0,0
344,A,Texas A&M,LSU,Theo Melin Ohrstrom,Receiver,0,0,0.0,0,0,0,0,0.0,0,1,2,0.0,0
344,A,Texas A&M,LSU,Amari Niblack,Receiver,0,0,0.0,0,0,0,0,0.0,0,0,0,0.0,0
344,A,Texas A&M,LSU,Ashton Bethel-Roman,Receiver,0,0,0.0,0,0,0,0,0.0,0,0,1,0.0,0
344,A,Texas A&M,LSU,Other WR,Receiver,0,0,0.0,0,0,0,0,0.0,0,3,3,21.3,0
344,A,Texas A&M,LSU,Mario Craver,Receiver,0,0,0.0,0,0,0,0,0.0,0,7,9,76.4,0
344,A,Texas A&M,LSU,Kevin Concepcion,Receiver,0,0,0.0,0,0,0,0,0.0,0,1,1,22.7,0
345,B,Texas A&M,LSU,Marcel Reed,QB,18,12,84.5,0,0,4,0,0.0,0,0,0,0.0,0
345,B,Texas A&M,LSU,Rueben Owens,Rusher,0,0,0.0,0,0,0,8,41.9,1,0,0,0.0,0
345,B,Texas A&M,LSU,Amari Daniels,Rusher,0,0,0.0,0,0,0,6,34.6,0,0,0,0.0,0
345,B,Texas A&M,LSU,Le'Veon Moss,Rusher,0,0,0.0,0,0,0,13,80.3,1,0,0,0.0,0
345,B,Texas A&M,LSU,Marcel Reed,Rusher,0,0,0.0,0,0,0,8,29.9,0,0,0,0.0,0
345,B,Texas A&M,LSU,E.J. Smith,Rusher,0,0,0.0,0,0,0,2,9.6,0,0,0,0.0,0
345,B,Texas A&M,LSU,Miles O'Neill,Rusher,0,0,0.0,0,0,0,1,4.0,0,0,0,0.0,0
345,B,Texas A&M,LSU,Jamarion Morrow,Rusher,0,0,0.0,0,0,0,1,-0.1,0,0,0,0.0,0
345,B,Texas A&M,LSU,Ashton Bethel-Roman,Receiver,0,0,0.0,0,0,0,0,0.0,0,2,2,21.9,0
345,B,Texas A&M,LSU,Other WR,Receiver,0,0,0.0,0,0,0,0,0.0,0,1,1,22.1,0
345,B,Texas A&M,LSU,Nate Boerkircher,Receiver,0,0,0.0,0,0,0,0,0.0,0,1,3,0.0,0
345,B,Texas A&M,LSU,Kevin Concepcion,Receiver,0,0,0.0,0,0,0,0,0.0,0,4,6,14.8,0
345,B,Texas A&M,LSU,Terry Bussey,Receiver,0,0,0.0,0,0,0,0,0.0,0,1,1,2.3,0
345,B,Texas A&M,LSU,Mario Craver,Receiver,0,0,0.0,0,0,0,0,0.0,0,2,3,21.3,0
345,B,Texas A&M,LSU,Theo Melin Ohrstrom,Receiver,0,0,0.0,0,0,0,0,0.0,0,1,2,2.0,0
345,B,LSU,Texas A&M,Garrett Nussmeier,QB,30,18,112.7,0,0,3,0,0.0,0,0,0,0.0,0
345,B,LSU,Texas A&M,Caden Durham,Rusher,0,0,0.0,0,0,0,10,18.3,0,0,0,0.0,0
345,B,LSU,Texas A&M,Harlem Berry,Rusher,0,0,0.0,0,0,0,3,11.9,0,0,0,0.0,0
345,B,LSU,Texas A&M,Ju'Juan Johnson,Rusher,0,0,0.0,0,0,0,6,48.9,0,0,0,0.0,0
345,B,LSU,Texas A&M,Kaleb Jackson,Rusher,0,0,0.0,0,0,0,1,5.7,0,0,0,0.0,0
345,B,LSU,Texas A&M,Other RB,Rusher,0,0,0.0,0,0,0,1,2.8,0,0,0,0.0,0
345,B,LSU,Texas A&M,Other WR,Receiver,0,0,0.0,0,0,0,0,0.0,0,2,3,12.6,0
345,B,LSU,Texas A&M,Bauer Sharp,Receiver,0,0,0.0,0,0,0,0,0.0,0,1,1,10.2,0
345,B,LSU,Texas A&M,Trey'Dez Green,Receiver,0,0,0.0,0,0,0,0,0.0,0,2,4,14.6,0
345,B,LSU,Texas A&M,Aaron Anderson,Receiver,0,0,0.0,0,0,0,0,0.0,0,3,6,17.4,0
345,B,LSU,Texas A&M,Barion Brown,Receiver,0,0,0.0,0,0,0,0,0.0,0,4,5,24.8,0
345,B,LSU,Texas A&M,Nic Anderson,Receiver,0,0,0.0,0,0,0,0,0.0,0,1,5,1.0,0
345,B,LSU,Texas A&M,Kyle Parker,Receiver,0,0,0.0,0,0,0,0,0.0,0,2,3,9.3,0
345,B,LSU,Texas A&M,Zavion Thomas,Receiver,0,0,0.0,0,0,0,0,0.0,0,3,3,22.9,0
346,A,LSU,Texas A&M,Garrett Nussmeier,QB,24,13,177.3,2,0,1,0,0.0,0,0,0,0.0,0
346,A,LSU,Texas A&M,Caden Durham,Rusher,0,0,0.0,0,0,0,22,97.9,1,0,0,0.0,0
346,A,LSU,Texas A&M,Ju'Juan Johnson,Rusher,0,0,0.0,0,0,0,7,29.2,0,0,0,0.0,0
346,A,LSU,Texas A&M,Other RB,Rusher,0,0,0.0,0,0,0,5,26.0,0,0,0,0.0,0
346,A,LSU,Texas A&M,Harlem Berry,Rusher,0,0,0.0,0,0,0,4,16.5,0,0,0,0.0,0
346,A,LSU,Texas A&M,Garrett Nussmeier,Rusher,0,0,0.0,0,0,0,2,11.2,0,0,0,0.0,0
346,A,LSU,Texas A&M,Aaron Anderson,Receiver,0,0,0.0,0,0,0,0,0.0,0,1,2,0.0,0
346,A,LSU,Texas A&M,Bauer Sharp,Receiver,0,0,0.0,0,0,0,0,0.0,0,1,2,20.4,1
346,A,LSU,Texas A&M,Barion Brown,Receiver,0,0,0.0,0,0,0,0,0.0,0,5,7,72.6,0
346,A,LSU,Texas A&M,Zavion Thomas,Receiver,0,0,0.0,0,0,0,0,0.0,0,2,3,35.2,0
346,A,LSU,Texas A&M,Kyle Parker,Receiver,0,0,0.0,0,0,0,0,0.0,0,1,2,13.4,1
346,A,LSU,Texas A&M,Nic Anderson,Receiver,0,0,0.0,0,0,0,0,0.0,0,1,2,15.2,0
346,A,LSU,Texas A&M,Trey'Dez Green,Receiver,0,0,0.0,0,0,0,0,0.0,0,1,5,20.4,0
346,A,LSU,Texas A&M,Chris Hilton Jr.,Receiver,0,0,0.0,0,0,0,0,0.0,0,1,1,0.0,0
346,A,Texas A&M,LSU,Marcel Reed,QB,19,16,126.5,1,0,3,0,0.0,0,0,0,0.0,0
346,A,Texas A&M,LSU,Le'Veon Moss,Rusher,0,0,0.0,0,0,0,13,51.8,1,0,0,0.0,0
346,A,Texas A&M,LSU,E.J. Smith,Rusher,0,0,0.0,0,0,0,5,26.8,0,0,0,0.0,0
346,A,Texas A&M,LSU,Rueben Owens,Rusher,0,0,0.0,0,0,0,3,18.6,0,0,0,0.0,0
346,A,Texas A&M,LSU,Marcel Reed,Rusher,0,0,0.0,0,0,0,6,17.0,0,0,0,0.0,0
346,A,Texas A&M,LSU,Amari Daniels,Rusher,0,0,0.0,0,0,0,4,0.8,0,0,0,0.0,0
346,A,Texas A&M,LSU,Miles O'Neill,Rusher,0,0,0.0,0,0,0,1,-4.0,0,0,0,0.0,0
346,A,Texas A&M,LSU,Kevin Concepcion,Receiver,0,0,0.0,0,0,0,0,0.0,0,5,6,58.6,0
346,A,Texas A&M,LSU,Mario Craver,Receiver,0,0,0.0,0,0,0,0,0.0,0,3,4,5.5,0
346,A,Texas A&M,LSU,Ashton Bethel-Roman,Receiver,0,0,0.0,0,0,0,0,0.0,0,1,2,4.0,0
346,A,Texas A&M,LSU,Nate Boerkircher,Receiver,0,0,0.0,0,0,0,0,0.0,0,3,3,24.3,1
346,A,Texas A&M,LSU,Other WR,Receiver,0,0,0.0,0,0,0,0,0.0,0,2,2,17.5,0
346,A,Texas A&M,LSU,Theo Melin Ohrstrom,Receiver,0,0,0.0,0,0,0,0,0.0,0,2,2,16.5,0
347,B,Texas A&M,LSU,Marcel Reed,QB,27,21,133.7,1,0,7,0,0.0,0,0,0,0.0,0
347,B,Texas A&M,LSU,Marcel Reed,Rusher,0,0,0.0,0,0,0,5,13.3,0,0,0,0.0,0
347,B,Texas A&M,LSU,Le'Veon Moss,Rusher,0,0,0.0,0,0,0,11,43.0,0,0,0,0.0,0
347,B,Texas A&M,LSU,Amari Daniels,Rusher,0,0,0.0,0,0,0,4,10.5,0,0,0,0.0,0
347,B,Texas A&M,LSU,E.J. Smith,Rusher,0,0,0.0,0,0,0,3,31.8,1,0,0,0.0,0
347,B,Texas A&M,LSU,Rueben Owens,Rusher,0,0,0.0,0,0,0,3,6.3,0,0,0,0.0,0
347,B,Texas A&M,LSU,Jamarion Morrow,Rusher,0,0,0.0,0,0,0,2,3.4,0,0,0,0.0,0
347,B,Texas A&M,LSU,Miles O'Neill,Rusher,0,0,0.0,0,0,0,1,3.5,0,0,0,0.0,0
347,B,Texas A&M,LSU,Theo Melin Ohrstrom,Receiver,0,0,0.0,0,0,0,0,0.0,0,3,4,0.9,0
347,B,Texas A&M,LSU,Mario Craver,Receiver,0,0,0.0,0,0,0,0,0.0,0,3,5,7.5,0
347,B,Texas A&M,LSU,Kevin Concepcion,Receiver,0,0,0.0,0,0,0,0,0.0,0,4,5,7.7,0
347,B,Texas A&M,LSU,Terry Bussey,Receiver,0,0,0.0,0,0,0,0,0.0,0,2,3,3.9,0
347,B,Texas A&M,LSU,Other WR,Receiver,0,0,0.0,0,0,0,0,0.0,0,6,6,90.4,1
347,B,Texas A&M,LSU,Ashton Bethel-Roman,Receiver,0,0,0.0,0,0,0,0,0.0,0,3,4,23.3,0
347,B,LSU,Texas A&M,Garrett Nussmeier,QB,23,14,129.0,0,0,3,0,0.0,0,0,0,0.0,0
347,B,LSU,Texas A&M,Ju'Juan Johnson,Rusher,0,0,0.0,0,0,0,3,17.4,1,0,0,0.0,0
347,B,LSU,Texas A&M,Caden Durham,Rusher,0,0,0.0,0,0,0,21,112.3,3,0,0,0.0,0
347,B,LSU,Texas A&M,Harlem Berry,Rusher,0,0,0.0,0,0,0,2,14.3,0,0,0,0.0,0
347,B,LSU,Texas A&M,Garrett Nussmeier,Rusher,0,0,0.0,0,0,0,1,0.9,0,0,0,0.0,0
347,B,LSU,Texas A&M,Other RB,Rusher,0,0,0.0,0,0,0,1,2.5,0,0,0,0.0,0
347,B,LSU,Texas A&M,Aaron Anderson,Receiver,0,0,0.0,0,0,0,0,0.0,0,3,6,29.6,0
347,B,LSU,Texas A&M,Zavion Thomas,Receiver,0,0,0.0,0,0,0,0,0.0,0,3,4,59.0,0
347,B,LSU,Texas A&M,Barion Brown,Receiver,0,0,0.0,0,0,0,0,0.0,0,1,3,0.8,0
347,B,LSU,Texas A&M,Other WR,Receiver,0,0,0.0,0,0,0,0,0.0,0,2,3,26.5,0
347,B,LSU,Texas A&M,Bauer Sharp,Receiver,0,0,0.0,0,0,0,0,0.0,0,1,2,0.0,0
347,B,LSU,Texas A&M,Chris Hilton Jr.,Receiver,0,0,0.0,0,0,0,0,0.0,0,0,1,0.0,0
347,B,LSU,Texas A&M,Nic Anderson,Receiver,0,0,0.0,0,0,0,0,0.0,0,1,1,1.8,0
347,B,LSU,Texas A&M,Kyle Parker,Receiver,0,0,0.0,0,0,0,0,0.0,0,3,3,11.4,0
348,A,LSU,Texas A&M,Garrett Nussmeier,QB,34,19,201.9,2,1,0,0,0.0,0,0,0,0.0,0
348,A,LSU,Texas A&M,Kaleb Jackson,Rusher,0,0,0.0,0,0,0,4,23.0,0,0,0,0.0,0
348,A,LSU,Texas A&M,Caden Durham,Rusher,0,0,0.0,0,0,0,13,93.3,1,0,0,0.0,0
348,A,LSU,Texas A&M,Harlem Berry,Rusher,0,0,0.0,0,0,0,6,6.1,0,0,0,0.0,0
348,A,LSU,Texas A&M,Garrett Nussmeier,Rusher,0,0,0.0,0,0,0,3,17.9,0,0,0,0.0,0
348,A,LSU,Texas A&M,Ju'Juan Johnson,Rusher,0,0,0.0,0,0,0,5,7.3,0,0,0,0.0,0
348,A,LSU,Texas A&M,Other RB,Rusher,0,0,0.0,0,0,0,2,2.7,0,0,0,0.0,0
348,A,LSU,Texas A&M,Trey'Dez Green,Receiver,0,0,0.0,0,0,0,0,0.0,0,4,5,64.5,1
348,A,LSU,Texas A&M,Barion Brown,Receiver,0,0,0.0,0,0,0,0,0.0,0,3,4,37.1,0
348,A,LSU,Texas A&M,Aaron Anderson,Receiver,0,0,0.0,0,0,0,0,0.0,0,4,5,40.0,0
348,A,LSU,Texas A&M,Kyle Parker,Receiver,0,0,0.0,0,0,0,0,0.0,0,1,1,0.0,0
348,A,LSU,Texas A&M,Nic Anderson,Receiver,0,0,0.0,0,0,0,0,0.0,0,1,7,13.1,0
348,A,LSU,Texas A&M,Zavion Thomas,Receiver,0,0,0.0,0,0,0,0,0.0,0,3,7,21.5,1
348,A,LSU,Texas A&M,Chris Hilton Jr.,Receiver,0,0,0.0,0,0,0,0,0.0,0,1,1,4.8,0
348,A,LSU,Texas A&M,Bauer Sharp,Receiver,0,0,0.0,0,0,0,0,0.0,0,1,3,0.0,0
348,A,LSU,Texas A&M,Other WR,Receiver,0,0,0.0,0,0,0,0,0.0,0,1,1,20.9,0
348,A,Texas A&M,LSU,Marcel Reed,QB,26,20,229.9,0,0,2,0,0.0,0,0,0,0.0,0
348,A,Texas A&M,LSU,Amari Daniels,Rusher,0,0,0.0,0,0,0,6,23.1,0,0,0,0.0,0
348,A,Texas A&M,LSU,Marcel Reed,Rusher,0,0,0.0,0,0,0,8,17.4,0,0,0,0.0,0
348,A,Texas A&M,LSU,Rueben Owens,Rusher,0,0,0.0,0,0,0,5,22.6,0,0,0,0.0,0
348,A,Texas A&M,LSU,Le'Veon Moss,Rusher,0,0,0.0,0,0,0,7,20.2,2,0,0,0.0,0
348,A,Texas A&M,LSU,E.J. Smith,Rusher,0,0,0.0,0,0,0,3,19.9,0,0,0,0.0,0
348,A,Texas A&M,LSU,Jamarion Morrow,Rusher,0,0,0.0,0,0,0,2,0.7,0,0,0,0.0,0
348,A,Texas A&M,LSU,Kevin Concepcion,Receiver,0,0,0.0,0,0,0,0,0.0,0,7,8,64.8,0
348,A,Texas A&M,LSU,Mario Craver,Receiver,0,0,0.0,0,0,0,0,0.0,0,6,7,53.3,0
348,A,Texas A&M,LSU,Ashton Bethel-Roman,Receiver,0,0,0.0,0,0,0,0,0.0,0,2,2,32.0,0
348,A,Texas A&M,LSU,Terry Bussey,Receiver,0,0,0.0,0,0,0,0,0.0,0,0,0,0.0,0
348,A,Texas A&M,LSU,Amari Niblack,Receiver,0,0,0.0,0,0,0,0,0.0,0,2,2,26.5,0
348,A,Texas A&M,LSU,Other WR,Receiver,0,0,0.0,0,0,0,0,0.0,0,2,3,40.4,0
348,A,Texas A&M,LSU,Theo Melin Ohrstrom,Receiver,0,0,0.0,0,0,0,0,0.0,0,0,3,0.0,0
348,A,Texas A&M,LSU,Nate Boerkircher,Receiver,0,0,0.0,0,0,0,0,0.0,0,1,1,12.9,0
349,B,Texas A&M,LSU,Marcel Reed,QB,24,15,191.1,1,1,4,0,0.0,0,0,0,0.0,0
349,B,Texas A&M,LSU,Le'Veon Moss,Rusher,0,0,0.0,0,0,0,18,79.1,0,0,0,0.0,0
349,B,Texas A&M,LSU,Rueben Owens,Rusher,0,0,0.0,0,0,0,5,15.8,0,0,0,0.0,0
349,B,Texas A&M,LSU,Amari Daniels,Rusher,0,0,0.0,0,0,0,4,14.2,0,0,0,0.0,0
349,B,Texas A&M,LSU,Marcel Reed,Rusher,0,0,0.0,0,0,0,6,36.4,0,0,0,0.0,0
349,B,Texas A&M,LSU,Miles O'Neill,Rusher,0,0,0.0,0,0,0,2,21.1,2,0,0,0.0,0
349,B,Texas A&M,LSU,E.J. Smith,Rusher,0,0,0.0,0,0,0,4,37.8,1,0,0,0.0,0
349,B,Texas A&M,LSU,Ashton Bethel-Roman,Receiver,0,0,0.0,0,0,0,0,0.0,0,3,5,36.4,0
349,B,Texas A&M,LSU,Kevin Concepcion,Receiver,0,0,0.0,0,0,0,0,0.0,0,4,6,66.0,1
349,B,Texas A&M,LSU,Mario Craver,Receiver,0,0,0.0,0,0,0,0,0.0,0,4,5,27.3,0
349,B,Texas A&M,LSU,Nate Boerkircher,Receiver,0,0,0.0,0,0,0,0,0.0,0,0,1,0.0,0
349,B,Texas A&M,LSU,Other WR,Receiver,0,0,0.0,0,0,0,0,0.0,0,2,5,40.0,0
349,B,Texas A&M,LSU,Amari Niblack,Receiver,0,0,0.0,0,0,0,0,0.0,0,1,1,13.0,0
349,B,Texas A&M,LSU,Terry Bussey,Receiver,0,0,0.0,0,0,0,0,0.0,0,1,1,8.4,0
349,B,LSU,Texas A&M,Garrett Nussmeier,QB,29,16,170.9,0,0,3,0,0.0,0,0,0,0.0,0
349,B,LSU,Texas A&M,Ju'Juan Johnson,Rusher,0,0,0.0,0,0,0,4,2.8,0,0,0,0.0,0
349,B,LSU,Texas A&M,Kaleb Jackson,Rusher,0,0,0.0,0,0,0,1,-3.9,0,0,0,0.0,0
349,B,LSU,Texas A&M,Harlem Berry,Rusher,0,0,0.0,0,0,0,4,32.2,0,0,0,0.0,0
349,B,LSU,Texas A&M,Caden Durham,Rusher,0,0,0.0,0,0,0,8,24.7,0,0,0,0.0,0
349,B,LSU,Texas A&M,Garrett Nussmeier,Rusher,0,0,0.0,0,0,0,3,16.7,1,0,0,0.0,0
349,B,LSU,Texas A&M,Other RB,Rusher,0,0,0.0,0,0,0,3,-2.2,0,0,0,0.0,0
349,B,LSU,Texas A&M,Zavion Thomas,Receiver,0,0,0.0,0,0,0,0,0.0,0,4,6,20.1,0
349,B,LSU,Texas A&M,Kyle Parker,Receiver,0,0,0.0,0,0,0,0,0.0,0,1,3,21.9,0
349,B,LSU,Texas A&M,Other WR,Receiver,0,0,0.0,0,0,0,0,0.0,0,1,2,15.1,0
349,B,LSU,Texas A&M,Trey'Dez Green,Receiver,0,0,0.0,0,0,0,0,0.0,0,3,4,36.1,0
349,B,LSU,Texas A&M,Aaron Anderson,Receiver,0,0,0.0,0,0,0,0,0.0,0,4,7,34.9,0
349,B,LSU,Texas A&M,Nic Anderson,Receiver,0,0,0.0,0,0,0,0,0.0,0,0,1,0.0,0
349,B,LSU,Texas A&M,Chris Hilton Jr.,Receiver,0,0,0.0,0,0,0,0,0.0,0,0,2,0.0,0
349,B,LSU,Texas A&M,Barion Brown,Receiver,0,0,0.0,0,0,0,0,0.0,0,2,3,33.8,0
349,B,LSU,Texas A&M,Bauer Sharp,Receiver,0,0,0.0,0,0,0,0,0.0,0,1,1,9.0,0
350,A,LSU,Texas A&M,Garrett Nussmeier,QB,30,22,222.9,2,0,1,0,0.0,0,0,0,0.0,0
350,A,LSU,Texas A&M,Kaleb Jackson,Rusher,0,0,0.0,0,0,0,1,12.8,0,0,0,0.0,0
350,A,LSU,Texas A&M,Caden Durham,Rusher,0,0,0.0,0,0,0,21,51.8,0,0,0,0.0,0
350,A,LSU,Texas A&M,Ju'Juan Johnson,Rusher,0,0,0.0,0,0,0,3,-11.7,0,0,0,0.0,0
350,A,LSU,Texas A&M,Harlem Berry,Rusher,0,0,0.0,0,0,0,7,12.7,0,0,0,0.0,0
350,A,LSU,Texas A&M,Other RB,Rusher,0,0,0.0,0,0,0,4,7.1,0,0,0,0.0,0
350,A,LSU,Texas A&M,Garrett Nussmeier,Rusher,0,0,0.0,0,0,0,1,-1.5,0,0,0,0.0,0
350,A,LSU,Texas A&M,Bauer Sharp,Receiver,0,0,0.0,0,0,0,0,0.0,0,3,4,13.8,0
350,A,LSU,Texas A&M,Aaron Anderson,Receiver,0,0,0.0,0,0,0,0,0.0,0,5,6,56.5,1
350,A,LSU,Texas A&M,Zavion Thomas,Receiver,0,0,0.0,0,0,0,0,0.0,0,2,3,12.0,0
350,A,LSU,Texas A&M,Barion Brown,Receiver,0,0,0.0,0,0,0,0,0.0,0,5,6,61.7,1
350,A,LSU,Texas A&M,Trey'Dez Green,Receiver,0,0,0.0,0,0,0,0,0.0,0,4,4,37.0,0
350,A,LSU,Texas A&M,Other WR,Receiver,0,0,0.0,0,0,0,0,0.0,0,1,2,6.4,0
350,A,LSU,Texas A&M,Chris Hilton Jr.,Receiver,0,0,0.0,0,0,0,0,0.0,0,0,1,0.0,0
350,A,LSU,Texas A&M,Kyle Parker,Receiver,0,0,0.0,0,0,0,0,0.0,0,0,1,0.0,0
350,A,LSU,Texas A&M,Nic Anderson,Receiver,0,0,0.0,0,0,0,0,0.0,0,2,3,35.5,0
350,A,Texas A&M,LSU,Marcel Reed,QB,22,12,103.4,0,0,8,0,0.0,0,0,0,0.0,0
350,A,Texas A&M,LSU,Le'Veon Moss,Rusher,0,0,0.0,0,0,0,5,5.5,0,0,0,0.0,0
350,A,Texas A&M,LSU,E.J. Smith,Rusher,0,0,0.0,0,0,0,2,3.3,0,0,0,0.0,0
350,A,Texas A&M,LSU,Marcel Reed,Rusher,0,0,0.0,0,0,0,6,-2.7,0,0,0,0.0,0
350,A,Texas A&M,LSU,Amari Daniels,Rusher,0,0,0.0,0,0,0,3,15.8,0,0,0,0.0,0
350,A,Texas A&M,LSU,Rueben Owens,Rusher,0,0,0.0,0,0,0,2,5.0,0,0,0,0.0,0
350,A,Texas A&M,LSU,Other WR,Receiver,0,0,0.0,0,0,0,0,0.0,0,4,5,43.7,0
350,A,Texas A&M,LSU,Nate Boerkircher,Receiver,0,0,0.0,0,0,0,0,0.0,0,1,1,8.7,0
350,A,Texas A&M,LSU,Kevin Concepcion,Receiver,0,0,0.0,0,0,0,0,0.0,0,3,9,23.6,0
350,A,Texas A&M,LSU,Ashton Bethel-Roman,Receiver,0,0,0.0,0,0,0,0,0.0,0,1,2,0.0,0
350,A,Texas A&M,LSU,Theo Melin Ohrstrom,Receiver,0,0,0.0,0,0,0,0,0.0,0,2,2,2.8,0
350,A,Texas A&M,LSU,Mario Craver,Receiver,0,0,0.0,0,0,0,0,0.0,0,1,1,24.6,0
350,A,Texas A&M,LSU,Terry Bussey,Receiver,0,0,0.0,0,0,0,0,0.0,0,0,0,0.0,0
350,A,Texas A&M,LSU,Amari Niblack,Receiver,0,0,0.0,0,0,0,0,0.0,0,0,2,0.0,0
351,B,Texas A&M,LSU,Marcel Reed,QB,27,17,201.7,1,0,3,0,0.0,0,0,0,0.0,0
351,B,Texas A&M,LSU,E.J. Smith,Rusher,0,0,0.0,0,0,0,2,-1.6,0,0,0,0.0,0
351,B,Texas A&M,LSU,Le'Veon Moss,Rusher,0,0,0.0,0,0,0,11,35.5,0,0,0,0.0,0
351,B,Texas A&M,LSU,Amari Daniels,Rusher,0,0,0.0,0,0,0,8,53.3,0,0,0,0.0,0
351,B,Texas A&M,LSU,Rueben Owens,Rusher,0,0,0.0,0,0,0,7,20.5,0,0,0,0.0,0
351,B,Texas A&M,LSU,Marcel Reed,Rusher,0,0,0.0,0,0,0,6,17.5,0,0,0,0.0,0
351,B,Texas A&M,LSU,Ashton Bethel-Roman,Receiver,0,0,0.0,0,0,0,0,0.0,0,6,8,66.7,0
351,B,Texas A&M,LSU,Kevin Concepcion,Receiver,0,0,0.0,0,0,0,0,0.0,0,4,4,35.1,0
351,B,Texas A&M,LSU,Other WR,Receiver,0,0,0.0,0,0,0,0,0.0,0,1,2,17.2,0
351,B,Texas A&M,LSU,Theo Melin Ohrstrom,Receiver,0,0,0.0,0,0,0,0,0.0,0,1,4,0.0,0
351,B,Texas A&M,LSU,Mario Craver,Receiver,0,0,0.0,0,0,0,0,0.0,0,2,6,35.9,1
351,B,Texas A&M,LSU,Terry Bussey,Receiver,0,0,0.0,0,0,0,0,0.0,0,2,2,35.9,0
351,B,Texas A&M,LSU,Amari Niblack,Receiver,0,0,0.0,0,0,0,0,0.0,0,1,1,10.9,0
351,B,LSU,Texas A&M,Garrett Nussmeier,QB,28,17,200.2,1,0,2,0,0.0,0,0,0,0.0,0
351,B,LSU,Texas A&M,Ju'Juan Johnson,Rusher,0,0,0.0,0,0,0,7,32.6,1,0,0,0.0,0
351,B,LSU,Texas A&M,Harlem Berry,Rusher,0,0,0.0,0,0,0,5,37.9,0,0,0,0.0,0
351,B,LSU,Texas A&M,Caden Durham,Rusher,0,0,0.0,0,0,0,10,48.2,0,0,0,0.0,0
351,B,LSU,Texas A&M,Other RB,Rusher,0,0,0.0,0,0,0,3,15.5,0,0,0,0.0,0
351,B,LSU,Texas A&M,Garrett Nussmeier,Rusher,0,0,0.0,0,0,0,4,15.3,0,0,0,0.0,0
351,B,LSU,Texas A&M,Barion Brown,Receiver,0,0,0.0,0,0,0,0,0.0,0,2,2,15.1,0
351,B,LSU,Texas A&M,Aaron Anderson,Receiver,0,0,0.0,0,0,0,0,0.0,0,4,5,27.6,0
351,B,LSU,Texas A&M,Trey'Dez Green,Receiver,0,0,0.0,0,0,0,0,0.0,0,3,5,28.5,0
351,B,LSU,Texas A&M,Zavion Thomas,Receiver,0,0,0.0,0,0,0,0,0.0,0,0,2,0.0,0
351,B,LSU,Texas A&M,Chris Hilton Jr.,Receiver,0,0,0.0,0,0,0,0,0.0,0,0,2,0.0,0
351,B,LSU,Texas A&M,Kyle Parker,Receiver,0,0,0.0,0,0,0,0,0.0,0,2,2,32.7,1
351,B,LSU,Texas A&M,Bauer Sharp,Receiver,0,0,0.0,0,0,0,0,0.0,0,2,4,10.7,0
351,B,LSU,Texas A&M,Nic Anderson,Receiver,0,0,0.0,0,0,0,0,0.0,0,2,4,34.7,0
351,B,LSU,Texas A&M,Other WR,Receiver,0,0,0.0,0,0,0,0,0.0,0,2,2,50.8,0
320,A,LSU,Texas A&M,Garrett Nussmeier,QB,22,11,80.1,0,0,1,0,0.0,0,0,0,0.0,0
320,A,LSU,Texas A&M,Caden Durham,Rusher,0,0,0.0,0,0,0,12,59.3,0,0,0,0.0,0
320,A,LSU,Texas A&M,Ju'Juan Johnson,Rusher,0,0,0.0,0,0,0,6,-2.6,0,0,0,0.0,0
320,A,LSU,Texas A&M,Garrett Nussmeier,Rusher,0,0,0.0,0,0,0,3,9.0,0,0,0,0.0,0
320,A,LSU,Texas A&M,Harlem Berry,Rusher,0,0,0.0,0,0,0,5,19.4,0,0,0,0.0,0
320,A,LSU,Texas A&M,Other RB,Rusher,0,0,0.0,0,0,0,4,30.3,1,0,0,0.0,0
320,A,LSU,Texas A&M,Kaleb Jackson,Rusher,0,0,0.0,0,0,0,2,8.1,0,0,0,0.0,0
320,A,LSU,Texas A&M,Kyle Parker,Receiver,0,0,0.0,0,0,0,0,0.0,0,1,6,0.0,0
320,A,LSU,Texas A&M,Trey'Dez Green,Receiver,0,0,0.0,0,0,0,0,0.0,0,0,1,0.0,0
320,A,LSU,Texas A&M,Barion Brown,Receiver,0,0,0.0,0,0,0,0,0.0,0,2,4,13.2,0
320,A,LSU,Texas A&M,Zavion Thomas,Receiver,0,0,0.0,0,0,0,0,0.0,0,1,2,28.9,0
320,A,LSU,Texas A&M,Bauer Sharp,Receiver,0,0,0.0,0,0,0,0,0.0,0,2,2,9.3,0
320,A,LSU,Texas A&M,Other WR,Receiver,0,0,0.0,0,0,0,0,0.0,0,3,4,23.3,0
320,A,LSU,Texas A&M,Nic Anderson,Receiver,0,0,0.0,0,0,0,0,0.0,0,1,2,3.4,0
320,A,LSU,Texas A&M,Aaron Anderson,Receiver,0,0,0.0,0,0,0,0,0.0,0,1,1,2.0,0
320,A,LSU,Texas A&M,Chris Hilton Jr.,Receiver,0,0,0.0,0,0,0,0,0.0,0,0,0,0.0,0
320,A,Texas A&M,LSU,Marcel Reed,QB,29,18,205.0,1,0,8,0,0.0,0,0,0,0.0,0
320,A,Texas A&M,LSU,Amari Daniels,Rusher,0,0,0.0,0,0,0,7,24.6,0,0,0,0.0,0
320,A,Texas A&M,LSU,Le'Veon Moss,Rusher,0,0,0.0,0,0,0,12,57.5,1,0,0,0.0,0
320,A,Texas A&M,LSU,Miles O'Neill,Rusher,0,0,0.0,0,0,0,1,6.0,0,0,0,0.0,0
320,A,Texas A&M,LSU,Rueben Owens,Rusher,0,0,0.0,0,0,0,6,28.0,0,0,0,0.0,0
320,A,Texas A&M,LSU,Amari Niblack,Receiver,0,0,0.0,0,0,0,0,0.0,0,3,3,40.0,0
320,A,Texas A&M,LSU,Kevin Concepcion,Receiver,0,0,0.0,0,0,0,0,0.0,0,4,8,52.5,1
320,A,Texas A&M,LSU,Mario Craver,Receiver,0,0,0.0,0,0,0,0,0.0,0,5,5,33.2,0
320,A,Texas A&M,LSU,Terry Bussey,Receiver,0,0,0.0,0,0,0,0,0.0,0,2,3,18.9,0
320,A,Texas A&M,LSU,Nate Boerkircher,Receiver,0,0,0.0,0,0,0,0,0.0,0,1,2,13.4,0
320,A,Texas A&M,LSU,Other WR,Receiver,0,0,0.0,0,0,0,0,0.0,0,2,6,40.6,0
320,A,Texas A&M,LSU,Ashton Bethel-Roman,Receiver,0,0,0.0,0,0,0,0,0.0,0,0,1,0.0,0
320,A,Texas A&M,LSU,Theo Melin Ohrstrom,Receiver,0,0,0.0,0,0,0,0,0.0,0,1,1,6.3,0
321,B,Texas A&M,LSU,Marcel Reed,QB,20,13,138.7,0,0,6,0,0.0,0,0,0,0.0,0
321,B,Texas A&M,LSU,Le'Veon Moss,Rusher,0,0,0.0,0,0,0,8,30.6,0,0,0,0.0,0
321,B,Texas A&M,LSU,Marcel Reed,Rusher,0,0,0.0,0,0,0,9,29.0,1,0,0,0.0,0
321,B,Texas A&M,LSU,E.J. Smith,Rusher,0,0,0.0,0,0,0,1,-4.0,0,0,0,0.0,0
321,B,Texas A&M,LSU,Rueben Owens,Rusher,0,0,0.0,0,0,0,4,31.9,0,0,0,0.0,0
321,B,Texas A&M,LSU,Amari Daniels,Rusher,0,0,0.0,0,0,0,4,30.6,0,0,0,0.0,0
321,B,Texas A&M,LSU,Ashton Bethel-Roman,Receiver,0,0,0.0,0,0,0,0,0.0,0,3,3,20.6,0
321,B,Texas A&M,LSU,Kevin Concepcion,Receiver,0,0,0.0,0,0,0,0,0.0,0,3,4,39.7,0
321,B,Texas A&M,LSU,Terry Bussey,Receiver,0,0,0.0,0,0,0,0,0.0,0,0,1,0.0,0
321,B,Texas A&M,LSU,Other WR,Receiver,0,0,0.0,0,0,0,0,0.0,0,4,6,32.7,0
321,B,Texas A&M,LSU,Nate Boerkircher,Receiver,0,0,0.0,0,0,0,0,0.0,0,2,2,19.3,0
321,B,Texas A&M,LSU,Mario Craver,Receiver,0,0,0.0,0,0,0,0,0.0,0,1,2,26.4,0
321,B,Texas A&M,LSU,Amari Niblack,Receiver,0,0,0.0,0,0,0,0,0.0,0,0,0,0.0,0
321,B,Texas A&M,LSU,Theo Melin Ohrstrom,Receiver,0,0,0.0,0,0,0,0,0.0,0,0,2,0.0,0
321,B,LSU,Texas A&M,Garrett Nussmeier,QB,19,14,123.6,0,0,0,0,0.0,0,0,0,0.0,0
321,B,LSU,Texas A&M,Ju'Juan Johnson,Rusher,0,0,0.0,0,0,0,7,46.7,1,0,0,0.0,0
321,B,LSU,Texas A&M,Caden Durham,Rusher,0,0,0.0,0,0,0,22,77.6,1,0,0,0.0,0
321,B,LSU,Texas A&M,Harlem Berry,Rusher,0,0,0.0,0,0,0,5,31.9,0,0,0,0.0,0
321,B,LSU,Texas A&M,Garrett Nussmeier,Rusher,0,0,0.0,0,0,0,2,1.7,0,0,0,0.0,0
321,B,LSU,Texas A&M,Other RB,Rusher,0,0,0.0,0,0,0,4,38.1,1,0,0,0.0,0
321,B,LSU,Texas A&M,Kaleb Jackson,Rusher,0,0,0.0,0,0,0,1,1.8,0,0,0,0.0,0
321,B,LSU,Texas A&M,Zavion Thomas,Receiver,0,0,0.0,0,0,0,0,0.0,0,1,2,0.0,0
321,B,LSU,Texas A&M,Aaron Anderson,Receiver,0,0,0.0,0,0,0,0,0.0,0,4,5,54.2,0
321,B,LSU,Texas A&M,Barion Brown,Receiver,0,0,0.0,0,0,0,0,0.0,0,3,4,17.2,0
321,B,LSU,Texas A&M,Nic Anderson,Receiver,0,0,0.0,0,0,0,0,0.0,0,1,1,0.0,0
321,B,LSU,Texas A&M,Other WR,Receiver,0,0,0.0,0,0,0,0,0.0,0,1,1,6.9,0
321,B,LSU,Texas A&M,Kyle Parker,Receiver,0,0,0.0,0,0,0,0,0.0,0,2,2,12.8,0
321,B,LSU,Texas A&M,Chris Hilton Jr.,Receiver,0,0,0.0,0,0,0,0,0.0,0,2,4,32.4,0
322,A,LSU,Texas A&M,Garrett Nussmeier,QB,33,20,254.2,2,0,3,0,0.0,0,0,0,0.0,0
322,A,LSU,Texas A&M,Other RB,Rusher,0,0,0.0,0,0,0,4,10.0,0,0,0,0.0,0
322,A,LSU,Texas A&M,Caden Durham,Rusher,0,0,0.0,0,0,0,12,38.2,0,0,0,0.0,0
322,A,LSU,Texas A&M,Ju'Juan Johnson,Rusher,0,0,0.0,0,0,0,7,19.8,0,0,0,0.0,0
322,A,LSU,Texas A&M,Harlem Berry,Rusher,0,0,0.0,0,0,0,3,28.1,1,0,0,0.0,0
322,A,LSU,Texas A&M,Garrett Nussmeier,Rusher,0,0,0.0,0,0,0,1,-2.6,0,0,0,0.0,0
322,A,LSU,Texas A&M,Kaleb Jackson,Rusher,0,0,0.0,0,0,0,2,9.9,0,0,0,0.0,0
322,A,LSU,Texas A&M,Barion Brown,Receiver,0,0,0.0,0,0,0,0,0.0,0,4,7,43.8,0
322,A,LSU,Texas A&M,Other WR,Receiver,0,0,0.0,0,0,0,0,0.0,0,2,2,41.7,0
322,A,LSU,Texas A&M,Trey'Dez Green,Receiver,0,0,0.0,0,0,0,0,0.0,0,2,2,17.4,0
322,A,LSU,Texas A&M,Chris Hilton Jr.,Receiver,0,0,0.0,0,0,0,0,0.0,0,1,2,19.8,0
322,A,LSU,Texas A&M,Aaron Anderson,Receiver,0,0,0.0,0,0,0,0,0.0,0,3,8,19.5,0
322,A,LSU,Texas A&M,Kyle Parker,Receiver,0,0,0.0,0,0,0,0,0.0,0,2,3,29.4,0
322,A,LSU,Texas A&M,Bauer Sharp,Receiver,0,0,0.0,0,0,0,0,0.0,0,4,5,72.2,2
322,A,LSU,Texas A&M,Zavion Thomas,Receiver,0,0,0.0,0,0,0,0,0.0,0,1,2,0.9,0
322,A,LSU,Texas A&M,Nic Anderson,Receiver,0,0,0.0,0,0,0,0,0.0,0,1,2,9.5,0
322,A,Texas A&M,LSU,Marcel Reed,QB,23,17,230.6,1,0,3,0,0.0,0,0,0,0.0,0
322,A,Texas A&M,LSU,Amari Daniels,Rusher,0,0,0.0,0,0,0,4,14.1,0,0,0,0.0,0
322,A,Texas A&M,LSU,E.J. Smith,Rusher,0,0,0.0,0,0,0,3,17.1,0,0,0,0.0,0
322,A,Texas A&M,LSU,Le'Veon Moss,Rusher,0,0,0.0,0,0,0,7,10.2,0,0,0,0.0,0
322,A,Texas A&M,LSU,Rueben Owens,Rusher,0,0,0.0,0,0,0,8,42.5,1,0,0,0.0,0
322,A,Texas A&M,LSU,Marcel Reed,Rusher,0,0,0.0,0,0,0,8,25.1,0,0,0,0.0,0
322,A,Texas A&M,LSU,Kevin Concepcion,Receiver,0,0,0.0,0,0,0,0,0.0,0,5,7,88.7,0
322,A,Texas A&M,LSU,Other WR,Receiver,0,0,0.0,0,0,0,0,0.0,0,3,6,42.2,1
322,A,Texas A&M,LSU,Theo Melin Ohrstrom,Receiver,0,0,0.0,0,0,0,0,0.0,0,1,2,3.6,0
322,A,Texas A&M,LSU,Mario Craver,Receiver,0,0,0.0,0,0,0,0,0.0,0,6,6,87.9,0
322,A,Texas A&M,LSU,Ashton Bethel-Roman,Receiver,0,0,0.0,0,0,0,0,0.0,0,0,0,0.0,0
322,A,Texas A&M,LSU,Amari Niblack,Receiver,0,0,0.0,0,0,0,0,0.0,0,1,1,0.0,0
322,A,Texas A&M,LSU,Terry Bussey,Receiver,0,0,0.0,0,0,0,0,0.0,0,1,1,8.2,0
323,B,Texas A&M,LSU,Marcel Reed,QB,24,14,190.7,0,0,4,0,0.0,0,0,0,0.0,0
323,B,Texas A&M,LSU,Le'Veon Moss,Rusher,0,0,0.0,0,0,0,17,73.8,1,0,0,0.0,0
323,B,Texas A&M,LSU,Amari Daniels,Rusher,0,0,0.0,0,0,0,9,19.4,0,0,0,0.0,0
323,B,Texas A&M,LSU,Marcel Reed,Rusher,0,0,0.0,0,0,0,7,35.9,1,0,0,0.0,0
323,B,Texas A&M,LSU,Other RB,Rusher,0,0,0.0,0,0,0,1,14.2,0,0,0,0.0,0
323,B,Texas A&M,LSU,E.J. Smith,Rusher,0,0,0.0,0,0,0,3,8.4,0,0,0,0.0,0
323,B,Texas A&M,LSU,Jamarion Morrow,Rusher,0,0,0.0,0,0,0,2,6.1,0,0,0,0.0,0
323,B,Texas A&M,LSU,Rueben Owens,Rusher,0,0,0.0,0,0,0,7,24.2,0,0,0,0.0,0
323,B,Texas A&M,LSU,Other WR,Receiver,0,0,0.0,0,0,0,0,0.0,0,2,4,44.1,0
323,B,Texas A&M,LSU,Terry Bussey,Receiver,0,0,0.0,0,0,0,0,0.0,0,1,3,7.7,0
323,B,Texas A&M,LSU,Theo Melin Ohrstrom,Receiver,0,0,0.0,0,0,0,0,0.0,0,2,2,31.8,0
323,B,Texas A&M,LSU,Ashton Bethel-Roman,Receiver,0,0,0.0,0,0,0,0,0.0,0,2,3,40.5,0
323,B,Texas A&M,LSU,Kevin Concepcion,Receiver,0,0,0.0,0,0,0,0,0.0,0,2,5,46.6,0
323,B,Texas A&M,LSU,Mario Craver,Receiver,0,0,0.0,0,0,0,0,0.0,0,1,2,1.6,0
323,B,Texas A&M,LSU,Nate Boerkircher,Receiver,0,0,0.0,0,0,0,0,0.0,0,1,1,8.2,0
323,B,Texas A&M,LSU,Amari Niblack,Receiver,0,0,0.0,0,0,0,0,0.0,0,3,4,10.3,0
323,B,LSU,Texas A&M,Garrett Nussmeier,QB,31,18,246.6,1,0,1,0,0.0,0,0,0,0.0,0
323,B,LSU,Texas A&M,Ju'Juan Johnson,Rusher,0,0,0.0,0,0,0,3,10.4,0,0,0,0.0,0
323,B,LSU,Texas A&M,Other RB,Rusher,0,0,0.0,0,0,0,2,-0.8,0,0,0,0.0,0
323,B,LSU,Texas A&M,Kaleb Jackson,Rusher,0,0,0.0,0,0,0,1,4.2,0,0,0,0.0,0
323,B,LSU,Texas A&M,Caden Durham,Rusher,0,0,0.0,0,0,0,6,10.3,0,0,0,0.0,0
323,B,LSU,Texas A&M,Harlem Berry,Rusher,0,0,0.0,0,0,0,4,25.5,0,0,0,0.0,0
323,B,LSU,Texas A&M,Garrett Nussmeier,Rusher,0,0,0.0,0,0,0,1,-1.1,0,0,0,0.0,0
323,B,LSU,Texas A&M,Barion Brown,Receiver,0,0,0.0,0,0,0,0,0.0,0,1,5,17.2,0
323,B,LSU,Texas A&M,Bauer Sharp,Receiver,0,0,0.0,0,0,0,0,0.0,0,3,4,16.6,0
323,B,LSU,Texas A&M,Kyle Parker,Receiver,0,0,0.0,0,0,0,0,0.0,0,2,2,35.4,0
323,B,LSU,Texas A&M,Zavion Thomas,Receiver,0,0,0.0,0,0,0,0,0.0,0,2,3,24.2,0
323,B,LSU,Texas A&M,Other WR,Receiver,0,0,0.0,0,0,0,0,0.0,0,3,5,32.6,0
323,B,LSU,Texas A&M,Aaron Anderson,Receiver,0,0,0.0,0,0,0,0,0.0,0,5,7,105.4,1
323,B,LSU,Texas A&M,Trey'Dez Green,Receiver,0,0,0.0,0,0,0,0,0.0,0,1,3,10.5,0
323,B,LSU,Texas A&M,Nic Anderson,Receiver,0,0,0.0,0,0,0,0,0.0,0,1,2,4.7,0
324,A,LSU,Texas A&M,Garrett Nussmeier,QB,40,22,249.5,1,0,3,0,0.0,0,0,0,0.0,0
324,A,LSU,Texas A&M,Caden Durham,Rusher,0,0,0.0,0,0,0,16,88.0,1,0,0,0.0,0
324,A,LSU,Texas A&M,Ju'Juan Johnson,Rusher,0,0,0.0,0,0,0,6,20.6,0,0,0,0.0,0
324,A,LSU,Texas A&M,Harlem Berry,Rusher,0,0,0.0,0,0,0,4,28.7,0,0,0,0.0,0
324,A,LSU,Texas A&M,Other RB,Rusher,0,0,0.0,0,0,0,2,9.9,0,0,0,0.0,0
324,A,LSU,Texas A&M,Kaleb Jackson,Rusher,0,0,0.0,0,0,0,1,-1.2,0,0,0,0.0,0
324,A,LSU,Texas A&M,Garrett Nussmeier,Rusher,0,0,0.0,0,0,0,1,16.2,1,0,0,0.0,0
324,A,LSU,Texas A&M,Barion Brown,Receiver,0,0,0.0,0,0,0,0,0.0,0,3,7,34.2,0
324,A,LSU,Texas A&M,Trey'Dez Green,Receiver,0,0,0.0,0,0,0,0,0.0,0,1,3,0.0,0
324,A,LSU,Texas A&M,Aaron Anderson,Receiver,0,0,0.0,0,0,0,0,0.0,0,5,7,77.3,0
324,A,LSU,Texas A&M,Zavion Thomas,Receiver,0,0,0.0,0,0,0,0,0.0,0,2,4,12.0,0
324,A,LSU,Texas A&M,Chris Hilton Jr.,Receiver,0,0,0.0,0,0,0,0,0.0,0,2,3,11.7,0
324,A,LSU,Texas A&M,Nic Anderson,Receiver,0,0,0.0,0,0,0,0,0.0,0,2,7,17.4,0
324,A,LSU,Texas A&M,Kyle Parker,Receiver,0,0,0.0,0,0,0,0,0.0,0,2,3,33.9,1
324,A,LSU,Texas A&M,Bauer Sharp,Receiver,0,0,0.0,0,0,0,0,0.0,0,3,4,30.6,0
324,A,LSU,Texas A&M,Other WR,Receiver,0,0,0.0,0,0,0,0,0.0,0,2,2,32.4,0
324,A,Texas A&M,LSU,Marcel Reed,QB,19,13,121.9,3,0,3,0,0.0,0,0,0,0.0,0
324,A,Texas A&M,LSU,Le'Veon Moss,Rusher,0,0,0.0,0,0,0,16,58.5,0,0,0,0.0,0
324,A,Texas A&M,LSU,Marcel Reed,Rusher,0,0,0.0,0,0,0,7,42.2,0,0,0,0.0,0
324,A,Texas A&M,LSU,Rueben Owens,Rusher,0,0,0.0,0,0,0,4,23.0,0,0,0,0.0,0
324,A,Texas A&M,LSU,Miles O'Neill,Rusher,0,0,0.0,0,0,0,1,4.6,0,0,0,0.0,0
324,A,Texas A&M,LSU,E.J. Smith,Rusher,0,0,0.0,0,0,0,1,1.3,0,0,0,0.0,0
324,A,Texas A&M,LSU,Amari Daniels,Rusher,0,0,0.0,0,0,0,2,9.6,0,0,0,0.0,0
324,A,Texas A&M,LSU,Amari Niblack,Receiver,0,0,0.0,0,0,0,0,0.0,0,1,1,0.0,0
324,A,Texas A&M,LSU,Theo Melin Ohrstrom,Receiver,0,0,0.0,0,0,0,0,0.0,0,2,3,6.3,0
324,A,Texas A&M,LSU,Terry Bussey,Receiver,0,0,0.0,0,0,0,0,0.0,0,1,2,19.6,1
324,A,Texas A&M,LSU,Mario Craver,Receiver,0,0,0.0,0,0,0,0,0.0,0,4,5,41.2,0
324,A,Texas A&M,LSU,Kevin Concepcion,Receiver,0,0,0.0,0,0,0,0,0.0,0,1,3,1.2,0
324,A,Texas A&M,LSU,Nate Boerkircher,Receiver,0,0,0.0,0,0,0,0,0.0,0,0,1,0.0,0
324,A,Texas A&M,LSU,Other WR,Receiver,0,0,0.0,0,0,0,0,0.0,0,3,3,33.3,2
324,A,Texas A&M,LSU,Ashton Bethel-Roman,Receiver,0,0,0.0,0,0,0,0,0.0,0,1,1,20.2,0
325,B,Texas A&M,LSU,Marcel Reed,QB,31,21,176.0,0,0,3,0,0.0,0,0,0,0.0,0
325,B,Texas A&M,LSU,Le'Veon Moss,Rusher,0,0,0.0,0,0,0,11,72.5,1,0,0,0.0,0
325,B,Texas A&M,LSU,Marcel Reed,Rusher,0,0,0.0,0,0,0,9,37.9,0,0,0,0.0,0
325,B,Texas A&M,LSU,Amari Daniels,Rusher,0,0,0.0,0,0,0,1,21.1,1,0,0,0.0,0
325,B,Texas A&M,LSU,Rueben Owens,Rusher,0,0,0.0,0,0,0,3,33.9,0,0,0,0.0,0
325,B,Texas A&M,LSU,E.J. Smith,Rusher,0,0,0.0,0,0,0,2,10.3,0,0,0,0.0,0
325,B,Texas A&M,LSU,Jamarion Morrow,Rusher,0,0,0.0,0,0,0,2,-7.1,0,0,0,0.0,0
325,B,Texas A&M,LSU,Mario Craver,Receiver,0,0,0.0,0,0,0,0,0.0,0,7,9,55.8,0
325,B,Texas A&M,LSU,Kevin Concepcion,Receiver,0,0,0.0,0,0,0,0,0.0,0,6,10,24.4,0
325,B,Texas A&M,LSU,Terry Bussey,Receiver,0,0,0.0,0,0,0,0,0.0,0,1,3,21.2,0
325,B,Texas A&M,LSU,Theo Melin Ohrstrom,Receiver,0,0,0.0,0,0,0,0,0.0,0,3,3,35.7,0
325,B,Texas A&M,LSU,Other WR,Receiver,0,0,0.0,0,0,0,0,0.0,0,3,4,31.4,0
325,B,Texas A&M,LSU,Nate Boerkircher,Receiver,0,0,0.0,0,0,0,0,0.0,0,0,1,0.0,0
325,B,Texas A&M,LSU,Ashton Bethel-Roman,Receiver,0,0,0.0,0,0,0,0,0.0,0,1,1,7.5,0
325,B,LSU,Texas A&M,Garrett Nussmeier,QB,33,26,238.2,0,0,1,0,0.0,0,0,0,0.0,0
325,B,LSU,Texas A&M,Ju'Juan Johnson,Rusher,0,0,0.0,0,0,0,3,-1.9,0,0,0,0.0,0
325,B,LSU,Texas A&M,Kaleb Jackson,Rusher,0,0,0.0,0,0,0,2,8.7,0,0,0,0.0,0
325,B,LSU,Texas A&M,Caden Durham,Rusher,0,0,0.0,0,0,0,15,79.7,3,0,0,0.0,0
325,B,LSU,Texas A&M,Garrett Nussmeier,Rusher,0,0,0.0,0,0,0,1,-2.9,0,0,0,0.0,0
325,B,LSU,Texas A&M,Other RB,Rusher,0,0,0.0,0,0,0,3,14.9,0,0,0,0.0,0
325,B,LSU,Texas A&M,Harlem Berry,Rusher,0,0,0.0,0,0,0,1,4.3,0,0,0,0.0,0
325,B,LSU,Texas A&M,Nic Anderson,Receiver,0,0,0.0,0,0,0,0,0.0,0,2,4,32.4,0
325,B,LSU,Texas A&M,Zavion Thomas,Receiver,0,0,0.0,0,0,0,0,0.0,0,4,4,31.4,0
325,B,LSU,Texas A&M,Aaron Anderson,Receiver,0,0,0.0,0,0,0,0,0.0,0,5,7,32.4,0
325,B,LSU,Texas A&M,Barion Brown,Receiver,0,0,0.0,0,0,0,0,0.0,0,3,5,42.7,0
325,B,LSU,Texas A&M,Bauer Sharp,Receiver,0,0,0.0,0,0,0,0,0.0,0,4,4,41.2,0
325,B,LSU,Texas A&M,Other WR,Receiver,0,0,0.0,0,0,0,0,0.0,0,5,5,43.0,0
325,B,LSU,Texas A&M,Kyle Parker,Receiver,0,0,0.0,0,0,0,0,0.0,0,1,1,0.0,0
325,B,LSU,Texas A&M,Trey'Dez Green,Receiver,0,0,0.0,0,0,0,0,0.0,0,2,2,15.2,0
325,B,LSU,Texas A&M,Chris Hilton Jr.,Receiver,0,0,0.0,0,0,0,0,0.0,0,0,1,0.0,0
326,A,LSU,Texas A&M,Garrett Nussmeier,QB,27,15,126.4,0,0,4,0,0.0,0,0,0,0.0,0
326,A,LSU,Texas A&M,Garrett Nussmeier,Rusher,0,0,0.0,0,0,0,4,17.8,1,0,0,0.0,0
326,A,LSU,Texas A&M,Harlem Berry,Rusher,0,0,0.0,0,0,0,7,21.7,0,0,0,0.0,0
326,A,LSU,Texas A&M,Caden Durham,Rusher,0,0,0.0,0,0,0,17,96.4,1,0,0,0.0,0
326,A,LSU,Texas A&M,Other RB,Rusher,0,0,0.0,0,0,0,2,3.2,0,0,0,0.0,0
326,A,LSU,Texas A&M,Ju'Juan Johnson,Rusher,0,0,0.0,0,0,0,2,3.2,0,0,0,0.0,0
326,A,LSU,Texas A&M,Kaleb Jackson,Rusher,0,0,0.0,0,0,0,1,8.0,0,0,0,0.0,0
326,A,LSU,Texas A&M,Other WR,Receiver,0,0,0.0,0,0,0,0,0.0,0,2,3,23.9,0
326,A,LSU,Texas A&M,Barion Brown,Receiver,0,0,0.0,0,0,0,0,0.0,0,4,6,46.3,0
326,A,LSU,Texas A&M,Nic Anderson,Receiver,0,0,0.0,0,0,0,0,0.0,0,1,2,8.8,0
326,A,LSU,Texas A&M,Aaron Anderson,Receiver,0,0,0.0,0,0,0,0,0.0,0,2,5,10.3,0
326,A,LSU,Texas A&M,Zavion Thomas,Receiver,0,0,0.0,0,0,0,0,0.0,0,1,3,4.3,0
326,A,LSU,Texas A&M,Kyle Parker,Receiver,0,0,0.0,0,0,0,0,0.0,0,2,2,14.7,0
326,A,LSU,Texas A&M,Bauer Sharp,Receiver,0,0,0.0,0,0,0,0,0.0,0,2,4,5.5,0
326,A,LSU,Texas A&M,Chris Hilton Jr.,Receiver,0,0,0.0,0,0,0,0,0.0,0,0,1,0.0,0
326,A,LSU,Texas A&M,Trey'Dez Green,Receiver,0,0,0.0,0,0,0,0,0.0,0,1,1,12.7,0
326,A,Texas A&M,LSU,Marcel Reed,QB,23,14,94.3,0,1,3,0,0.0,0,0,0,0.0,0
326,A,Texas A&M,LSU,Le'Veon Moss,Rusher,0,0,0.0,0,0,0,16,83.9,2,0,0,0.0,0
326,A,Texas A&M,LSU,Amari Daniels,Rusher,0,0,0.0,0,0,0,6,26.6,0,0,0,0.0,0
326,A,Texas A&M,LSU,Rueben Owens,Rusher,0,0,0.0,0,0,0,5,34.3,0,0,0,0.0,0
326,A,Texas A&M,LSU,Marcel Reed,Rusher,0,0,0.0,0,0,0,6,15.6,0,0,0,0.0,0
326,A,Texas A&M,LSU,Mario Craver,Receiver,0,0,0.0,0,0,0,0,0.0,0,4,6,33.9,0
326,A,Texas A&M,LSU,Theo Melin Ohrstrom,Receiver,0,0,0.0,0,0,0,0,0.0,0,1,3,0.0,0
326,A,Texas A&M,LSU,Kevin Concepcion,Receiver,0,0,0.0,0,0,0,0,0.0,0,4,7,20.8,0
326,A,Texas A&M,LSU,Other WR,Receiver,0,0,0.0,0,0,0,0,0.0,0,2,3,39.6,0
326,A,Texas A&M,LSU,Ashton Bethel-Roman,Receiver,0,0,0.0,0,0,0,0,0.0,0,1,2,0.0,0
326,A,Texas A&M,LSU,Terry Bussey,Receiver,0,0,0.0,0,0,0,0,0.0,0,1,1,0.0,0
326,A,Texas A&M,LSU,Amari Niblack,Receiver,0,0,0.0,0,0,0,0,0.0,0,1,1,0.0,0
327,B,Texas A&M,LSU,Marcel Reed,QB,26,20,255.5,2,0,3,0,0.0,0,0,0,0.0,0
327,B,Texas A&M,LSU,E.J. Smith,Rusher,0,0,0.0,0,0,0,3,15.5,0,0,0,0.0,0
327,B,Texas A&M,LSU,Le'Veon Moss,Rusher,0,0,0.0,0,0,0,10,30.4,1,0,0,0.0,0
327,B,Texas A&M,LSU,Amari Daniels,Rusher,0,0,0.0,0,0,0,11,63.3,1,0,0,0.0,0
327,B,Texas A&M,LSU,Marcel Reed,Rusher,0,0,0.0,0,0,0,11,61.2,1,0,0,0.0,0
327,B,Texas A&M,LSU,Rueben Owens,Rusher,0,0,0.0,0,0,0,4,17.8,0,0,0,0.0,0
327,B,Texas A&M,LSU,Mario Craver,Receiver,0,0,0.0,0,0,0,0,0.0,0,4,7,51.0,0
327,B,Texas A&M,LSU,Nate Boerkircher,Receiver,0,0,0.0,0,0,0,0,0.0,0,0,0,0.0,0
327,B,Texas A&M,LSU,Other WR,Receiver,0,0,0.0,0,0,0,0,0.0,0,7,8,96.9,1
327,B,Texas A&M,LSU,Kevin Concepcion,Receiver,0,0,0.0,0,0,0,0,0.0,0,2,3,30.6,0
327,B,Texas A&M,LSU,Theo Melin Ohrstrom,Receiver,0,0,0.0,0,0,0,0,0.0,0,4,4,41.0,1
327,B,Texas A&M,LSU,Ashton Bethel-Roman,Receiver,0,0,0.0,0,0,0,0,0.0,0,0,1,0.0,0
327,B,Texas A&M,LSU,Terry Bussey,Receiver,0,0,0.0,0,0,0,0,0.0,0,1,1,0.0,0
327,B,Texas A&M,LSU,Amari Niblack,Receiver,0,0,0.0,0,0,0,0,0.0,0,2,2,36.0,0
327,B,LSU,Texas A&M,Garrett Nussmeier,QB,33,15,216.6,0,0,3,0,0.0,0,0,0,0.0,0
327,B,LSU,Texas A&M,Ju'Juan Johnson,Rusher,0,0,0.0,0,0,0,5,12.5,0,0,0,0.0,0
327,B,LSU,Texas A&M,Caden Durham,Rusher,0,0,0.0,0,0,0,6,40.0,1,0,0,0.0,0
327,B,LSU,Texas A&M,Kaleb Jackson,Rusher,0,0,0.0,0,0,0,2,10.0,0,0,0,0.0,0
327,B,LSU,Texas A&M,Harlem Berry,Rusher,0,0,0.0,0,0,0,4,10.7,0,0,0,0.0,0
327,B,LSU,Texas A&M,Other RB,Rusher,0,0,0.0,0,0,0,1,-2.9,0,0,0,0.0,0
327,B,LSU,Texas A&M,Bauer Sharp,Receiver,0,0,0.0,0,0,0,0,0.0,0,0,3,0.0,0
327,B,LSU,Texas A&M,Zavion Thomas,Receiver,0,0,0.0,0,0,0,0,0.0,0,1,4,0.0,0
327,B,LSU,Texas A&M,Barion Brown,Receiver,0,0,0.0,0,0,0,0,0.0,0,3,6,10.2,0
327,B,LSU,Texas A&M,Trey'Dez Green,Receiver,0,0,0.0,0,0,0,0,0.0,0,1,6,13.7,0
327,B,LSU,Texas A&M,Nic Anderson,Receiver,0,0,0.0,0,0,0,0,0.0,0,3,3,36.0,0
327,B,LSU,Texas A&M,Kyle Parker,Receiver,0,0,0.0,0,0,0,0,0.0,0,2,3,35.3,0
327,B,LSU,Texas A&M,Other WR,Receiver,0,0,0.0,0,0,0,0,0.0,0,3,4,87.8,0
327,B,LSU,Texas A&M,Aaron Anderson,Receiver,0,0,0.0,0,0,0,0,0.0,0,2,4,33.7,0
328,A,LSU,Texas A&M,Garrett Nussmeier,QB,30,18,177.4,1,0,2,0,0.0,0,0,0,0.0,0
328,A,LSU,Texas A&M,Caden Durham,Rusher,0,0,0.0,0,0,0,18,81.5,0,0,0,0.0,0
328,A,LSU,Texas A&M,Harlem Berry,Rusher,0,0,0.0,0,0,0,3,5.8,0,0,0,0.0,0
328,A,LSU,Texas A&M,Ju'Juan Johnson,Rusher,0,0,0.0,0,0,0,3,-9.1,0,0,0,0.0,0
328,A,LSU,Texas A&M,Kaleb Jackson,Rusher,0,0,0.0,0,0,0,1,9.7,0,0,0,0.0,0
328,A,LSU,Texas A&M,Garrett Nussmeier,Rusher,0,0,0.0,0,0,0,2,17.5,0,0,0,0.0,0
328,A,LSU,Texas A&M,Aaron Anderson,Receiver,0,0,0.0,0,0,0,0,0.0,0,3,5,23.8,0
328,A,LSU,Texas A&M,Zavion Thomas,Receiver,0,0,0.0,0,0,0,0,0.0,0,4,4,51.3,0
328,A,LSU,Texas A&M,Kyle Parker,Receiver,0,0,0.0,0,0,0,0,0.0,0,3,5,20.7,0
328,A,LSU,Texas A&M,Other WR,Receiver,0,0,0.0,0,0,0,0,0.0,0,2,3,22.9,0
328,A,LSU,Texas A&M,Bauer Sharp,Receiver,0,0,0.0,0,0,0,0,0.0,0,1,2,1.6,0
328,A,LSU,Texas A&M,Trey'Dez Green,Receiver,0,0,0.0,0,0,0,0,0.0,0,0,1,0.0,0
328,A,LSU,Texas A&M,Barion Brown,Receiver,0,0,0.0,0,0,0,0,0.0,0,3,6,19.4,1
328,A,LSU,Texas A&M,Chris Hilton Jr.,Receiver,0,0,0.0,0,0,0,0,0.0,0,1,2,24.4,0
328,A,LSU,Texas A&M,Nic Anderson,Receiver,0,0,0.0,0,0,0,0,0.0,0,1,2,13.3,0
328,A,Texas A&M,LSU,Marcel Reed,QB,22,15,189.3,0,0,2,0,0.0,0,0,0,0.0,0
328,A,Texas A&M,LSU,Le'Veon Moss,Rusher,0,0,0.0,0,0,0,16,76.8,1,0,0,0.0,0
328,A,Texas A&M,LSU,Marcel Reed,Rusher,0,0,0.0,0,0,0,7,53.6,0,0,0,0.0,0
328,A,Texas A&M,LSU,Rueben Owens,Rusher,0,0,0.0,0,0,0,10,22.1,0,0,0,0.0,0
328,A,Texas A&M,LSU,Amari Daniels,Rusher,0,0,0.0,0,0,0,5,11.6,0,0,0,0.0,0
328,A,Texas A&M,LSU,Amari Niblack,Receiver,0,0,0.0,0,0,0,0,0.0,0,2,2,40.6,0
328,A,Texas A&M,LSU,Mario Craver,Receiver,0,0,0.0,0,0,0,0,0.0,0,4,5,18.5,0
328,A,Texas A&M,LSU,Kevin Concepcion,Receiver,0,0,0.0,0,0,0,0,0.0,0,2,4,45.3,0
328,A,Texas A&M,LSU,Terry Bussey,Receiver,0,0,0.0,0,0,0,0,0.0,0,1,1,8.8,0
328,A,Texas A&M,LSU,Other WR,Receiver,0,0,0.0,0,0,0,0,0.0,0,0,3,0.0,0
328,A,Texas A&M,LSU,Ashton Bethel-Roman,Receiver,0,0,0.0,0,0,0,0,0.0,0,3,4,38.6,0
328,A,Texas A&M,LSU,Theo Melin Ohrstrom,Receiver,0,0,0.0,0,0,0,0,0.0,0,3,3,37.5,0
329,B,Texas A&M,LSU,Marcel Reed,QB,22,14,188.3,1,0,3,0,0.0,0,0,0,0.0,0
329,B,Texas A&M,LSU,Le'Veon Moss,Rusher,0,0,0.0,0,0,0,20,137.6,1,0,0,0.0,0
329,B,Texas A&M,LSU,Marcel Reed,Rusher,0,0,0.0,0,0,0,8,9.7,0,0,0,0.0,0
329,B,Texas A&M,LSU,Jamarion Morrow,Rusher,0,0,0.0,0,0,0,1,4.0,0,0,0,0.0,0
329,B,Texas A&M,LSU,Amari Daniels,Rusher,0,0,0.0,0,0,0,5,39.1,1,0,0,0.0,0
329,B,Texas A&M,LSU,Other RB,Rusher,0,0,0.0,0,0,0,1,4.4,0,0,0,0.0,0
329,B,Texas A&M,LSU,Rueben Owens,Rusher,0,0,0.0,0,0,0,4,18.1,1,0,0,0.0,0
329,B,Texas A&M,LSU,Other WR,Receiver,0,0,0.0,0,0,0,0,0.0,0,4,5,59.4,1
329,B,Texas A&M,LSU,Ashton Bethel-Roman,Receiver,0,0,0.0,0,0,0,0,0.0,0,1,3,0.0,0
329,B,Texas A&M,LSU,Kevin Concepcion,Receiver,0,0,0.0,0,0,0,0,0.0,0,5,8,71.1,0
329,B,Texas A&M,LSU,Mario Craver,Receiver,0,0,0.0,0,0,0,0,0.0,0,2,3,29.1,0
329,B,Texas A&M,LSU,Nate Boerkircher,Receiver,0,0,0.0,0,0,0,0,0.0,0,0,1,0.0,0
329,B,Texas A&M,LSU,Theo Melin Ohrstrom,Receiver,0,0,0.0,0,0,0,0,0.0,0,1,1,0.0,0
329,B,Texas A&M,LSU,Amari Niblack,Receiver,0,0,0.0,0,0,0,0,0.0,0,1,1,28.7,0
329,B,LSU,Texas A&M,Garrett Nussmeier,QB,25,16,172.0,1,0,3,0,0.0,0,0,0,0.0,0
329,B,LSU,Texas A&M,Caden Durham,Rusher,0,0,0.0,0,0,0,11,34.2,0,0,0,0.0,0
329,B,LSU,Texas A&M,Ju'Juan Johnson,Rusher,0,0,0.0,0,0,0,7,26.6,0,0,0,0.0,0
329,B,LSU,Texas A&M,Other RB,Rusher,0,0,0.0,0,0,0,2,10.1,0,0,0,0.0,0
329,B,LSU,Texas A&M,Garrett Nussmeier,Rusher,0,0,0.0,0,0,0,2,18.7,0,0,0,0.0,0
329,B,LSU,Texas A&M,Harlem Berry,Rusher,0,0,0.0,0,0,0,3,10.3,0,0,0,0.0,0
329,B,LSU,Texas A&M,Kaleb Jackson,Rusher,0,0,0.0,0,0,0,2,15.0,1,0,0,0.0,0
329,B,LSU,Texas A&M,Barion Brown,Receiver,0,0,0.0,0,0,0,0,0.0,0,2,5,43.7,0
329,B,LSU,Texas A&M,Trey'Dez Green,Receiver,0,0,0.0,0,0,0,0,0.0,0,1,2,1.2,0
329,B,LSU,Texas A&M,Bauer Sharp,Receiver,0,0,0.0,0,0,0,0,0.0,0,2,3,16.8,0
329,B,LSU,Texas A&M,Aaron Anderson,Receiver,0,0,0.0,0,0,0,0,0.0,0,6,9,76.7,1
329,B,LSU,Texas A&M,Zavion Thomas,Receiver,0,0,0.0,0,0,0,0,0.0,0,3,3,14.3,0
329,B,LSU,Texas A&M,Nic Anderson,Receiver,0,0,0.0,0,0,0,0,0.0,0,1,2,19.3,0
329,B,LSU,Texas A&M,Other WR,Receiver,0,0,0.0,0,0,0,0,0.0,0,1,1,0.0,0
330,A,LSU,Texas A&M,Garrett Nussmeier,QB,36,23,241.8,1,0,0,0,0.0,0,0,0,0.0,0
330,A,LSU,Texas A&M,Ju'Juan Johnson,Rusher,0,0,0.0,0,0,0,9,44.5,1,0,0,0.0,0
330,A,LSU,Texas A&M,Garrett Nussmeier,Rusher,0,0,0.0,0,0,0,1,9.1,0,0,0,0.0,0
330,A,LSU,Texas A&M,Other RB,Rusher,0,0,0.0,0,0,0,1,0.6,0,0,0,0.0,0
330,A,LSU,Texas A&M,Harlem Berry,Rusher,0,0,0.0,0,0,0,6,32.7,0,0,0,0.0,0
330,A,LSU,Texas A&M,Caden Durham,Rusher,0,0,0.0,0,0,0,17,65.2,2,0,0,0.0,0
330,A,LSU,Texas A&M,Aaron Anderson,Receiver,0,0,0.0,0,0,0,0,0.0,0,3,6,39.4,0
330,A,LSU,Texas A&M,Trey'Dez Green,Receiver,0,0,0.0,0,0,0,0,0.0,0,6,6,45.7,0
330,A,LSU,Texas A&M,Bauer Sharp,Receiver,0,0,0.0,0,0,0,0,0.0,0,4,6,56.2,1
330,A,LSU,Texas A&M,Zavion Thomas,Receiver,0,0,0.0,0,0,0,0,0.0,0,3,4,18.2,0
330,A,LSU,Texas A&M,Barion Brown,Receiver,0,0,0.0,0,0,0,0,0.0,0,4,6,45.0,0
330,A,LSU,Texas A&M,Kyle Parker,Receiver,0,0,0.0,0,0,0,0,0.0,0,2,3,17.5,0
330,A,LSU,Texas A&M,Nic Anderson,Receiver,0,0,0.0,0,0,0,0,0.0,0,0,1,0.0,0
330,A,LSU,Texas A&M,Chris Hilton Jr.,Receiver,0,0,0.0,0,0,0,0,0.0,0,0,2,0.0,0
330,A,LSU,Texas A&M,Other WR,Receiver,0,0,0.0,0,0,0,0,0.0,0,1,2,19.8,0
330,A,Texas A&M,LSU,Marcel Reed,QB,26,18,253.4,0,0,3,0,0.0,0,0,0,0.0,0
330,A,Texas A&M,LSU,Le'Veon Moss,Rusher,0,0,0.0,0,0,0,11,68.4,1,0,0,0.0,0
330,A,Texas A&M,LSU,Rueben Owens,Rusher,0,0,0.0,0,0,0,5,22.5,0,0,0,0.0,0
330,A,Texas A&M,LSU,Amari Daniels,Rusher,0,0,0.0,0,0,0,3,17.6,1,0,0,0.0,0
330,A,Texas A&M,LSU,Jamarion Morrow,Rusher,0,0,0.0,0,0,0,3,11.9,0,0,0,0.0,0
330,A,Texas A&M,LSU,Marcel Reed,Rusher,0,0,0.0,0,0,0,4,20.5,1,0,0,0.0,0
330,A,Texas A&M,LSU,E.J. Smith,Rusher,0,0,0.0,0,0,0,2,15.6,0,0,0,0.0,0
330,A,Texas A&M,LSU,Nate Boerkircher,Receiver,0,0,0.0,0,0,0,0,0.0,0,4,6,63.4,0
330,A,Texas A&M,LSU,Other WR,Receiver,0,0,0.0,0,0,0,0,0.0,0,4,6,80.0,0
330,A,Texas A&M,LSU,Amari Niblack,Receiver,0,0,0.0,0,0,0,0,0.0,0,2,2,33.1,0
330,A,Texas A&M,LSU,Mario Craver,Receiver,0,0,0.0,0,0,0,0,0.0,0,3,3,29.7,0
330,A,Texas A&M,LSU,Kevin Concepcion,Receiver,0,0,0.0,0,0,0,0,0.0,0,3,4,25.8,0
330,A,Texas A&M,LSU,Terry Bussey,Receiver,0,0,0.0,0,0,0,0,0.0,0,1,2,6.9,0
330,A,Texas A&M,LSU,Ashton Bethel-Roman,Receiver,0,0,0.0,0,0,0,0,0.0,0,1,2,14.6,0
330,A,Texas A&M,LSU,Theo Melin Ohrstrom,Receiver,0,0,0.0,0,0,0,0,0.0,0,0,1,0.0,0
331,B,Texas A&M,LSU,Marcel Reed,QB,30,19,207.6,1,0,7,0,0.0,0,0,0,0.0,0
331,B,Texas A&M,LSU,Rueben Owens,Rusher,0,0,0.0,0,0,0,4,25.4,0,0,0,0.0,0
331,B,Texas A&M,LSU,Le'Veon Moss,Rusher,0,0,0.0,0,0,0,8,18.6,0,0,0,0.0,0
331,B,Texas A&M,LSU,E.J. Smith,Rusher,0,0,0.0,0,0,0,2,21.4,1,0,0,0.0,0
331,B,Texas A&M,LSU,Miles O'Neill,Rusher,0,0,0.0,0,0,0,1,2.0,0,0,0,0.0,0
331,B,Texas A&M,LSU,Marcel Reed,Rusher,0,0,0.0,0,0,0,7,28.0,0,0,0,0.0,0
331,B,Texas A&M,LSU,Amari Daniels,Rusher,0,0,0.0,0,0,0,3,12.8,0,0,0,0.0,0
331,B,Texas A&M,LSU,Jamarion Morrow,Rusher,0,0,0.0,0,0,0,1,-3.7,0,0,0,0.0,0
331,B,Texas A&M,LSU,Kevin Concepcion,Receiver,0,0,0.0,0,0,0,0,0.0,0,7,10,76.4,1
331,B,Texas A&M,LSU,Other WR,Receiver,0,0,0.0,0,0,0,0,0.0,0,3,5,47.5,0
331,B,Texas A&M,LSU,Ashton Bethel-Roman,Receiver,0,0,0.0,0,0,0,0,0.0,0,2,3,9.9,0
331,B,Texas A&M,LSU,Mario Craver,Receiver,0,0,0.0,0,0,0,0,0.0,0,5,7,45.6,0
331,B,Texas A&M,LSU,Nate Boerkircher,Receiver,0,0,0.0,0,0,0,0,0.0,0,1,1,0.0,0
331,B,Texas A&M,LSU,Terry Bussey,Receiver,0,0,0.0,0,0,0,0,0.0,0,1,4,28.4,0
331,B,LSU,Texas A&M,Garrett Nussmeier,QB,17,11,110.7,2,0,1,0,0.0,0,0,0,0.0,0
331,B,LSU,Texas A&M,Other RB,Rusher,0,0,0.0,0,0,0,6,11.4,0,0,0,0.0,0
331,B,LSU,Texas A&M,Caden Durham,Rusher,0,0,0.0,0,0,0,19,118.8,2,0,0,0.0,0
331,B,LSU,Texas A&M,Garrett Nussmeier,Rusher,0,0,0.0,0,0,0,5,25.8,0,0,0,0.0,0
331,B,LSU,Texas A&M,Harlem Berry,Rusher,0,0,0.0,0,0,0,2,1.9,0,0,0,0.0,0
331,B,LSU,Texas A&M,Ju'Juan Johnson,Rusher,0,0,0.0,0,0,0,2,0.7,0,0,0,0.0,0
331,B,LSU,Texas A&M,Kaleb Jackson,Rusher,0,0,0.0,0,0,0,1,12.6,0,0,0,0.0,0
331,B,LSU,Texas A&M,Bauer Sharp,Receiver,0,0,0.0,0,0,0,0,0.0,0,0,1,0.0,0
331,B,LSU,Texas A&M,Barion Brown,Receiver,0,0,0.0,0,0,0,0,0.0,0,1,3,4.1,0
331,B,LSU,Texas A&M,Zavion Thomas,Receiver,0,0,0.0,0,0,0,0,0.0,0,2,3,25.9,1
331,B,LSU,Texas A&M,Aaron Anderson,Receiver,0,0,0.0,0,0,0,0,0.0,0,5,7,52.4,1
331,B,LSU,Texas A&M,Chris Hilton Jr.,Receiver,0,0,0.0,0,0,0,0,0.0,0,1,1,12.3,0
331,B,LSU,Texas A&M,Trey'Dez Green,Receiver,0,0,0.0,0,0,0,0,0.0,0,1,1,16.1,0
331,B,LSU,Texas A&M,Nic Anderson,Receiver,0,0,0.0,0,0,0,0,0.0,0,1,1,0.0,0
332,A,LSU,Texas A&M,Garrett Nussmeier,QB,33,20,170.8,0,0,1,0,0.0,0,0,0,0.0,0
332,A,LSU,Texas A&M,Harlem Berry,Rusher,0,0,0.0,0,0,0,4,-1.5,0,0,0,0.0,0
332,A,LSU,Texas A&M,Kaleb Jackson,Rusher,0,0,0.0,0,0,0,1,-3.9,0,0,0,0.0,0
332,A,LSU,Texas A&M,Caden Durham,Rusher,0,0,0.0,0,0,0,13,63.9,1,0,0,0.0,0
332,A,LSU,Texas A&M,Other RB,Rusher,0,0,0.0,0,0,0,3,7.8,0,0,0,0.0,0
332,A,LSU,Texas A&M,Garrett Nussmeier,Rusher,0,0,0.0,0,0,0,3,2.2,1,0,0,0.0,0
332,A,LSU,Texas A&M,Ju'Juan Johnson,Rusher,0,0,0.0,0,0,0,3,2.9,0,0,0,0.0,0
332,A,LSU,Texas A&M,Trey'Dez Green,Receiver,0,0,0.0,0,0,0,0,0.0,0,3,6,27.3,0
332,A,LSU,Texas A&M,Zavion Thomas,Receiver,0,0,0.0,0,0,0,0,0.0,0,1,3,3.8,0
332,A,LSU,Texas A&M,Barion Brown,Receiver,0,0,0.0,0,0,0,0,0.0,0,3,6,22.6,0
332,A,LSU,Texas A&M,Other WR,Receiver,0,0,0.0,0,0,0,0,0.0,0,2,4,4.6,0
332,A,LSU,Texas A&M,Bauer Sharp,Receiver,0,0,0.0,0,0,0,0,0.0,0,1,2,11.5,0
332,A,LSU,Texas A&M,Kyle Parker,Receiver,0,0,0.0,0,0,0,0,0.0,0,3,4,8.0,0
332,A,LSU,Texas A&M,Aaron Anderson,Receiver,0,0,0.0,0,0,0,0,0.0,0,6,6,90.2,0
332,A,LSU,Texas A&M,Chris Hilton Jr.,Receiver,0,0,0.0,0,0,0,0,0.0,0,1,1,2.9,0
332,A,LSU,Texas A&M,Nic Anderson,Receiver,0,0,0.0,0,0,0,0,0.0,0,0,1,0.0,0
332,A,Texas A&M,LSU,Marcel Reed,QB,28,12,201.4,1,0,3,0,0.0,0,0,0,0.0,0
332,A,Texas A&M,LSU,Le'Veon Moss,Rusher,0,0,0.0,0,0,0,12,38.5,0,0,0,0.0,0
332,A,Texas A&M,LSU,Amari Daniels,Rusher,0,0,0.0,0,0,0,8,34.9,0,0,0,0.0,0
332,A,Texas A&M,LSU,Marcel Reed,Rusher,0,0,0.0,0,0,0,8,24.3,0,0,0,0.0,0
332,A,Texas A&M,LSU,Rueben Owens,Rusher,0,0,0.0,0,0,0,6,13.4,0,0,0,0.0,0
332,A,Texas A&M,LSU,E.J. Smith,Rusher,0,0,0.0,0,0,0,2,5.8,0,0,0,0.0,0
332,A,Texas A&M,LSU,Other WR,Receiver,0,0,0.0,0,0,0,0,0.0,0,2,6,25.2,0
332,A,Texas A&M,LSU,Terry Bussey,Receiver,0,0,0.0,0,0,0,0,0.0,0,2,4,45.3,1
332,A,Texas A&M,LSU,Kevin Concepcion,Receiver,0,0,0.0,0,0,0,0,0.0,0,3,8,48.0,0
332,A,Texas A&M,LSU,Mario Craver,Receiver,0,0,0.0,0,0,0,0,0.0,0,2,4,45.6,0
332,A,Texas A&M,LSU,Ashton Bethel-Roman,Receiver,0,0,0.0,0,0,0,0,0.0,0,2,2,14.8,0
332,A,Texas A&M,LSU,Amari Niblack,Receiver,0,0,0.0,0,0,0,0,0.0,0,0,2,0.0,0
332,A,Texas A&M,LSU,Theo Melin Ohrstrom,Receiver,0,0,0.0,0,0,0,0,0.0,0,1,1,22.5,0
332,A,Texas A&M,LSU,Nate Boerkircher,Receiver,0,0,0.0,0,0,0,0,0.0,0,0,1,0.0,0
333,B,Texas A&M,LSU,Marcel Reed,QB,22,16,225.5,1,0,1,0,0.0,0,0,0,0.0,0
333,B,Texas A&M,LSU,Le'Veon Moss,Rusher,0,0,0.0,0,0,0,20,99.4,2,0,0,0.0,0
333,B,Texas A&M,LSU,E.J. Smith,Rusher,0,0,0.0,0,0,0,1,-1.3,0,0,0,0.0,0
333,B,Texas A&M,LSU,Rueben Owens,Rusher,0,0,0.0,0,0,0,7,42.2,0,0,0,0.0,0
333,B,Texas A&M,LSU,Marcel Reed,Rusher,0,0,0.0,0,0,0,7,29.8,0,0,0,0.0,0
333,B,Texas A&M,LSU,Amari Daniels,Rusher,0,0,0.0,0,0,0,2,17.6,1,0,0,0.0,0
333,B,Texas A&M,LSU,Miles O'Neill,Rusher,0,0,0.0,0,0,0,1,1.8,0,0,0,0.0,0
333,B,Texas A&M,LSU,Jamarion Morrow,Rusher,0,0,0.0,0,0,0,1,3.0,0,0,0,0.0,0
333,B,Texas A&M,LSU,Other WR,Receiver,0,0,0.0,0,0,0,0,0.0,0,4,5,83.8,0
333,B,Texas A&M,LSU,Theo Melin Ohrstrom,Receiver,0,0,0.0,0,0,0,0,0.0,0,1,2,8.7,0
333,B,Texas A&M,LSU,Mario Craver,Receiver,0,0,0.0,0,0,0,0,0.0,0,5,7,63.0,1
333,B,Texas A&M,LSU,Kevin Concepcion,Receiver,0,0,0.0,0,0,0,0,0.0,0,3,4,32.7,0
333,B,Texas A&M,LSU,Nate Boerkircher,Receiver,0,0,0.0,0,0,0,0,0.0,0,1,1,34.1,0
333,B,Texas A&M,LSU,Terry Bussey,Receiver,0,0,0.0,0,0,0,0,0.0,0,1,2,0.0,0
333,B,Texas A&M,LSU,Ashton Bethel-Roman,Receiver,0,0,0.0,0,0,0,0,0.0,0,1,1,3.3,0
333,B,LSU,Texas A&M,Garrett Nussmeier,QB,30,16,142.1,0,0,1,0,0.0,0,0,0,0.0,0
333,B,LSU,Texas A&M,Caden Durham,Rusher,0,0,0.0,0,0,0,15,75.5,1,0,0,0.0,0
333,B,LSU,Texas A&M,Harlem Berry,Rusher,0,0,0.0,0,0,0,4,-3.5,0,0,0,0.0,0
333,B,LSU,Texas A&M,Kaleb Jackson,Rusher,0,0,0.0,0,0,0,1,-2.6,0,0,0,0.0,0
333,B,LSU,Texas A&M,Ju'Juan Johnson,Rusher,0,0,0.0,0,0,0,5,25.0,0,0,0,0.0,0
333,B,LSU,Texas A&M,Other RB,Rusher,0,0,0.0,0,0,0,4,15.1,0,0,0,0.0,0
333,B,LSU,Texas A&M,Aaron Anderson,Receiver,0,0,0.0,0,0,0,0,0.0,0,3,5,5.1,0
333,B,LSU,Texas A&M,Zavion Thomas,Receiver,0,0,0.0,0,0,0,0,0.0,0,4,5,54.2,0
333,B,LSU,Texas A&M,Bauer Sharp,Receiver,0,0,0.0,0,0,0,0,0.0,0,1,3,0.0,0
333,B,LSU,Texas A&M,Kyle Parker,Receiver,0,0,0.0,0,0,0,0,0.0,0,0,1,0.0,0
333,B,LSU,Texas A&M,Barion Brown,Receiver,0,0,0.0,0,0,0,0,0.0,0,2,5,4.9,0
333,B,LSU,Texas A&M,Trey'Dez Green,Receiver,0,0,0.0,0,0,0,0,0.0,0,2,7,14.4,0
333,B,LSU,Texas A&M,Other WR,Receiver,0,0,0.0,0,0,0,0,0.0,0,3,3,57.6,0
333,B,LSU,Texas A&M,Nic Anderson,Receiver,0,0,0.0,0,0,0,0,0.0,0,1,1,5.8,0
334,A,LSU,Texas A&M,Garrett Nussmeier,QB,24,15,150.0,1,0,0,0,0.0,0,0,0,0.0,0
334,A,LSU,Texas A&M,Harlem Berry,Rusher,0,0,0.0,0,0,0,6,22.2,1,0,0,0.0,0
334,A,LSU,Texas A&M,Caden Durham,Rusher,0,0,0.0,0,0,0,20,128.6,3,0,0,0.0,0
334,A,LSU,Texas A&M,Other RB,Rusher,0,0,0.0,0,0,0,2,6.8,0,0,0,0.0,0
334,A,LSU,Texas A&M,Kaleb Jackson,Rusher,0,0,0.0,0,0,0,5,32.7,0,0,0,0.0,0
334,A,LSU,Texas A&M,Ju'Juan Johnson,Rusher,0,0,0.0,0,0,0,2,4.9,0,0,0,0.0,0
334,A,LSU,Texas A&M,Garrett Nussmeier,Rusher,0,0,0.0,0,0,0,2,10.8,0,0,0,0.0,0
334,A,LSU,Texas A&M,Zavion Thomas,Receiver,0,0,0.0,0,0,0,0,0.0,0,2,7,25.1,1
334,A,LSU,Texas A&M,Bauer Sharp,Receiver,0,0,0.0,0,0,0,0,0.0,0,1,1,5.6,0
334,A,LSU,Texas A&M,Barion Brown,Receiver,0,0,0.0,0,0,0,0,0.0,0,2,4,25.8,0
334,A,LSU,Texas A&M,Kyle Parker,Receiver,0,0,0.0,0,0,0,0,0.0,0,1,1,4.8,0
334,A,LSU,Texas A&M,Chris Hilton Jr.,Receiver,0,0,0.0,0,0,0,0,0.0,0,2,2,13.7,0
334,A,LSU,Texas A&M,Trey'Dez Green,Receiver,0,0,0.0,0,0,0,0,0.0,0,0,1,0.0,0
334,A,LSU,Texas A&M,Aaron Anderson,Receiver,0,0,0.0,0,0,0,0,0.0,0,4,5,9.3,0
334,A,LSU,Texas A&M,Other WR,Receiver,0,0,0.0,0,0,0,0,0.0,0,3,3,65.7,0
334,A,Texas A&M,LSU,Marcel Reed,QB,33,26,316.4,2,0,2,0,0.0,0,0,0,0.0,0
334,A,Texas A&M,LSU,Le'Veon Moss,Rusher,0,0,0.0,0,0,0,13,44.3,0,0,0,0.0,0
334,A,Texas A&M,LSU,Marcel Reed,Rusher,0,0,0.0,0,0,0,3,26.9,1,0,0,0.0,0
334,A,Texas A&M,LSU,Miles O'Neill,Rusher,0,0,0.0,0,0,0,2,1.1,0,0,0,0.0,0
334,A,Texas A&M,LSU,Rueben Owens,Rusher,0,0,0.0,0,0,0,6,11.7,1,0,0,0.0,0
334,A,Texas A&M,LSU,E.J. Smith,Rusher,0,0,0.0,0,0,0,1,-4.0,0,0,0,0.0,0
334,A,Texas A&M,LSU,Amari Daniels,Rusher,0,0,0.0,0,0,0,1,-0.9,0,0,0,0.0,0
334,A,Texas A&M,LSU,Theo Melin Ohrstrom,Receiver,0,0,0.0,0,0,0,0,0.0,0,2,3,33.7,0
334,A,Texas A&M,LSU,Mario Craver,Receiver,0,0,0.0,0,0,0,0,0.0,0,5,6,55.7,0
334,A,Texas A&M,LSU,Terry Bussey,Receiver,0,0,0.0,0,0,0,0,0.0,0,5,6,55.6,1
334,A,Texas A&M,LSU,Kevin Concepcion,Receiver,0,0,0.0,0,0,0,0,0.0,0,5,8,55.4,0
334,A,Texas A&M,LSU,Other WR,Receiver,0,0,0.0,0,0,0,0,0.0,0,6,7,86.7,0
334,A,Texas A&M,LSU,Ashton Bethel-Roman,Receiver,0,0,0.0,0,0,0,0,0.0,0,2,2,8.0,0
334,A,Texas A&M,LSU,Nate Boerkircher,Receiver,0,0,0.0,0,0,0,0,0.0,0,1,1,21.3,1
335,B,Texas A&M,LSU,Marcel Reed,QB,34,25,276.2,2,0,2,0,0.0,0,0,0,0.0,0
335,B,Texas A&M,LSU,Miles O'Neill,Rusher,0,0,0.0,0,0,0,1,-0.2,0,0,0,0.0,0
335,B,Texas A&M,LSU,Marcel Reed,Rusher,0,0,0.0,0,0,0,5,59.8,1,0,0,0.0,0
335,B,Texas A&M,LSU,Le'Veon Moss,Rusher,0,0,0.0,0,0,0,10,45.0,0,0,0,0.0,0
335,B,Texas A&M,LSU,Rueben Owens,Rusher,0,0,0.0,0,0,0,5,26.9,2,0,0,0.0,0
335,B,Texas A&M,LSU,Amari Daniels,Rusher,0,0,0.0,0,0,0,4,-3.6,0,0,0,0.0,0
335,B,Texas A&M,LSU,Kevin Concepcion,Receiver,0,0,0.0,0,0,0,0,0.0,0,4,8,50.7,1
335,B,Texas A&M,LSU,Ashton Bethel-Roman,Receiver,0,0,0.0,0,0,0,0,0.0,0,1,3,21.7,0
335,B,Texas A&M,LSU,Mario Craver,Receiver,0,0,0.0,0,0,0,0,0.0,0,4,4,8.2,0
335,B,Texas A&M,LSU,Other WR,Receiver,0,0,0.0,0,0,0,0,0.0,0,4,6,70.1,0
335,B,Texas A&M,LSU,Theo Melin Ohrstrom,Receiver,0,0,0.0,0,0,0,0,0.0,0,5,5,36.6,0
335,B,Texas A&M,LSU,Terry Bussey,Receiver,0,0,0.0,0,0,0,0,0.0,0,4,4,45.6,1
335,B,Texas A&M,LSU,Amari Niblack,Receiver,0,0,0.0,0,0,0,0,0.0,0,2,2,43.3,0
335,B,Texas A&M,LSU,Nate Boerkircher,Receiver,0,0,0.0,0,0,0,0,0.0,0,1,2,0.0,0
335,B,LSU,Texas A&M,Garrett Nussmeier,QB,39,18,134.7,2,0,1,0,0.0,0,0,0,0.0,0
335,B,LSU,Texas A&M,Harlem Berry,Rusher,0,0,0.0,0,0,0,5,44.9,1,0,0,0.0,0
335,B,LSU,Texas A&M,Ju'Juan Johnson,Rusher,0,0,0.0,0,0,0,3,36.4,0,0,0,0.0,0
335,B,LSU,Texas A&M,Other RB,Rusher,0,0,0.0,0,0,0,5,20.1,0,0,0,0.0,0
335,B,LSU,Texas A&M,Caden Durham,Rusher,0,0,0.0,0,0,0,11,38.0,0,0,0,0.0,0
335,B,LSU,Texas A&M,Garrett Nussmeier,Rusher,0,0,0.0,0,0,0,4,24.7,0,0,0,0.0,0
335,B,LSU,Texas A&M,Kaleb Jackson,Rusher,0,0,0.0,0,0,0,2,8.7,0,0,0,0.0,0
335,B,LSU,Texas A&M,Barion Brown,Receiver,0,0,0.0,0,0,0,0,0.0,0,3,5,4.0,0
335,B,LSU,Texas A&M,Trey'Dez Green,Receiver,0,0,0.0,0,0,0,0,0.0,0,7,13,79.7,1
335,B,LSU,Texas A&M,Aaron Anderson,Receiver,0,0,0.0,0,0,0,0,0.0,0,4,7,29.1,1
335,B,LSU,Texas A&M,Zavion Thomas,Receiver,0,0,0.0,0,0,0,0,0.0,0,1,4,7.0,0
335,B,LSU,Texas A&M,Other WR,Receiver,0,0,0.0,0,0,0,0,0.0,0,1,2,0.0,0
335,B,LSU,Texas A&M,Bauer Sharp,Receiver,0,0,0.0,0,0,0,0,0.0,0,0,3,0.0,0
335,B,LSU,Texas A&M,Chris Hilton Jr.,Receiver,0,0,0.0,0,0,0,0,0.0,0,1,2,0.8,0
335,B,LSU,Texas A&M,Nic Anderson,Receiver,0,0,0.0,0,0,0,0,0.0,0,1,2,14.1,0
335,B,LSU,Texas A&M,Kyle Parker,Receiver,0,0,0.0,0,0,0,0,0.0,0,0,1,0.0,0
368,A,LSU,Texas A&M,Garrett Nussmeier,QB,33,17,136.6,1,0,1,0,0.0,0,0,0,0.0,0
368,A,LSU,Texas A&M,Garrett Nussmeier,Rusher,0,0,0.0,0,0,0,2,-6.4,0,0,0,0.0,0
368,A,LSU,Texas A&M,Ju'Juan Johnson,Rusher,0,0,0.0,0,0,0,3,-5.4,0,0,0,0.0,0
368,A,LSU,Texas A&M,Harlem Berry,Rusher,0,0,0.0,0,0,0,5,22.6,0,0,0,0.0,0
368,A,LSU,Texas A&M,Caden Durham,Rusher,0,0,0.0,0,0,0,4,-1.8,0,0,0,0.0,0
368,A,LSU,Texas A&M,Kaleb Jackson,Rusher,0,0,0.0,0,0,0,1,3.2,0,0,0,0.0,0
368,A,LSU,Texas A&M,Aaron Anderson,Receiver,0,0,0.0,0,0,0,0,0.0,0,5,9,41.0,1
368,A,LSU,Texas A&M,Barion Brown,Receiver,0,0,0.0,0,0,0,0,0.0,0,5,10,30.0,0
368,A,LSU,Texas A&M,Trey'Dez Green,Receiver,0,0,0.0,0,0,0,0,0.0,0,3,3,22.4,0
368,A,LSU,Texas A&M,Kyle Parker,Receiver,0,0,0.0,0,0,0,0,0.0,0,0,3,0.0,0
368,A,LSU,Texas A&M,Zavion Thomas,Receiver,0,0,0.0,0,0,0,0,0.0,0,2,2,9.3,0
368,A,LSU,Texas A&M,Other WR,Receiver,0,0,0.0,0,0,0,0,0.0,0,1,2,13.1,0
368,A,LSU,Texas A&M,Chris Hilton Jr.,Receiver,0,0,0.0,0,0,0,0,0.0,0,0,1,0.0,0
368,A,LSU,Texas A&M,Bauer Sharp,Receiver,0,0,0.0,0,0,0,0,0.0,0,1,2,20.8,0
368,A,LSU,Texas A&M,Nic Anderson,Receiver,0,0,0.0,0,0,0,0,0.0,0,0,1,0.0,0
368,A,Texas A&M,LSU,Marcel Reed,QB,25,17,135.9,0,0,2,0,0.0,0,0,0,0.0,0
368,A,Texas A&M,LSU,Amari Daniels,Rusher,0,0,0.0,0,0,0,4,21.5,0,0,0,0.0,0
368,A,Texas A&M,LSU,Marcel Reed,Rusher,0,0,0.0,0,0,0,13,71.9,2,0,0,0.0,0
368,A,Texas A&M,LSU,Jamarion Morrow,Rusher,0,0,0.0,0,0,0,3,21.0,0,0,0,0.0,0
368,A,Texas A&M,LSU,Le'Veon Moss,Rusher,0,0,0.0,0,0,0,13,83.6,1,0,0,0.0,0
368,A,Texas A&M,LSU,Rueben Owens,Rusher,0,0,0.0,0,0,0,7,56.6,1,0,0,0.0,0
368,A,Texas A&M,LSU,E.J. Smith,Rusher,0,0,0.0,0,0,0,2,7.2,0,0,0,0.0,0
368,A,Texas A&M,LSU,Miles O'Neill,Rusher,0,0,0.0,0,0,0,1,11.5,0,0,0,0.0,0
368,A,Texas A&M,LSU,Other WR,Receiver,0,0,0.0,0,0,0,0,0.0,0,4,7,27.0,0
368,A,Texas A&M,LSU,Terry Bussey,Receiver,0,0,0.0,0,0,0,0,0.0,0,1,1,17.0,0
368,A,Texas A&M,LSU,Kevin Concepcion,Receiver,0,0,0.0,0,0,0,0,0.0,0,4,6,37.7,0
368,A,Texas A&M,LSU,Amari Niblack,Receiver,0,0,0.0,0,0,0,0,0.0,0,2,4,1.5,0
368,A,Texas A&M,LSU,Nate Boerkircher,Receiver,0,0,0.0,0,0,0,0,0.0,0,2,2,7.1,0
368,A,Texas A&M,LSU,Mario Craver,Receiver,0,0,0.0,0,0,0,0,0.0,0,1,2,8.1,0
368,A,Texas A&M,LSU,Theo Melin Ohrstrom,Receiver,0,0,0.0,0,0,0,0,0.0,0,2,2,28.2,0
368,A,Texas A&M,LSU,Ashton Bethel-Roman,Receiver,0,0,0.0,0,0,0,0,0.0,0,1,1,9.2,0
369,B,Texas A&M,LSU,Marcel Reed,QB,23,16,196.9,1,0,3,0,0.0,0,0,0,0.0,0
369,B,Texas A&M,LSU,Le'Veon Moss,Rusher,0,0,0.0,0,0,0,16,21.4,1,0,0,0.0,0
369,B,Texas A&M,LSU,Jamarion Morrow,Rusher,0,0,0.0,0,0,0,2,16.8,0,0,0,0.0,0
369,B,Texas A&M,LSU,Amari Daniels,Rusher,0,0,0.0,0,0,0,7,11.5,0,0,0,0.0,0
369,B,Texas A&M,LSU,Rueben Owens,Rusher,0,0,0.0,0,0,0,8,24.0,0,0,0,0.0,0
369,B,Texas A&M,LSU,Marcel Reed,Rusher,0,0,0.0,0,0,0,3,-3.4,0,0,0,0.0,0
369,B,Texas A&M,LSU,E.J. Smith,Rusher,0,0,0.0,0,0,0,1,5.8,0,0,0,0.0,0
369,B,Texas A&M,LSU,Miles O'Neill,Rusher,0,0,0.0,0,0,0,2,2.0,0,0,0,0.0,0
369,B,Texas A&M,LSU,Other WR,Receiver,0,0,0.0,0,0,0,0,0.0,0,7,8,66.5,1
369,B,Texas A&M,LSU,Ashton Bethel-Roman,Receiver,0,0,0.0,0,0,0,0,0.0,0,1,3,13.4,0
369,B,Texas A&M,LSU,Mario Craver,Receiver,0,0,0.0,0,0,0,0,0.0,0,2,4,0.0,0
369,B,Texas A&M,LSU,Terry Bussey,Receiver,0,0,0.0,0,0,0,0,0.0,0,2,2,48.0,0
369,B,Texas A&M,LSU,Kevin Concepcion,Receiver,0,0,0.0,0,0,0,0,0.0,0,2,3,52.0,0
369,B,Texas A&M,LSU,Nate Boerkircher,Receiver,0,0,0.0,0,0,0,0,0.0,0,1,1,13.0,0
369,B,Texas A&M,LSU,Amari Niblack,Receiver,0,0,0.0,0,0,0,0,0.0,0,0,1,0.0,0
369,B,Texas A&M,LSU,Theo Melin Ohrstrom,Receiver,0,0,0.0,0,0,0,0,0.0,0,1,1,3.9,0
369,B,LSU,Texas A&M,Garrett Nussmeier,QB,30,18,129.5,1,0,2,0,0.0,0,0,0,0.0,0
369,B,LSU,Texas A&M,Kaleb Jackson,Rusher,0,0,0.0,0,0,0,1,5.8,0,0,0,0.0,0
369,B,LSU,Texas A&M,Caden Durham,Rusher,0,0,0.0,0,0,0,13,51.6,1,0,0,0.0,0
369,B,LSU,Texas A&M,Harlem Berry,Rusher,0,0,0.0,0,0,0,4,36.4,0,0,0,0.0,0
369,B,LSU,Texas A&M,Ju'Juan Johnson,Rusher,0,0,0.0,0,0,0,3,2.1,0,0,0,0.0,0
369,B,LSU,Texas A&M,Other RB,Rusher,0,0,0.0,0,0,0,1,-3.1,0,0,0,0.0,0
369,B,LSU,Texas A&M,Trey'Dez Green,Receiver,0,0,0.0,0,0,0,0,0.0,0,5,7,24.6,0
369,B,LSU,Texas A&M,Kyle Parker,Receiver,0,0,0.0,0,0,0,0,0.0,0,3,3,24.0,0
369,B,LSU,Texas A&M,Barion Brown,Receiver,0,0,0.0,0,0,0,0,0.0,0,0,3,0.0,0
369,B,LSU,Texas A&M,Nic Anderson,Receiver,0,0,0.0,0,0,0,0,0.0,0,3,3,32.4,0
369,B,LSU,Texas A&M,Aaron Anderson,Receiver,0,0,0.0,0,0,0,0,0.0,0,2,3,26.7,1
369,B,LSU,Texas A&M,Bauer Sharp,Receiver,0,0,0.0,0,0,0,0,0.0,0,3,4,0.0,0
369,B,LSU,Texas A&M,Chris Hilton Jr.,Receiver,0,0,0.0,0,0,0,0,0.0,0,1,2,8.5,0
369,B,LSU,Texas A&M,Zavion Thomas,Receiver,0,0,0.0,0,0,0,0,0.0,0,1,4,13.4,0
369,B,LSU,Texas A&M,Other WR,Receiver,0,0,0.0,0,0,0,0,0.0,0,0,1,0.0,0
370,A,LSU,Texas A&M,Garrett Nussmeier,QB,25,17,209.1,2,0,0,0,0.0,0,0,0,0.0,0
370,A,LSU,Texas A&M,Caden Durham,Rusher,0,0,0.0,0,0,0,21,65.7,1,0,0,0.0,0
370,A,LSU,Texas A&M,Garrett Nussmeier,Rusher,0,0,0.0,0,0,0,4,8.3,0,0,0,0.0,0
370,A,LSU,Texas A&M,Other RB,Rusher,0,0,0.0,0,0,0,2,10.4,0,0,0,0.0,0
370,A,LSU,Texas A&M,Ju'Juan Johnson,Rusher,0,0,0.0,0,0,0,1,9.5,0,0,0,0.0,0
370,A,LSU,Texas A&M,Kaleb Jackson,Rusher,0,0,0.0,0,0,0,2,0.8,0,0,0,0.0,0
370,A,LSU,Texas A&M,Harlem Berry,Rusher,0,0,0.0,0,0,0,1,-0.2,0,0,0,0.0,0
370,A,LSU,Texas A&M,Zavion Thomas,Receiver,0,0,0.0,0,0,0,0,0.0,0,3,4,42.3,0
370,A,LSU,Texas A&M,Nic Anderson,Receiver,0,0,0.0,0,0,0,0,0.0,0,1,1,10.4,0
370,A,LSU,Texas A&M,Bauer Sharp,Receiver,0,0,0.0,0,0,0,0,0.0,0,1,2,35.3,0
370,A,LSU,Texas A&M,Barion Brown,Receiver,0,0,0.0,0,0,0,0,0.0,0,3,6,28.2,0
370,A,LSU,Texas A&M,Aaron Anderson,Receiver,0,0,0.0,0,0,0,0,0.0,0,2,3,27.3,1
370,A,LSU,Texas A&M,Trey'Dez Green,Receiver,0,0,0.0,0,0,0,0,0.0,0,2,4,11.1,1
370,A,LSU,Texas A&M,Kyle Parker,Receiver,0,0,0.0,0,0,0,0,0.0,0,2,2,25.6,0
370,A,LSU,Texas A&M,Chris Hilton Jr.,Receiver,0,0,0.0,0,0,0,0,0.0,0,1,1,7.0,0
370,A,LSU,Texas A&M,Other WR,Receiver,0,0,0.0,0,0,0,0,0.0,0,2,2,21.9,0
370,A,Texas A&M,LSU,Marcel Reed,QB,27,20,207.2,1,0,6,0,0.0,0,0,0,0.0,0
370,A,Texas A&M,LSU,Le'Veon Moss,Rusher,0,0,0.0,0,0,0,13,55.3,1,0,0,0.0,0
370,A,Texas A&M,LSU,Amari Daniels,Rusher,0,0,0.0,0,0,0,7,20.4,0,0,0,0.0,0
370,A,Texas A&M,LSU,Marcel Reed,Rusher,0,0,0.0,0,0,0,7,3.4,0,0,0,0.0,0
370,A,Texas A&M,LSU,Miles O'Neill,Rusher,0,0,0.0,0,0,0,1,5.5,0,0,0,0.0,0
370,A,Texas A&M,LSU,E.J. Smith,Rusher,0,0,0.0,0,0,0,1,3.2,0,0,0,0.0,0
370,A,Texas A&M,LSU,Rueben Owens,Rusher,0,0,0.0,0,0,0,1,5.9,0,0,0,0.0,0
370,A,Texas A&M,LSU,Mario Craver,Receiver,0,0,0.0,0,0,0,0,0.0,0,3,6,25.6,0
370,A,Texas A&M,LSU,Other WR,Receiver,0,0,0.0,0,0,0,0,0.0,0,6,7,38.6,0
370,A,Texas A&M,LSU,Kevin Concepcion,Receiver,0,0,0.0,0,0,0,0,0.0,0,7,8,99.4,1
370,A,Texas A&M,LSU,Ashton Bethel-Roman,Receiver,0,0,0.0,0,0,0,0,0.0,0,1,1,7.1,0
370,A,Texas A&M,LSU,Amari Niblack,Receiver,0,0,0.0,0,0,0,0,0.0,0,0,1,0.0,0
370,A,Texas A&M,LSU,Theo Melin Ohrstrom,Receiver,0,0,0.0,0,0,0,0,0.0,0,1,1,21.8,0
370,A,Texas A&M,LSU,Terry Bussey,Receiver,0,0,0.0,0,0,0,0,0.0,0,1,2,14.7,0
370,A,Texas A&M,LSU,Nate Boerkircher,Receiver,0,0,0.0,0,0,0,0,0.0,0,1,1,0.0,0
371,B,Texas A&M,LSU,Marcel Reed,QB,26,17,194.8,1,0,6,0,0.0,0,0,0,0.0,0
371,B,Texas A&M,LSU,Miles O'Neill,Rusher,0,0,0.0,0,0,0,1,-0.3,0,0,0,0.0,0
371,B,Texas A&M,LSU,Le'Veon Moss,Rusher,0,0,0.0,0,0,0,6,13.8,0,0,0,0.0,0
371,B,Texas A&M,LSU,Rueben Owens,Rusher,0,0,0.0,0,0,0,6,6.5,0,0,0,0.0,0
371,B,Texas A&M,LSU,Marcel Reed,Rusher,0,0,0.0,0,0,0,3,10.0,0,0,0,0.0,0
371,B,Texas A&M,LSU,Amari Daniels,Rusher,0,0,0.0,0,0,0,3,10.2,0,0,0,0.0,0
371,B,Texas A&M,LSU,Jamarion Morrow,Rusher,0,0,0.0,0,0,0,1,-2.7,0,0,0,0.0,0
371,B,Texas A&M,LSU,Kevin Concepcion,Receiver,0,0,0.0,0,0,0,0,0.0,0,8,10,105.6,0
371,B,Texas A&M,LSU,Mario Craver,Receiver,0,0,0.0,0,0,0,0,0.0,0,1,3,0.0,0
371,B,Texas A&M,LSU,Ashton Bethel-Roman,Receiver,0,0,0.0,0,0,0,0,0.0,0,0,1,0.0,0
371,B,Texas A&M,LSU,Amari Niblack,Receiver,0,0,0.0,0,0,0,0,0.0,0,2,3,10.2,0
371,B,Texas A&M,LSU,Other WR,Receiver,0,0,0.0,0,0,0,0,0.0,0,4,7,54.6,0
371,B,Texas A&M,LSU,Terry Bussey,Receiver,0,0,0.0,0,0,0,0,0.0,0,1,1,9.0,0
371,B,Texas A&M,LSU,Nate Boerkircher,Receiver,0,0,0.0,0,0,0,0,0.0,0,1,1,15.4,1
371,B,LSU,Texas A&M,Garrett Nussmeier,QB,29,20,171.8,0,0,1,0,0.0,0,0,0,0.0,0
371,B,LSU,Texas A&M,Caden Durham,Rusher,0,0,0.0,0,0,0,15,56.3,0,0,0,0.0,0
371,B,LSU,Texas A&M,Other RB,Rusher,0,0,0.0,0,0,0,3,32.7,1,0,0,0.0,0
371,B,LSU,Texas A&M,Ju'Juan Johnson,Rusher,0,0,0.0,0,0,0,11,60.3,1,0,0,0.0,0
371,B,LSU,Texas A&M,Kaleb Jackson,Rusher,0,0,0.0,0,0,0,1,5.4,0,0,0,0.0,0
371,B,LSU,Texas A&M,Garrett Nussmeier,Rusher,0,0,0.0,0,0,0,3,7.1,0,0,0,0.0,0
371,B,LSU,Texas A&M,Harlem Berry,Rusher,0,0,0.0,0,0,0,4,19.1,0,0,0,0.0,0
371,B,LSU,Texas A&M,Bauer Sharp,Receiver,0,0,0.0,0,0,0,0,0.0,0,3,5,9.5,0
371,B,LSU,Texas A&M,Other WR,Receiver,0,0,0.0,0,0,0,0,0.0,0,1,2,16.4,0
371,B,LSU,Texas A&M,Trey'Dez Green,Receiver,0,0,0.0,0,0,0,0,0.0,0,2,2,6.7,0
371,B,LSU,Texas A&M,Barion Brown,Receiver,0,0,0.0,0,0,0,0,0.0,0,5,7,37.7,0
371,B,LSU,Texas A&M,Kyle Parker,Receiver,0,0,0.0,0,0,0,0,0.0,0,1,2,18.4,0
371,B,LSU,Texas A&M,Aaron Anderson,Receiver,0,0,0.0,0,0,0,0,0.0,0,4,5,46.3,0
371,B,LSU,Texas A&M,Zavion Thomas,Receiver,0,0,0.0,0,0,0,0,0.0,0,3,4,28.9,0
371,B,LSU,Texas A&M,Chris Hilton Jr.,Receiver,0,0,0.0,0,0,0,0,0.0,0,1,1,7.9,0
371,B,LSU,Texas A&M,Nic Anderson,Receiver,0,0,0.0,0,0,0,0,0.0,0,0,1,0.0,0
372,A,LSU,Texas A&M,Garrett Nussmeier,QB,27,17,169.4,4,0,0,0,0.0,0,0,0,0.0,0
372,A,LSU,Texas A&M,Caden Durham,Rusher,0,0,0.0,0,0,0,23,84.3,0,0,0,0.0,0
372,A,LSU,Texas A&M,Harlem Berry,Rusher,0,0,0.0,0,0,0,5,6.7,0,0,0,0.0,0
372,A,LSU,Texas A&M,Kaleb Jackson,Rusher,0,0,0.0,0,0,0,6,39.7,1,0,0,0.0,0
372,A,LSU,Texas A&M,Ju'Juan Johnson,Rusher,0,0,0.0,0,0,0,3,20.7,0,0,0,0.0,0
372,A,LSU,Texas A&M,Other RB,Rusher,0,0,0.0,0,0,0,8,48.8,0,0,0,0.0,0
372,A,LSU,Texas A&M,Garrett Nussmeier,Rusher,0,0,0.0,0,0,0,1,14.0,0,0,0,0.0,0
372,A,LSU,Texas A&M,Trey'Dez Green,Receiver,0,0,0.0,0,0,0,0,0.0,0,4,4,15.6,1
372,A,LSU,Texas A&M,Barion Brown,Receiver,0,0,0.0,0,0,0,0,0.0,0,2,3,23.9,1
372,A,LSU,Texas A&M,Aaron Anderson,Receiver,0,0,0.0,0,0,0,0,0.0,0,5,7,64.3,1
372,A,LSU,Texas A&M,Other WR,Receiver,0,0,0.0,0,0,0,0,0.0,0,2,4,12.1,0
372,A,LSU,Texas A&M,Kyle Parker,Receiver,0,0,0.0,0,0,0,0,0.0,0,1,3,10.0,0
372,A,LSU,Texas A&M,Chris Hilton Jr.,Receiver,0,0,0.0,0,0,0,0,0.0,0,0,2,0.0,0
372,A,LSU,Texas A&M,Nic Anderson,Receiver,0,0,0.0,0,0,0,0,0.0,0,1,1,17.0,0
372,A,LSU,Texas A&M,Zavion Thomas,Receiver,0,0,0.0,0,0,0,0,0.0,0,2,2,26.5,1
372,A,LSU,Texas A&M,Bauer Sharp,Receiver,0,0,0.0,0,0,0,0,0.0,0,0,1,0.0,0
372,A,Texas A&M,LSU,Marcel Reed,QB,19,9,127.6,1,0,5,0,0.0,0,0,0,0.0,0
372,A,Texas A&M,LSU,Le'Veon Moss,Rusher,0,0,0.0,0,0,0,11,21.1,0,0,0,0.0,0
372,A,Texas A&M,LSU,Amari Daniels,Rusher,0,0,0.0,0,0,0,3,-1.9,0,0,0,0.0,0
372,A,Texas A&M,LSU,Rueben Owens,Rusher,0,0,0.0,0,0,0,2,11.4,0,0,0,0.0,0
372,A,Texas A&M,LSU,Marcel Reed,Rusher,0,0,0.0,0,0,0,7,17.6,0,0,0,0.0,0
372,A,Texas A&M,LSU,Jamarion Morrow,Rusher,0,0,0.0,0,0,0,1,12.0,0,0,0,0.0,0
372,A,Texas A&M,LSU,E.J. Smith,Rusher,0,0,0.0,0,0,0,1,0.3,0,0,0,0.0,0
372,A,Texas A&M,LSU,Kevin Concepcion,Receiver,0,0,0.0,0,0,0,0,0.0,0,2,4,45.3,1
372,A,Texas A&M,LSU,Ashton Bethel-Roman,Receiver,0,0,0.0,0,0,0,0,0.0,0,2,2,16.7,0
372,A,Texas A&M,LSU,Other WR,Receiver,0,0,0.0,0,0,0,0,0.0,0,1,5,5.8,0
372,A,Texas A&M,LSU,Mario Craver,Receiver,0,0,0.0,0,0,0,0,0.0,0,2,4,12.7,0
372,A,Texas A&M,LSU,Terry Bussey,Receiver,0,0,0.0,0,0,0,0,0.0,0,1,2,33.5,0
372,A,Texas A&M,LSU,Nate Boerkircher,Receiver,0,0,0.0,0,0,0,0,0.0,0,0,0,0.0,0
372,A,Texas A&M,LSU,Amari Niblack,Receiver,0,0,0.0,0,0,0,0,0.0,0,1,1,13.6,0
372,A,Texas A&M,LSU,Theo Melin Ohrstrom,Receiver,0,0,0.0,0,0,0,0,0.0,0,0,1,0.0,0
373,B,Texas A&M,LSU,Marcel Reed,QB,23,15,204.8,0,0,6,0,0.0,0,0,0,0.0,0
373,B,Texas A&M,LSU,Le'Veon Moss,Rusher,0,0,0.0,0,0,0,18,86.4,2,0,0,0.0,0
373,B,Texas A&M,LSU,Rueben Owens,Rusher,0,0,0.0,0,0,0,3,20.2,0,0,0,0.0,0
373,B,Texas A&M,LSU,Marcel Reed,Rusher,0,0,0.0,0,0,0,16,115.6,1,0,0,0.0,0
373,B,Texas A&M,LSU,Amari Daniels,Rusher,0,0,0.0,0,0,0,1,-4.0,0,0,0,0.0,0
373,B,Texas A&M,LSU,Miles O'Neill,Rusher,0,0,0.0,0,0,0,1,10.0,0,0,0,0.0,0
373,B,Texas A&M,LSU,Kevin Concepcion,Receiver,0,0,0.0,0,0,0,0,0.0,0,5,6,106.5,0
373,B,Texas A&M,LSU,Theo Melin Ohrstrom,Receiver,0,0,0.0,0,0,0,0,0.0,0,1,3,11.2,0
373,B,Texas A&M,LSU,Terry Bussey,Receiver,0,0,0.0,0,0,0,0,0.0,0,1,4,0.0,0
373,B,Texas A&M,LSU,Other WR,Receiver,0,0,0.0,0,0,0,0,0.0,0,3,5,40.7,0
373,B,Texas A&M,LSU,Mario Craver,Receiver,0,0,0.0,0,0,0,0,0.0,0,3,3,24.2,0
373,B,Texas A&M,LSU,Ashton Bethel-Roman,Receiver,0,0,0.0,0,0,0,0,0.0,0,1,1,17.5,0
373,B,Texas A&M,LSU,Nate Boerkircher,Receiver,0,0,0.0,0,0,0,0,0.0,0,1,1,4.8,0
373,B,LSU,Texas A&M,Garrett Nussmeier,QB,31,16,198.7,1,0,3,0,0.0,0,0,0,0.0,0
373,B,LSU,Texas A&M,Caden Durham,Rusher,0,0,0.0,0,0,0,11,23.8,0,0,0,0.0,0
373,B,LSU,Texas A&M,Ju'Juan Johnson,Rusher,0,0,0.0,0,0,0,6,17.8,0,0,0,0.0,0
373,B,LSU,Texas A&M,Harlem Berry,Rusher,0,0,0.0,0,0,0,5,34.8,0,0,0,0.0,0
373,B,LSU,Texas A&M,Other RB,Rusher,0,0,0.0,0,0,0,1,21.4,1,0,0,0.0,0
373,B,LSU,Texas A&M,Aaron Anderson,Receiver,0,0,0.0,0,0,0,0,0.0,0,3,6,38.2,0
373,B,LSU,Texas A&M,Chris Hilton Jr.,Receiver,0,0,0.0,0,0,0,0,0.0,0,1,1,7.2,0
373,B,LSU,Texas A&M,Nic Anderson,Receiver,0,0,0.0,0,0,0,0,0.0,0,4,7,41.1,1
373,B,LSU,Texas A&M,Barion Brown,Receiver,0,0,0.0,0,0,0,0,0.0,0,2,4,29.0,0
373,B,LSU,Texas A&M,Zavion Thomas,Receiver,0,0,0.0,0,0,0,0,0.0,0,2,6,31.6,0
373,B,LSU,Texas A&M,Trey'Dez Green,Receiver,0,0,0.0,0,0,0,0,0.0,0,1,4,5.0,0
373,B,LSU,Texas A&M,Other WR,Receiver,0,0,0.0,0,0,0,0,0.0,0,2,2,19.7,0
373,B,LSU,Texas A&M,Bauer Sharp,Receiver,0,0,0.0,0,0,0,0,0.0,0,1,1,27.0,0
374,A,LSU,Texas A&M,Garrett Nussmeier,QB,28,17,157.3,2,0,2,0,0.0,0,0,0,0.0,0
374,A,LSU,Texas A&M,Caden Durham,Rusher,0,0,0.0,0,0,0,25,119.8,0,0,0,0.0,0
374,A,LSU,Texas A&M,Other RB,Rusher,0,0,0.0,0,0,0,4,10.8,0,0,0,0.0,0
374,A,LSU,Texas A&M,Garrett Nussmeier,Rusher,0,0,0.0,0,0,0,4,17.5,0,0,0,0.0,0
374,A,LSU,Texas A&M,Harlem Berry,Rusher,0,0,0.0,0,0,0,3,13.2,0,0,0,0.0,0
374,A,LSU,Texas A&M,Kaleb Jackson,Rusher,0,0,0.0,0,0,0,2,13.0,0,0,0,0.0,0
374,A,LSU,Texas A&M,Ju'Juan Johnson,Rusher,0,0,0.0,0,0,0,2,1.6,0,0,0,0.0,0
374,A,LSU,Texas A&M,Bauer Sharp,Receiver,0,0,0.0,0,0,0,0,0.0,0,3,3,15.1,0
374,A,LSU,Texas A&M,Trey'Dez Green,Receiver,0,0,0.0,0,0,0,0,0.0,0,1,5,1.4,0
374,A,LSU,Texas A&M,Zavion Thomas,Receiver,0,0,0.0,0,0,0,0,0.0,0,2,4,8.9,0
374,A,LSU,Texas A&M,Nic Anderson,Receiver,0,0,0.0,0,0,0,0,0.0,0,2,3,25.4,0
374,A,LSU,Texas A&M,Kyle Parker,Receiver,0,0,0.0,0,0,0,0,0.0,0,1,2,0.0,0
374,A,LSU,Texas A&M,Barion Brown,Receiver,0,0,0.0,0,0,0,0,0.0,0,3,5,9.9,0
374,A,LSU,Texas A&M,Other WR,Receiver,0,0,0.0,0,0,0,0,0.0,0,4,4,82.7,2
374,A,LSU,Texas A&M,Aaron Anderson,Receiver,0,0,0.0,0,0,0,0,0.0,0,1,1,14.0,0
374,A,LSU,Texas A&M,Chris Hilton Jr.,Receiver,0,0,0.0,0,0,0,0,0.0,0,0,1,0.0,0
374,A,Texas A&M,LSU,Marcel Reed,QB,16,8,143.2,1,0,5,0,0.0,0,0,0,0.0,0
374,A,Texas A&M,LSU,Rueben Owens,Rusher,0,0,0.0,0,0,0,5,24.3,1,0,0,0.0,0
374,A,Texas A&M,LSU,Amari Daniels,Rusher,0,0,0.0,0,0,0,3,14.5,0,0,0,0.0,0
374,A,Texas A&M,LSU,Marcel Reed,Rusher,0,0,0.0,0,0,0,6,5.1,0,0,0,0.0,0
374,A,Texas A&M,LSU,Le'Veon Moss,Rusher,0,0,0.0,0,0,0,15,90.0,0,0,0,0.0,0
374,A,Texas A&M,LSU,Ashton Bethel-Roman,Receiver,0,0,0.0,0,0,0,0,0.0,0,4,5,62.2,0
374,A,Texas A&M,LSU,Other WR,Receiver,0,0,0.0,0,0,0,0,0.0,0,1,3,27.0,0
374,A,Texas A&M,LSU,Theo Melin Ohrstrom,Receiver,0,0,0.0,0,0,0,0,0.0,0,1,1,20.2,1
374,A,Texas A&M,LSU,Terry Bussey,Receiver,0,0,0.0,0,0,0,0,0.0,0,0,2,0.0,0
374,A,Texas A&M,LSU,Mario Craver,Receiver,0,0,0.0,0,0,0,0,0.0,0,2,3,33.7,0
374,A,Texas A&M,LSU,Nate Boerkircher,Receiver,0,0,0.0,0,0,0,0,0.0,0,0,1,0.0,0
374,A,Texas A&M,LSU,Kevin Concepcion,Receiver,0,0,0.0,0,0,0,0,0.0,0,0,1,0.0,0
375,B,Texas A&M,LSU,Marcel Reed,QB,28,16,124.4,0,0,6,0,0.0,0,0,0,0.0,0
375,B,Texas A&M,LSU,Jamarion Morrow,Rusher,0,0,0.0,0,0,0,2,12.5,0,0,0,0.0,0
375,B,Texas A&M,LSU,Le'Veon Moss,Rusher,0,0,0.0,0,0,0,11,25.2,0,0,0,0.0,0
375,B,Texas A&M,LSU,Amari Daniels,Rusher,0,0,0.0,0,0,0,5,7.3,0,0,0,0.0,0
375,B,Texas A&M,LSU,Rueben Owens,Rusher,0,0,0.0,0,0,0,3,2.5,0,0,0,0.0,0
375,B,Texas A&M,LSU,Marcel Reed,Rusher,0,0,0.0,0,0,0,4,27.5,1,0,0,0.0,0
375,B,Texas A&M,LSU,E.J. Smith,Rusher,0,0,0.0,0,0,0,1,1.1,0,0,0,0.0,0
375,B,Texas A&M,LSU,Mario Craver,Receiver,0,0,0.0,0,0,0,0,0.0,0,2,3,12.5,0
375,B,Texas A&M,LSU,Kevin Concepcion,Receiver,0,0,0.0,0,0,0,0,0.0,0,5,10,48.3,0
375,B,Texas A&M,LSU,Theo Melin Ohrstrom,Receiver,0,0,0.0,0,0,0,0,0.0,0,3,3,14.8,0
375,B,Texas A&M,LSU,Ashton Bethel-Roman,Receiver,0,0,0.0,0,0,0,0,0.0,0,0,2,0.0,0
375,B,Texas A&M,LSU,Other WR,Receiver,0,0,0.0,0,0,0,0,0.0,0,5,7,48.7,0
375,B,Texas A&M,LSU,Terry Bussey,Receiver,0,0,0.0,0,0,0,0,0.0,0,1,2,0.0,0
375,B,Texas A&M,LSU,Amari Niblack,Receiver,0,0,0.0,0,0,0,0,0.0,0,0,1,0.0,0
375,B,LSU,Texas A&M,Garrett Nussmeier,QB,19,11,165.7,0,0,1,0,0.0,0,0,0,0.0,0
375,B,LSU,Texas A&M,Other RB,Rusher,0,0,0.0,0,0,0,3,2.1,0,0,0,0.0,0
375,B,LSU,Texas A&M,Ju'Juan Johnson,Rusher,0,0,0.0,0,0,0,3,13.3,0,0,0,0.0,0
375,B,LSU,Texas A&M,Caden Durham,Rusher,0,0,0.0,0,0,0,20,99.7,2,0,0,0.0,0
375,B,LSU,Texas A&M,Harlem Berry,Rusher,0,0,0.0,0,0,0,7,5.1,0,0,0,0.0,0
375,B,LSU,Texas A&M,Garrett Nussmeier,Rusher,0,0,0.0,0,0,0,4,25.6,1,0,0,0.0,0
375,B,LSU,Texas A&M,Kaleb Jackson,Rusher,0,0,0.0,0,0,0,2,4.6,0,0,0,0.0,0
375,B,LSU,Texas A&M,Aaron Anderson,Receiver,0,0,0.0,0,0,0,0,0.0,0,4,4,55.5,0
375,B,LSU,Texas A&M,Bauer Sharp,Receiver,0,0,0.0,0,0,0,0,0.0,0,2,4,12.7,0
375,B,LSU,Texas A&M,Trey'Dez Green,Receiver,0,0,0.0,0,0,0,0,0.0,0,2,3,21.9,0
375,B,LSU,Texas A&M,Zavion Thomas,Receiver,0,0,0.0,0,0,0,0,0.0,0,1,2,18.0,0
375,B,LSU,Texas A&M,Barion Brown,Receiver,0,0,0.0,0,0,0,0,0.0,0,0,3,0.0,0
375,B,LSU,Texas A&M,Kyle Parker,Receiver,0,0,0.0,0,0,0,0,0.0,0,1,2,24.8,0
375,B,LSU,Texas A&M,Other WR,Receiver,0,0,0.0,0,0,0,0,0.0,0,1,1,32.7,0
376,A,LSU,Texas A&M,Garrett Nussmeier,QB,29,13,145.5,0,0,1,0,0.0,0,0,0,0.0,0
376,A,LSU,Texas A&M,Caden Durham,Rusher,0,0,0.0,0,0,0,13,70.0,1,0,0,0.0,0
376,A,LSU,Texas A&M,Kaleb Jackson,Rusher,0,0,0.0,0,0,0,2,7.8,0,0,0,0.0,0
376,A,LSU,Texas A&M,Other RB,Rusher,0,0,0.0,0,0,0,1,3.2,0,0,0,0.0,0
376,A,LSU,Texas A&M,Harlem Berry,Rusher,0,0,0.0,0,0,0,3,14.3,0,0,0,0.0,0
376,A,LSU,Texas A&M,Ju'Juan Johnson,Rusher,0,0,0.0,0,0,0,3,12.0,0,0,0,0.0,0
376,A,LSU,Texas A&M,Barion Brown,Receiver,0,0,0.0,0,0,0,0,0.0,0,3,6,29.6,0
376,A,LSU,Texas A&M,Bauer Sharp,Receiver,0,0,0.0,0,0,0,0,0.0,0,3,4,16.6,0
376,A,LSU,Texas A&M,Aaron Anderson,Receiver,0,0,0.0,0,0,0,0,0.0,0,3,7,32.4,0
376,A,LSU,Texas A&M,Other WR,Receiver,0,0,0.0,0,0,0,0,0.0,0,1,3,25.3,0
376,A,LSU,Texas A&M,Chris Hilton Jr.,Receiver,0,0,0.0,0,0,0,0,0.0,0,1,1,21.7,0
376,A,LSU,Texas A&M,Nic Anderson,Receiver,0,0,0.0,0,0,0,0,0.0,0,0,2,0.0,0
376,A,LSU,Texas A&M,Trey'Dez Green,Receiver,0,0,0.0,0,0,0,0,0.0,0,1,1,13.7,0
376,A,LSU,Texas A&M,Zavion Thomas,Receiver,0,0,0.0,0,0,0,0,0.0,0,0,3,0.0,0
376,A,LSU,Texas A&M,Kyle Parker,Receiver,0,0,0.0,0,0,0,0,0.0,0,1,2,6.2,0
376,A,Texas A&M,LSU,Marcel Reed,QB,32,20,211.5,1,0,3,0,0.0,0,0,0,0.0,0
376,A,Texas A&M,LSU,Marcel Reed,Rusher,0,0,0.0,0,0,0,7,22.3,1,0,0,0.0,0
376,A,Texas A&M,LSU,Le'Veon Moss,Rusher,0,0,0.0,0,0,0,20,108.8,1,0,0,0.0,0
376,A,Texas A&M,LSU,Rueben Owens,Rusher,0,0,0.0,0,0,0,9,68.9,1,0,0,0.0,0
376,A,Texas A&M,LSU,Miles O'Neill,Rusher,0,0,0.0,0,0,0,3,9.7,0,0,0,0.0,0
376,A,Texas A&M,LSU,Amari Daniels,Rusher,0,0,0.0,0,0,0,3,25.2,0,0,0,0.0,0
376,A,Texas A&M,LSU,Jamarion Morrow,Rusher,0,0,0.0,0,0,0,1,7.6,0,0,0,0.0,0
376,A,Texas A&M,LSU,Other RB,Rusher,0,0,0.0,0,0,0,1,2.8,0,0,0,0.0,0
376,A,Texas A&M,LSU,Kevin Concepcion,Receiver,0,0,0.0,0,0,0,0,0.0,0,3,9,49.0,0
376,A,Texas A&M,LSU,Terry Bussey,Receiver,0,0,0.0,0,0,0,0,0.0,0,1,3,13.4,0
376,A,Texas A&M,LSU,Other WR,Receiver,0,0,0.0,0,0,0,0,0.0,0,4,5,49.9,1
376,A,Texas A&M,LSU,Mario Craver,Receiver,0,0,0.0,0,0,0,0,0.0,0,5,7,24.2,0
376,A,Texas A&M,LSU,Ashton Bethel-Roman,Receiver,0,0,0.0,0,0,0,0,0.0,0,3,3,21.1,0
376,A,Texas A&M,LSU,Amari Niblack,Receiver,0,0,0.0,0,0,0,0,0.0,0,2,2,36.2,0
376,A,Texas A&M,LSU,Theo Melin Ohrstrom,Receiver,0,0,0.0,0,0,0,0,0.0,0,1,1,17.7,0
376,A,Texas A&M,LSU,Nate Boerkircher,Receiver,0,0,0.0,0,0,0,0,0.0,0,1,2,0.0,0
377,B,Texas A&M,LSU,Marcel Reed,QB,30,22,244.3,1,0,5,0,0.0,0,0,0,0.0,0
377,B,Texas A&M,LSU,Amari Daniels,Rusher,0,0,0.0,0,0,0,6,44.2,0,0,0,0.0,0
377,B,Texas A&M,LSU,Marcel Reed,Rusher,0,0,0.0,0,0,0,7,27.6,1,0,0,0.0,0
377,B,Texas A&M,LSU,Jamarion Morrow,Rusher,0,0,0.0,0,0,0,4,12.4,0,0,0,0.0,0
377,B,Texas A&M,LSU,Rueben Owens,Rusher,0,0,0.0,0,0,0,3,11.1,0,0,0,0.0,0
377,B,Texas A&M,LSU,Le'Veon Moss,Rusher,0,0,0.0,0,0,0,4,14.0,0,0,0,0.0,0
377,B,Texas A&M,LSU,E.J. Smith,Rusher,0,0,0.0,0,0,0,1,2.1,0,0,0,0.0,0
377,B,Texas A&M,LSU,Theo Melin Ohrstrom,Receiver,0,0,0.0,0,0,0,0,0.0,0,2,4,30.5,0
377,B,Texas A&M,LSU,Nate Boerkircher,Receiver,0,0,0.0,0,0,0,0,0.0,0,1,2,5.2,0
377,B,Texas A&M,LSU,Mario Craver,Receiver,0,0,0.0,0,0,0,0,0.0,0,4,6,27.7,0
377,B,Texas A&M,LSU,Ashton Bethel-Roman,Receiver,0,0,0.0,0,0,0,0,0.0,0,4,5,30.2,0
377,B,Texas A&M,LSU,Other WR,Receiver,0,0,0.0,0,0,0,0,0.0,0,6,6,84.7,0
377,B,Texas A&M,LSU,Terry Bussey,Receiver,0,0,0.0,0,0,0,0,0.0,0,2,3,22.0,0
377,B,Texas A&M,LSU,Kevin Concepcion,Receiver,0,0,0.0,0,0,0,0,0.0,0,3,4,44.0,1
377,B,LSU,Texas A&M,Garrett Nussmeier,QB,22,14,164.0,1,0,1,0,0.0,0,0,0,0.0,0
377,B,LSU,Texas A&M,Other RB,Rusher,0,0,0.0,0,0,0,3,4.7,0,0,0,0.0,0
377,B,LSU,Texas A&M,Harlem Berry,Rusher,0,0,0.0,0,0,0,5,18.7,0,0,0,0.0,0
377,B,LSU,Texas A&M,Caden Durham,Rusher,0,0,0.0,0,0,0,13,71.1,0,0,0,0.0,0
377,B,LSU,Texas A&M,Ju'Juan Johnson,Rusher,0,0,0.0,0,0,0,7,7.7,0,0,0,0.0,0
377,B,LSU,Texas A&M,Garrett Nussmeier,Rusher,0,0,0.0,0,0,0,2,6.5,0,0,0,0.0,0
377,B,LSU,Texas A&M,Kaleb Jackson,Rusher,0,0,0.0,0,0,0,3,14.1,0,0,0,0.0,0
377,B,LSU,Texas A&M,Chris Hilton Jr.,Receiver,0,0,0.0,0,0,0,0,0.0,0,1,1,9.1,0
377,B,LSU,Texas A&M,Barion Brown,Receiver,0,0,0.0,0,0,0,0,0.0,0,1,2,13.1,0
377,B,LSU,Texas A&M,Zavion Thomas,Receiver,0,0,0.0,0,0,0,0,0.0,0,4,6,54.8,0
377,B,LSU,Texas A&M,Other WR,Receiver,0,0,0.0,0,0,0,0,0.0,0,1,2,19.4,0
377,B,LSU,Texas A&M,Kyle Parker,Receiver,0,0,0.0,0,0,0,0,0.0,0,2,2,0.0,0
377,B,LSU,Texas A&M,Trey'Dez Green,Receiver,0,0,0.0,0,0,0,0,0.0,0,0,1,0.0,0
377,B,LSU,Texas A&M,Bauer Sharp,Receiver,0,0,0.0,0,0,0,0,0.0,0,1,2,11.3,0
377,B,LSU,Texas A&M,Aaron Anderson,Receiver,0,0,0.0,0,0,0,0,0.0,0,3,5,37.6,0
377,B,LSU,Texas A&M,Nic Anderson,Receiver,0,0,0.0,0,0,0,0,0.0,0,1,1,18.8,1
378,A,LSU,Texas A&M,Garrett Nussmeier,QB,30,21,216.9,0,0,3,0,0.0,0,0,0,0.0,0
378,A,LSU,Texas A&M,Caden Durham,Rusher,0,0,0.0,0,0,0,13,61.8,1,0,0,0.0,0
378,A,LSU,Texas A&M,Harlem Berry,Rusher,0,0,0.0,0,0,0,5,-0.5,0,0,0,0.0,0
378,A,LSU,Texas A&M,Ju'Juan Johnson,Rusher,0,0,0.0,0,0,0,3,12.2,0,0,0,0.0,0
378,A,LSU,Texas A&M,Garrett Nussmeier,Rusher,0,0,0.0,0,0,0,1,-3.9,0,0,0,0.0,0
378,A,LSU,Texas A&M,Kaleb Jackson,Rusher,0,0,0.0,0,0,0,1,0.2,0,0,0,0.0,0
378,A,LSU,Texas A&M,Other RB,Rusher,0,0,0.0,0,0,0,1,3.8,0,0,0,0.0,0
378,A,LSU,Texas A&M,Aaron Anderson,Receiver,0,0,0.0,0,0,0,0,0.0,0,6,8,68.1,0
378,A,LSU,Texas A&M,Barion Brown,Receiver,0,0,0.0,0,0,0,0,0.0,0,7,10,75.5,0
378,A,LSU,Texas A&M,Bauer Sharp,Receiver,0,0,0.0,0,0,0,0,0.0,0,3,5,30.2,0
378,A,LSU,Texas A&M,Nic Anderson,Receiver,0,0,0.0,0,0,0,0,0.0,0,2,3,10.9,0
378,A,LSU,Texas A&M,Other WR,Receiver,0,0,0.0,0,0,0,0,0.0,0,2,3,20.8,0
378,A,LSU,Texas A&M,Zavion Thomas,Receiver,0,0,0.0,0,0,0,0,0.0,0,1,1,11.3,0
378,A,Texas A&M,LSU,Marcel Reed,QB,28,14,143.6,0,0,3,0,0.0,0,0,0,0.0,0
378,A,Texas A&M,LSU,Amari Daniels,Rusher,0,0,0.0,0,0,0,7,19.5,0,0,0,0.0,0
378,A,Texas A&M,LSU,E.J. Smith,Rusher,0,0,0.0,0,0,0,3,4.8,0,0,0,0.0,0
378,A,Texas A&M,LSU,Marcel Reed,Rusher,0,0,0.0,0,0,0,9,35.3,0,0,0,0.0,0
378,A,Texas A&M,LSU,Le'Veon Moss,Rusher,0,0,0.0,0,0,0,9,61.2,1,0,0,0.0,0
378,A,Texas A&M,LSU,Rueben Owens,Rusher,0,0,0.0,0,0,0,4,10.7,0,0,0,0.0,0
378,A,Texas A&M,LSU,Miles O'Neill,Rusher,0,0,0.0,0,0,0,2,14.1,0,0,0,0.0,0
378,A,Texas A&M,LSU,Other RB,Rusher,0,0,0.0,0,0,0,1,5.5,0,0,0,0.0,0
378,A,Texas A&M,LSU,Other WR,Receiver,0,0,0.0,0,0,0,0,0.0,0,1,5,4.8,0
378,A,Texas A&M,LSU,Mario Craver,Receiver,0,0,0.0,0,0,0,0,0.0,0,4,7,66.0,0
378,A,Texas A&M,LSU,Ashton Bethel-Roman,Receiver,0,0,0.0,0,0,0,0,0.0,0,2,6,28.8,0
378,A,Texas A&M,LSU,Nate Boerkircher,Receiver,0,0,0.0,0,0,0,0,0.0,0,1,2,2.9,0
378,A,Texas A&M,LSU,Kevin Concepcion,Receiver,0,0,0.0,0,0,0,0,0.0,0,4,6,34.4,0
378,A,Texas A&M,LSU,Amari Niblack,Receiver,0,0,0.0,0,0,0,0,0.0,0,1,1,1.4,0
378,A,Texas A&M,LSU,Terry Bussey,Receiver,0,0,0.0,0,0,0,0,0.0,0,1,1,5.3,0
379,B,Texas A&M,LSU,Marcel Reed,QB,26,22,297.5,3,0,0,0,0.0,0,0,0,0.0,0
379,B,Texas A&M,LSU,Rueben Owens,Rusher,0,0,0.0,0,0,0,5,13.8,0,0,0,0.0,0
379,B,Texas A&M,LSU,Amari Daniels,Rusher,0,0,0.0,0,0,0,9,25.9,1,0,0,0.0,0
379,B,Texas A&M,LSU,Le'Veon Moss,Rusher,0,0,0.0,0,0,0,12,64.2,1,0,0,0.0,0
379,B,Texas A&M,LSU,Marcel Reed,Rusher,0,0,0.0,0,0,0,8,19.2,0,0,0,0.0,0
379,B,Texas A&M,LSU,E.J. Smith,Rusher,0,0,0.0,0,0,0,2,27.2,0,0,0,0.0,0
379,B,Texas A&M,LSU,Theo Melin Ohrstrom,Receiver,0,0,0.0,0,0,0,0,0.0,0,1,2,10.4,0
379,B,Texas A&M,LSU,Other WR,Receiver,0,0,0.0,0,0,0,0,0.0,0,7,7,108.9,1
379,B,Texas A&M,LSU,Kevin Concepcion,Receiver,0,0,0.0,0,0,0,0,0.0,0,3,3,33.9,0
379,B,Texas A&M,LSU,Mario Craver,Receiver,0,0,0.0,0,0,0,0,0.0,0,5,5,56.1,1
379,B,Texas A&M,LSU,Nate Boerkircher,Receiver,0,0,0.0,0,0,0,0,0.0,0,3,3,59.7,1
379,B,Texas A&M,LSU,Amari Niblack,Receiver,0,0,0.0,0,0,0,0,0.0,0,1,1,5.4,0
379,B,Texas A&M,LSU,Terry Bussey,Receiver,0,0,0.0,0,0,0,0,0.0,0,1,4,21.1,0
379,B,Texas A&M,LSU,Ashton Bethel-Roman,Receiver,0,0,0.0,0,0,0,0,0.0,0,1,1,2.1,0
379,B,LSU,Texas A&M,Garrett Nussmeier,QB,27,15,183.7,0,1,3,0,0.0,0,0,0,0.0,0
379,B,LSU,Texas A&M,Ju'Juan Johnson,Rusher,0,0,0.0,0,0,0,7,41.1,0,0,0,0.0,0
379,B,LSU,Texas A&M,Other RB,Rusher,0,0,0.0,0,0,0,4,14.4,0,0,0,0.0,0
379,B,LSU,Texas A&M,Caden Durham,Rusher,0,0,0.0,0,0,0,12,43.2,0,0,0,0.0,0
379,B,LSU,Texas A&M,Garrett Nussmeier,Rusher,0,0,0.0,0,0,0,4,37.8,1,0,0,0.0,0
379,B,LSU,Texas A&M,Harlem Berry,Rusher,0,0,0.0,0,0,0,4,19.8,0,0,0,0.0,0
379,B,LSU,Texas A&M,Other WR,Receiver,0,0,0.0,0,0,0,0,0.0,0,2,3,43.6,0
379,B,LSU,Texas A&M,Barion Brown,Receiver,0,0,0.0,0,0,0,0,0.0,0,5,7,60.3,0
379,B,LSU,Texas A&M,Nic Anderson,Receiver,0,0,0.0,0,0,0,0,0.0,0,2,2,10.2,0
379,B,LSU,Texas A&M,Trey'Dez Green,Receiver,0,0,0.0,0,0,0,0,0.0,0,1,3,32.7,0
379,B,LSU,Texas A&M,Kyle Parker,Receiver,0,0,0.0,0,0,0,0,0.0,0,3,4,28.9,0
379,B,LSU,Texas A&M,Bauer Sharp,Receiver,0,0,0.0,0,0,0,0,0.0,0,1,3,7.6,0
379,B,LSU,Texas A&M,Chris Hilton Jr.,Receiver,0,0,0.0,0,0,0,0,0.0,0,0,1,0.0,0
379,B,LSU,Texas A&M,Zavion Thomas,Receiver,0,0,0.0,0,0,0,0,0.0,0,0,2,0.0,0
379,B,LSU,Texas A&M,Aaron Anderson,Receiver,0,0,0.0,0,0,0,0,0.0,0,1,2,0.4,0
380,A,LSU,Texas A&M,Garrett Nussmeier,QB,20,12,126.2,0,0,2,0,0.0,0,0,0,0.0,0
380,A,LSU,Texas A&M,Harlem Berry,Rusher,0,0,0.0,0,0,0,6,-0.8,0,0,0,0.0,0
380,A,LSU,Texas A&M,Ju'Juan Johnson,Rusher,0,0,0.0,0,0,0,6,44.5,1,0,0,0.0,0
380,A,LSU,Texas A&M,Caden Durham,Rusher,0,0,0.0,0,0,0,18,116.4,1,0,0,0.0,0
380,A,LSU,Texas A&M,Garrett Nussmeier,Rusher,0,0,0.0,0,0,0,2,27.2,1,0,0,0.0,0
380,A,LSU,Texas A&M,Other RB,Rusher,0,0,0.0,0,0,0,4,14.7,0,0,0,0.0,0
380,A,LSU,Texas A&M,Other WR,Receiver,0,0,0.0,0,0,0,0,0.0,0,1,1,3.9,0
380,A,LSU,Texas A&M,Trey'Dez Green,Receiver,0,0,0.0,0,0,0,0,0.0,0,1,2,19.2,0
380,A,LSU,Texas A&M,Barion Brown,Receiver,0,0,0.0,0,0,0,0,0.0,0,2,6,13.5,0
380,A,LSU,Texas A&M,Aaron Anderson,Receiver,0,0,0.0,0,0,0,0,0.0,0,3,4,37.2,0
380,A,LSU,Texas A&M,Bauer Sharp,Receiver,0,0,0.0,0,0,0,0,0.0,0,2,3,18.8,0
380,A,LSU,Texas A&M,Zavion Thomas,Receiver,0,0,0.0,0,0,0,0,0.0,0,1,1,7.7,0
380,A,LSU,Texas A&M,Kyle Parker,Receiver,0,0,0.0,0,0,0,0,0.0,0,1,2,23.4,0
380,A,LSU,Texas A&M,Nic Anderson,Receiver,0,0,0.0,0,0,0,0,0.0,0,1,1,2.6,0
380,A,Texas A&M,LSU,Marcel Reed,QB,25,21,191.7,1,0,4,0,0.0,0,0,0,0.0,0
380,A,Texas A&M,LSU,Le'Veon Moss,Rusher,0,0,0.0,0,0,0,14,47.9,0,0,0,0.0,0
380,A,Texas A&M,LSU,Marcel Reed,Rusher,0,0,0.0,0,0,0,9,18.0,0,0,0,0.0,0
380,A,Texas A&M,LSU,Rueben Owens,Rusher,0,0,0.0,0,0,0,2,12.1,0,0,0,0.0,0
380,A,Texas A&M,LSU,Amari Daniels,Rusher,0,0,0.0,0,0,0,3,26.2,1,0,0,0.0,0
380,A,Texas A&M,LSU,Kevin Concepcion,Receiver,0,0,0.0,0,0,0,0,0.0,0,4,4,40.3,0
380,A,Texas A&M,LSU,Amari Niblack,Receiver,0,0,0.0,0,0,0,0,0.0,0,2,2,12.0,0
380,A,Texas A&M,LSU,Terry Bussey,Receiver,0,0,0.0,0,0,0,0,0.0,0,3,4,18.4,1
380,A,Texas A&M,LSU,Mario Craver,Receiver,0,0,0.0,0,0,0,0,0.0,0,5,5,66.8,0
380,A,Texas A&M,LSU,Theo Melin Ohrstrom,Receiver,0,0,0.0,0,0,0,0,0.0,0,3,4,5.8,0
380,A,Texas A&M,LSU,Other WR,Receiver,0,0,0.0,0,0,0,0,0.0,0,3,4,39.6,0
380,A,Texas A&M,LSU,Nate Boerkircher,Receiver,0,0,0.0,0,0,0,0,0.0,0,1,1,8.8,0
380,A,Texas A&M,LSU,Ashton Bethel-Roman,Receiver,0,0,0.0,0,0,0,0,0.0,0,0,1,0.0,0
381,B,Texas A&M,LSU,Marcel Reed,QB,21,14,163.3,1,0,3,0,0.0,0,0,0,0.0,0
381,B,Texas A&M,LSU,Marcel Reed,Rusher,0,0,0.0,0,0,0,7,50.8,0,0,0,0.0,0
381,B,Texas A&M,LSU,Le'Veon Moss,Rusher,0,0,0.0,0,0,0,14,58.4,2,0,0,0.0,0
381,B,Texas A&M,LSU,Rueben Owens,Rusher,0,0,0.0,0,0,0,4,-3.0,0,0,0,0.0,0
381,B,Texas A&M,LSU,E.J. Smith,Rusher,0,0,0.0,0,0,0,1,6.6,0,0,0,0.0,0
381,B,Texas A&M,LSU,Amari Daniels,Rusher,0,0,0.0,0,0,0,2,17.7,0,0,0,0.0,0
381,B,Texas A&M,LSU,Jamarion Morrow,Rusher,0,0,0.0,0,0,0,1,1.7,0,0,0,0.0,0
381,B,Texas A&M,LSU,Nate Boerkircher,Receiver,0,0,0.0,0,0,0,0,0.0,0,2,2,32.8,0
381,B,Texas A&M,LSU,Mario Craver,Receiver,0,0,0.0,0,0,0,0,0.0,0,0,3,0.0,0
381,B,Texas A&M,LSU,Kevin Concepcion,Receiver,0,0,0.0,0,0,0,0,0.0,0,6,7,71.3,1
381,B,Texas A&M,LSU,Other WR,Receiver,0,0,0.0,0,0,0,0,0.0,0,3,5,31.1,0
381,B,Texas A&M,LSU,Terry Bussey,Receiver,0,0,0.0,0,0,0,0,0.0,0,1,1,9.6,0
381,B,Texas A&M,LSU,Theo Melin Ohrstrom,Receiver,0,0,0.0,0,0,0,0,0.0,0,2,2,18.7,0
381,B,Texas A&M,LSU,Ashton Bethel-Roman,Receiver,0,0,0.0,0,0,0,0,0.0,0,0,1,0.0,0
381,B,LSU,Texas A&M,Garrett Nussmeier,QB,32,21,193.4,0,0,1,0,0.0,0,0,0,0.0,0
381,B,LSU,Texas A&M,Ju'Juan Johnson,Rusher,0,0,0.0,0,0,0,4,12.5,0,0,0,0.0,0
381,B,LSU,Texas A&M,Harlem Berry,Rusher,0,0,0.0,0,0,0,3,28.4,0,0,0,0.0,0
381,B,LSU,Texas A&M,Caden Durham,Rusher,0,0,0.0,0,0,0,18,101.8,2,0,0,0.0,0
381,B,LSU,Texas A&M,Other RB,Rusher,0,0,0.0,0,0,0,3,15.1,0,0,0,0.0,0
381,B,LSU,Texas A&M,Kaleb Jackson,Rusher,0,0,0.0,0,0,0,2,0.9,0,0,0,0.0,0
381,B,LSU,Texas A&M,Aaron Anderson,Receiver,0,0,0.0,0,0,0,0,0.0,0,2,5,10.8,0
381,B,LSU,Texas A&M,Nic Anderson,Receiver,0,0,0.0,0,0,0,0,0.0,0,2,2,9.2,0
381,B,LSU,Texas A&M,Kyle Parker,Receiver,0,0,0.0,0,0,0,0,0.0,0,2,2,18.0,0
381,B,LSU,Texas A&M,Barion Brown,Receiver,0,0,0.0,0,0,0,0,0.0,0,3,7,39.8,0
381,B,LSU,Texas A&M,Other WR,Receiver,0,0,0.0,0,0,0,0,0.0,0,2,3,37.5,0
381,B,LSU,Texas A&M,Trey'Dez Green,Receiver,0,0,0.0,0,0,0,0,0.0,0,1,2,16.1,0
381,B,LSU,Texas A&M,Bauer Sharp,Receiver,0,0,0.0,0,0,0,0,0.0,0,3,5,9.7,0
381,B,LSU,Texas A&M,Chris Hilton Jr.,Receiver,0,0,0.0,0,0,0,0,0.0,0,1,1,7.1,0
381,B,LSU,Texas A&M,Zavion Thomas,Receiver,0,0,0.0,0,0,0,0,0.0,0,5,5,45.3,0
382,A,LSU,Texas A&M,Garrett Nussmeier,QB,33,13,118.9,0,0,1,0,0.0,0,0,0,0.0,0
382,A,LSU,Texas A&M,Caden Durham,Rusher,0,0,0.0,0,0,0,17,53.8,0,0,0,0.0,0
382,A,LSU,Texas A&M,Ju'Juan Johnson,Rusher,0,0,0.0,0,0,0,6,32.3,1,0,0,0.0,0
382,A,LSU,Texas A&M,Harlem Berry,Rusher,0,0,0.0,0,0,0,5,11.4,0,0,0,0.0,0
382,A,LSU,Texas A&M,Other RB,Rusher,0,0,0.0,0,0,0,1,7.5,0,0,0,0.0,0
382,A,LSU,Texas A&M,Chris Hilton Jr.,Receiver,0,0,0.0,0,0,0,0,0.0,0,2,3,14.0,0
382,A,LSU,Texas A&M,Barion Brown,Receiver,0,0,0.0,0,0,0,0,0.0,0,4,8,34.4,0
382,A,LSU,Texas A&M,Other WR,Receiver,0,0,0.0,0,0,0,0,0.0,0,1,4,17.8,0
382,A,LSU,Texas A&M,Bauer Sharp,Receiver,0,0,0.0,0,0,0,0,0.0,0,0,2,0.0,0
382,A,LSU,Texas A&M,Kyle Parker,Receiver,0,0,0.0,0,0,0,0,0.0,0,1,4,12.7,0
382,A,LSU,Texas A&M,Trey'Dez Green,Receiver,0,0,0.0,0,0,0,0,0.0,0,2,4,3.6,0
382,A,LSU,Texas A&M,Aaron Anderson,Receiver,0,0,0.0,0,0,0,0,0.0,0,2,2,14.2,0
382,A,LSU,Texas A&M,Zavion Thomas,Receiver,0,0,0.0,0,0,0,0,0.0,0,0,5,0.0,0
382,A,LSU,Texas A&M,Nic Anderson,Receiver,0,0,0.0,0,0,0,0,0.0,0,1,1,22.2,0
382,A,Texas A&M,LSU,Marcel Reed,QB,24,14,127.8,0,1,4,0,0.0,0,0,0,0.0,0
382,A,Texas A&M,LSU,Le'Veon Moss,Rusher,0,0,0.0,0,0,0,13,40.0,0,0,0,0.0,0
382,A,Texas A&M,LSU,Marcel Reed,Rusher,0,0,0.0,0,0,0,7,31.4,2,0,0,0.0,0
382,A,Texas A&M,LSU,E.J. Smith,Rusher,0,0,0.0,0,0,0,2,9.4,0,0,0,0.0,0
382,A,Texas A&M,LSU,Miles O'Neill,Rusher,0,0,0.0,0,0,0,1,3.2,0,0,0,0.0,0
382,A,Texas A&M,LSU,Rueben Owens,Rusher,0,0,0.0,0,0,0,4,4.7,0,0,0,0.0,0
382,A,Texas A&M,LSU,Jamarion Morrow,Rusher,0,0,0.0,0,0,0,2,2.7,0,0,0,0.0,0
382,A,Texas A&M,LSU,Amari Daniels,Rusher,0,0,0.0,0,0,0,4,12.5,0,0,0,0.0,0
382,A,Texas A&M,LSU,Theo Melin Ohrstrom,Receiver,0,0,0.0,0,0,0,0,0.0,0,1,1,4.4,0
382,A,Texas A&M,LSU,Kevin Concepcion,Receiver,0,0,0.0,0,0,0,0,0.0,0,7,9,92.7,0
382,A,Texas A&M,LSU,Other WR,Receiver,0,0,0.0,0,0,0,0,0.0,0,3,6,13.0,0
382,A,Texas A&M,LSU,Mario Craver,Receiver,0,0,0.0,0,0,0,0,0.0,0,3,6,17.7,0
382,A,Texas A&M,LSU,Nate Boerkircher,Receiver,0,0,0.0,0,0,0,0,0.0,0,0,1,0.0,0
382,A,Texas A&M,LSU,Terry Bussey,Receiver,0,0,0.0,0,0,0,0,0.0,0,0,1,0.0,0
383,B,Texas A&M,LSU,Marcel Reed,QB,20,12,128.4,1,0,2,0,0.0,0,0,0,0.0,0
383,B,Texas A&M,LSU,Le'Veon Moss,Rusher,0,0,0.0,0,0,0,9,34.2,0,0,0,0.0,0
383,B,Texas A&M,LSU,Amari Daniels,Rusher,0,0,0.0,0,0,0,6,24.1,1,0,0,0.0,0
383,B,Texas A&M,LSU,Rueben Owens,Rusher,0,0,0.0,0,0,0,7,33.9,0,0,0,0.0,0
383,B,Texas A&M,LSU,Marcel Reed,Rusher,0,0,0.0,0,0,0,7,35.6,0,0,0,0.0,0
383,B,Texas A&M,LSU,E.J. Smith,Rusher,0,0,0.0,0,0,0,2,7.1,0,0,0,0.0,0
383,B,Texas A&M,LSU,Miles O'Neill,Rusher,0,0,0.0,0,0,0,1,-3.9,0,0,0,0.0,0
383,B,Texas A&M,LSU,Jamarion Morrow,Rusher,0,0,0.0,0,0,0,1,5.7,0,0,0,0.0,0
383,B,Texas A&M,LSU,Kevin Concepcion,Receiver,0,0,0.0,0,0,0,0,0.0,0,3,6,25.2,0
383,B,Texas A&M,LSU,Other WR,Receiver,0,0,0.0,0,0,0,0,0.0,0,1,1,34.0,1
383,B,Texas A&M,LSU,Nate Boerkircher,Receiver,0,0,0.0,0,0,0,0,0.0,0,0,1,0.0,0
383,B,Texas A&M,LSU,Mario Craver,Receiver,0,0,0.0,0,0,0,0,0.0,0,5,5,46.9,0
383,B,Texas A&M,LSU,Terry Bussey,Receiver,0,0,0.0,0,0,0,0,0.0,0,0,1,0.0,0
383,B,Texas A&M,LSU,Ashton Bethel-Roman,Receiver,0,0,0.0,0,0,0,0,0.0,0,1,2,0.5,0
383,B,Texas A&M,LSU,Amari Niblack,Receiver,0,0,0.0,0,0,0,0,0.0,0,0,1,0.0,0
383,B,Texas A&M,LSU,Theo Melin Ohrstrom,Receiver,0,0,0.0,0,0,0,0,0.0,0,2,3,21.8,0
383,B,LSU,Texas A&M,Garrett Nussmeier,QB,26,18,167.0,1,0,5,0,0.0,0,0,0,0.0,0
383,B,LSU,Texas A&M,Caden Durham,Rusher,0,0,0.0,0,0,0,13,45.3,0,0,0,0.0,0
383,B,LSU,Texas A&M,Other RB,Rusher,0,0,0.0,0,0,0,4,18.0,0,0,0,0.0,0
383,B,LSU,Texas A&M,Ju'Juan Johnson,Rusher,0,0,0.0,0,0,0,6,23.0,1,0,0,0.0,0
383,B,LSU,Texas A&M,Harlem Berry,Rusher,0,0,0.0,0,0,0,3,-3.7,0,0,0,0.0,0
383,B,LSU,Texas A&M,Garrett Nussmeier,Rusher,0,0,0.0,0,0,0,2,2.9,0,0,0,0.0,0
383,B,LSU,Texas A&M,Kaleb Jackson,Rusher,0,0,0.0,0,0,0,1,9.2,0,0,0,0.0,0
383,B,LSU,Texas A&M,Aaron Anderson,Receiver,0,0,0.0,0,0,0,0,0.0,0,5,8,31.0,0
383,B,LSU,Texas A&M,Other WR,Receiver,0,0,0.0,0,0,0,0,0.0,0,4,5,47.5,1
383,B,LSU,Texas A&M,Barion Brown,Receiver,0,0,0.0,0,0,0,0,0.0,0,2,2,22.2,0
383,B,LSU,Texas A&M,Bauer Sharp,Receiver,0,0,0.0,0,0,0,0,0.0,0,3,4,36.1,0
383,B,LSU,Texas A&M,Zavion Thomas,Receiver,0,0,0.0,0,0,0,0,0.0,0,2,2,8.7,0
383,B,LSU,Texas A&M,Nic Anderson,Receiver,0,0,0.0,0,0,0,0,0.0,0,2,3,21.4,0
383,B,LSU,Texas A&M,Trey'Dez Green,Receiver,0,0,0.0,0,0,0,0,0.0,0,0,2,0.0,0
352,A,LSU,Texas A&M,Garrett Nussmeier,QB,39,24,262.7,2,0,3,0,0.0,0,0,0,0.0,0
352,A,LSU,Texas A&M,Garrett Nussmeier,Rusher,0,0,0.0,0,0,0,2,11.7,0,0,0,0.0,0
352,A,LSU,Texas A&M,Ju'Juan Johnson,Rusher,0,0,0.0,0,0,0,7,25.6,0,0,0,0.0,0
352,A,LSU,Texas A&M,Caden Durham,Rusher,0,0,0.0,0,0,0,10,38.7,0,0,0,0.0,0
352,A,LSU,Texas A&M,Kaleb Jackson,Rusher,0,0,0.0,0,0,0,2,0.6,0,0,0,0.0,0
352,A,LSU,Texas A&M,Harlem Berry,Rusher,0,0,0.0,0,0,0,3,10.1,0,0,0,0.0,0
352,A,LSU,Texas A&M,Other RB,Rusher,0,0,0.0,0,0,0,1,-3.9,0,0,0,0.0,0
352,A,LSU,Texas A&M,Barion Brown,Receiver,0,0,0.0,0,0,0,0,0.0,0,6,10,44.6,0
352,A,LSU,Texas A&M,Bauer Sharp,Receiver,0,0,0.0,0,0,0,0,0.0,0,1,2,10.6,0
352,A,LSU,Texas A&M,Other WR,Receiver,0,0,0.0,0,0,0,0,0.0,0,3,4,46.4,1
352,A,LSU,Texas A&M,Zavion Thomas,Receiver,0,0,0.0,0,0,0,0,0.0,0,3,4,18.2,0
352,A,LSU,Texas A&M,Aaron Anderson,Receiver,0,0,0.0,0,0,0,0,0.0,0,4,9,59.4,1
352,A,LSU,Texas A&M,Trey'Dez Green,Receiver,0,0,0.0,0,0,0,0,0.0,0,3,5,62.9,0
352,A,LSU,Texas A&M,Kyle Parker,Receiver,0,0,0.0,0,0,0,0,0.0,0,0,1,0.0,0
352,A,LSU,Texas A&M,Nic Anderson,Receiver,0,0,0.0,0,0,0,0,0.0,0,2,2,7.9,0
352,A,LSU,Texas A&M,Chris Hilton Jr.,Receiver,0,0,0.0,0,0,0,0,0.0,0,2,2,12.7,0
352,A,Texas A&M,LSU,Marcel Reed,QB,23,16,217.0,2,0,2,0,0.0,0,0,0,0.0,0
352,A,Texas A&M,LSU,Le'Veon Moss,Rusher,0,0,0.0,0,0,0,11,37.7,1,0,0,0.0,0
352,A,Texas A&M,LSU,Amari Daniels,Rusher,0,0,0.0,0,0,0,6,23.5,0,0,0,0.0,0
352,A,Texas A&M,LSU,Rueben Owens,Rusher,0,0,0.0,0,0,0,4,18.3,0,0,0,0.0,0
352,A,Texas A&M,LSU,Marcel Reed,Rusher,0,0,0.0,0,0,0,4,24.0,0,0,0,0.0,0
352,A,Texas A&M,LSU,E.J. Smith,Rusher,0,0,0.0,0,0,0,6,37.6,1,0,0,0.0,0
352,A,Texas A&M,LSU,Kevin Concepcion,Receiver,0,0,0.0,0,0,0,0,0.0,0,7,12,94.1,2
352,A,Texas A&M,LSU,Theo Melin Ohrstrom,Receiver,0,0,0.0,0,0,0,0,0.0,0,2,3,21.7,0
352,A,Texas A&M,LSU,Other WR,Receiver,0,0,0.0,0,0,0,0,0.0,0,1,2,14.7,0
352,A,Texas A&M,LSU,Mario Craver,Receiver,0,0,0.0,0,0,0,0,0.0,0,2,2,32.5,0
352,A,Texas A&M,LSU,Amari Niblack,Receiver,0,0,0.0,0,0,0,0,0.0,0,1,1,15.6,0
352,A,Texas A&M,LSU,Ashton Bethel-Roman,Receiver,0,0,0.0,0,0,0,0,0.0,0,2,2,32.4,0
352,A,Texas A&M,LSU,Terry Bussey,Receiver,0,0,0.0,0,0,0,0,0.0,0,1,1,5.9,0
353,B,Texas A&M,LSU,Marcel Reed,QB,25,18,262.4,1,0,2,0,0.0,0,0,0,0.0,0
353,B,Texas A&M,LSU,E.J. Smith,Rusher,0,0,0.0,0,0,0,3,-4.3,0,0,0,0.0,0
353,B,Texas A&M,LSU,Marcel Reed,Rusher,0,0,0.0,0,0,0,10,33.0,0,0,0,0.0,0
353,B,Texas A&M,LSU,Le'Veon Moss,Rusher,0,0,0.0,0,0,0,16,40.3,0,0,0,0.0,0
353,B,Texas A&M,LSU,Rueben Owens,Rusher,0,0,0.0,0,0,0,3,8.2,1,0,0,0.0,0
353,B,Texas A&M,LSU,Jamarion Morrow,Rusher,0,0,0.0,0,0,0,1,-1.9,0,0,0,0.0,0
353,B,Texas A&M,LSU,Theo Melin Ohrstrom,Receiver,0,0,0.0,0,0,0,0,0.0,0,2,4,25.1,0
353,B,Texas A&M,LSU,Other WR,Receiver,0,0,0.0,0,0,0,0,0.0,0,6,8,123.2,1
353,B,Texas A&M,LSU,Kevin Concepcion,Receiver,0,0,0.0,0,0,0,0,0.0,0,1,3,17.7,0
353,B,Texas A&M,LSU,Mario Craver,Receiver,0,0,0.0,0,0,0,0,0.0,0,6,7,77.2,0
353,B,Texas A&M,LSU,Terry Bussey,Receiver,0,0,0.0,0,0,0,0,0.0,0,2,2,19.2,0
353,B,Texas A&M,LSU,Nate Boerkircher,Receiver,0,0,0.0,0,0,0,0,0.0,0,1,1,0.0,0
353,B,LSU,Texas A&M,Garrett Nussmeier,QB,31,19,207.6,1,0,2,0,0.0,0,0,0,0.0,0
353,B,LSU,Texas A&M,Caden Durham,Rusher,0,0,0.0,0,0,0,16,43.4,0,0,0,0.0,0
353,B,LSU,Texas A&M,Garrett Nussmeier,Rusher,0,0,0.0,0,0,0,3,0.3,0,0,0,0.0,0
353,B,LSU,Texas A&M,Ju'Juan Johnson,Rusher,0,0,0.0,0,0,0,4,7.3,0,0,0,0.0,0
353,B,LSU,Texas A&M,Harlem Berry,Rusher,0,0,0.0,0,0,0,4,19.1,0,0,0,0.0,0
353,B,LSU,Texas A&M,Other RB,Rusher,0,0,0.0,0,0,0,1,-3.9,0,0,0,0.0,0
353,B,LSU,Texas A&M,Aaron Anderson,Receiver,0,0,0.0,0,0,0,0,0.0,0,4,6,18.9,0
353,B,LSU,Texas A&M,Bauer Sharp,Receiver,0,0,0.0,0,0,0,0,0.0,0,2,3,6.2,0
353,B,LSU,Texas A&M,Other WR,Receiver,0,0,0.0,0,0,0,0,0.0,0,3,3,37.1,0
353,B,LSU,Texas A&M,Barion Brown,Receiver,0,0,0.0,0,0,0,0,0.0,0,2,4,32.4,0
353,B,LSU,Texas A&M,Zavion Thomas,Receiver,0,0,0.0,0,0,0,0,0.0,0,1,4,22.8,0
353,B,LSU,Texas A&M,Nic Anderson,Receiver,0,0,0.0,0,0,0,0,0.0,0,3,3,60.0,0
353,B,LSU,Texas A&M,Kyle Parker,Receiver,0,0,0.0,0,0,0,0,0.0,0,2,3,24.7,0
353,B,LSU,Texas A&M,Chris Hilton Jr.,Receiver,0,0,0.0,0,0,0,0,0.0,0,2,2,5.5,1
353,B,LSU,Texas A&M,Trey'Dez Green,Receiver,0,0,0.0,0,0,0,0,0.0,0,0,3,0.0,0
354,A,LSU,Texas A&M,Garrett Nussmeier,QB,27,14,148.9,1,0,0,0,0.0,0,0,0,0.0,0
354,A,LSU,Texas A&M,Caden Durham,Rusher,0,0,0.0,0,0,0,11,37.3,0,0,0,0.0,0
354,A,LSU,Texas A&M,Ju'Juan Johnson,Rusher,0,0,0.0,0,0,0,4,19.4,0,0,0,0.0,0
354,A,LSU,Texas A&M,Harlem Berry,Rusher,0,0,0.0,0,0,0,5,24.7,1,0,0,0.0,0
354,A,LSU,Texas A&M,Garrett Nussmeier,Rusher,0,0,0.0,0,0,0,3,17.1,0,0,0,0.0,0
354,A,LSU,Texas A&M,Kaleb Jackson,Rusher,0,0,0.0,0,0,0,1,2.4,0,0,0,0.0,0
354,A,LSU,Texas A&M,Other RB,Rusher,0,0,0.0,0,0,0,1,-3.9,0,0,0,0.0,0
354,A,LSU,Texas A&M,Barion Brown,Receiver,0,0,0.0,0,0,0,0,0.0,0,1,3,9.5,0
354,A,LSU,Texas A&M,Aaron Anderson,Receiver,0,0,0.0,0,0,0,0,0.0,0,5,10,55.2,1
354,A,LSU,Texas A&M,Other WR,Receiver,0,0,0.0,0,0,0,0,0.0,0,2,2,8.7,0
354,A,LSU,Texas A&M,Nic Anderson,Receiver,0,0,0.0,0,0,0,0,0.0,0,0,2,0.0,0
354,A,LSU,Texas A&M,Chris Hilton Jr.,Receiver,0,0,0.0,0,0,0,0,0.0,0,1,1,19.9,0
354,A,LSU,Texas A&M,Kyle Parker,Receiver,0,0,0.0,0,0,0,0,0.0,0,1,2,20.6,0
354,A,LSU,Texas A&M,Zavion Thomas,Receiver,0,0,0.0,0,0,0,0,0.0,0,1,4,11.7,0
354,A,LSU,Texas A&M,Bauer Sharp,Receiver,0,0,0.0,0,0,0,0,0.0,0,2,2,7.6,0
354,A,LSU,Texas A&M,Trey'Dez Green,Receiver,0,0,0.0,0,0,0,0,0.0,0,1,1,15.7,0
354,A,Texas A&M,LSU,Marcel Reed,QB,26,17,117.4,0,0,3,0,0.0,0,0,0,0.0,0
354,A,Texas A&M,LSU,Rueben Owens,Rusher,0,0,0.0,0,0,0,11,52.7,0,0,0,0.0,0
354,A,Texas A&M,LSU,Le'Veon Moss,Rusher,0,0,0.0,0,0,0,13,45.7,0,0,0,0.0,0
354,A,Texas A&M,LSU,Marcel Reed,Rusher,0,0,0.0,0,0,0,10,58.0,2,0,0,0.0,0
354,A,Texas A&M,LSU,E.J. Smith,Rusher,0,0,0.0,0,0,0,1,8.2,0,0,0,0.0,0
354,A,Texas A&M,LSU,Amari Daniels,Rusher,0,0,0.0,0,0,0,7,40.7,0,0,0,0.0,0
354,A,Texas A&M,LSU,Theo Melin Ohrstrom,Receiver,0,0,0.0,0,0,0,0,0.0,0,3,4,57.3,0
354,A,Texas A&M,LSU,Other WR,Receiver,0,0,0.0,0,0,0,0,0.0,0,1,2,8.5,0
354,A,Texas A&M,LSU,Kevin Concepcion,Receiver,0,0,0.0,0,0,0,0,0.0,0,6,9,11.9,0
354,A,Texas A&M,LSU,Mario Craver,Receiver,0,0,0.0,0,0,0,0,0.0,0,4,6,19.5,0
354,A,Texas A&M,LSU,Terry Bussey,Receiver,0,0,0.0,0,0,0,0,0.0,0,1,2,2.0,0
354,A,Texas A&M,LSU,Ashton Bethel-Roman,Receiver,0,0,0.0,0,0,0,0,0.0,0,0,1,0.0,0
354,A,Texas A&M,LSU,Nate Boerkircher,Receiver,0,0,0.0,0,0,0,0,0.0,0,1,1,18.2,0
354,A,Texas A&M,LSU,Amari Niblack,Receiver,0,0,0.0,0,0,0,0,0.0,0,1,1,0.0,0
355,B,Texas A&M,LSU,Marcel Reed,QB,22,17,167.4,0,0,4,0,0.0,0,0,0,0.0,0
355,B,Texas A&M,LSU,Marcel Reed,Rusher,0,0,0.0,0,0,0,9,41.1,1,0,0,0.0,0
355,B,Texas A&M,LSU,Amari Daniels,Rusher,0,0,0.0,0,0,0,5,25.7,0,0,0,0.0,0
355,B,Texas A&M,LSU,Rueben Owens,Rusher,0,0,0.0,0,0,0,7,47.7,0,0,0,0.0,0
355,B,Texas A&M,LSU,Le'Veon Moss,Rusher,0,0,0.0,0,0,0,16,49.5,2,0,0,0.0,0
355,B,Texas A&M,LSU,E.J. Smith,Rusher,0,0,0.0,0,0,0,2,18.6,0,0,0,0.0,0
355,B,Texas A&M,LSU,Kevin Concepcion,Receiver,0,0,0.0,0,0,0,0,0.0,0,1,1,0.0,0
355,B,Texas A&M,LSU,Terry Bussey,Receiver,0,0,0.0,0,0,0,0,0.0,0,2,3,26.6,0
355,B,Texas A&M,LSU,Theo Melin Ohrstrom,Receiver,0,0,0.0,0,0,0,0,0.0,0,6,7,70.8,0
355,B,Texas A&M,LSU,Ashton Bethel-Roman,Receiver,0,0,0.0,0,0,0,0,0.0,0,1,1,0.0,0
355,B,Texas A&M,LSU,Mario Craver,Receiver,0,0,0.0,0,0,0,0,0.0,0,4,6,39.4,0
355,B,Texas A&M,LSU,Other WR,Receiver,0,0,0.0,0,0,0,0,0.0,0,2,3,12.9,0
355,B,Texas A&M,LSU,Nate Boerkircher,Receiver,0,0,0.0,0,0,0,0,0.0,0,1,1,17.7,0
355,B,LSU,Texas A&M,Garrett Nussmeier,QB,31,20,150.8,1,0,1,0,0.0,0,0,0,0.0,0
355,B,LSU,Texas A&M,Caden Durham,Rusher,0,0,0.0,0,0,0,11,55.8,0,0,0,0.0,0
355,B,LSU,Texas A&M,Harlem Berry,Rusher,0,0,0.0,0,0,0,2,5.9,0,0,0,0.0,0
355,B,LSU,Texas A&M,Other RB,Rusher,0,0,0.0,0,0,0,2,7.2,0,0,0,0.0,0
355,B,LSU,Texas A&M,Ju'Juan Johnson,Rusher,0,0,0.0,0,0,0,3,11.8,0,0,0,0.0,0
355,B,LSU,Texas A&M,Garrett Nussmeier,Rusher,0,0,0.0,0,0,0,2,15.3,0,0,0,0.0,0
355,B,LSU,Texas A&M,Chris Hilton Jr.,Receiver,0,0,0.0,0,0,0,0,0.0,0,0,1,0.0,0
355,B,LSU,Texas A&M,Zavion Thomas,Receiver,0,0,0.0,0,0,0,0,0.0,0,1,3,11.5,0
355,B,LSU,Texas A&M,Nic Anderson,Receiver,0,0,0.0,0,0,0,0,0.0,0,4,6,62.4,0
355,B,LSU,Texas A&M,Trey'Dez Green,Receiver,0,0,0.0,0,0,0,0,0.0,0,1,3,0.0,0
355,B,LSU,Texas A&M,Aaron Anderson,Receiver,0,0,0.0,0,0,0,0,0.0,0,5,6,32.1,1
355,B,LSU,Texas A&M,Other WR,Receiver,0,0,0.0,0,0,0,0,0.0,0,1,1,0.0,0
355,B,LSU,Texas A&M,Bauer Sharp,Receiver,0,0,0.0,0,0,0,0,0.0,0,4,6,17.0,0
355,B,LSU,Texas A&M,Barion Brown,Receiver,0,0,0.0,0,0,0,0,0.0,0,2,2,21.9,0
355,B,LSU,Texas A&M,Kyle Parker,Receiver,0,0,0.0,0,0,0,0,0.0,0,2,3,5.9,0
356,A,LSU,Texas A&M,Garrett Nussmeier,QB,34,24,234.3,2,0,0,0,0.0,0,0,0,0.0,0
356,A,LSU,Texas A&M,Caden Durham,Rusher,0,0,0.0,0,0,0,19,75.1,1,0,0,0.0,0
356,A,LSU,Texas A&M,Garrett Nussmeier,Rusher,0,0,0.0,0,0,0,1,6.4,0,0,0,0.0,0
356,A,LSU,Texas A&M,Kaleb Jackson,Rusher,0,0,0.0,0,0,0,2,8.9,1,0,0,0.0,0
356,A,LSU,Texas A&M,Other RB,Rusher,0,0,0.0,0,0,0,3,9.8,0,0,0,0.0,0
356,A,LSU,Texas A&M,Harlem Berry,Rusher,0,0,0.0,0,0,0,7,45.2,0,0,0,0.0,0
356,A,LSU,Texas A&M,Ju'Juan Johnson,Rusher,0,0,0.0,0,0,0,5,20.2,0,0,0,0.0,0
356,A,LSU,Texas A&M,Aaron Anderson,Receiver,0,0,0.0,0,0,0,0,0.0,0,7,10,107.1,1
356,A,LSU,Texas A&M,Bauer Sharp,Receiver,0,0,0.0,0,0,0,0,0.0,0,3,4,18.2,0
356,A,LSU,Texas A&M,Barion Brown,Receiver,0,0,0.0,0,0,0,0,0.0,0,3,4,31.0,0
356,A,LSU,Texas A&M,Kyle Parker,Receiver,0,0,0.0,0,0,0,0,0.0,0,2,3,17.0,0
356,A,LSU,Texas A&M,Zavion Thomas,Receiver,0,0,0.0,0,0,0,0,0.0,0,1,2,13.0,0
356,A,LSU,Texas A&M,Nic Anderson,Receiver,0,0,0.0,0,0,0,0,0.0,0,3,3,37.3,0
356,A,LSU,Texas A&M,Other WR,Receiver,0,0,0.0,0,0,0,0,0.0,0,2,3,8.6,1
356,A,LSU,Texas A&M,Trey'Dez Green,Receiver,0,0,0.0,0,0,0,0,0.0,0,2,2,0.0,0
356,A,LSU,Texas A&M,Chris Hilton Jr.,Receiver,0,0,0.0,0,0,0,0,0.0,0,1,3,2.0,0
356,A,Texas A&M,LSU,Marcel Reed,QB,26,14,137.8,1,0,2,0,0.0,0,0,0,0.0,0
356,A,Texas A&M,LSU,Marcel Reed,Rusher,0,0,0.0,0,0,0,4,7.6,0,0,0,0.0,0
356,A,Texas A&M,LSU,Le'Veon Moss,Rusher,0,0,0.0,0,0,0,9,44.8,0,0,0,0.0,0
356,A,Texas A&M,LSU,Amari Daniels,Rusher,0,0,0.0,0,0,0,4,5.5,0,0,0,0.0,0
356,A,Texas A&M,LSU,Rueben Owens,Rusher,0,0,0.0,0,0,0,3,-6.9,0,0,0,0.0,0
356,A,Texas A&M,LSU,E.J. Smith,Rusher,0,0,0.0,0,0,0,1,1.8,0,0,0,0.0,0
356,A,Texas A&M,LSU,Theo Melin Ohrstrom,Receiver,0,0,0.0,0,0,0,0,0.0,0,2,3,10.3,0
356,A,Texas A&M,LSU,Kevin Concepcion,Receiver,0,0,0.0,0,0,0,0,0.0,0,3,5,36.3,0
356,A,Texas A&M,LSU,Mario Craver,Receiver,0,0,0.0,0,0,0,0,0.0,0,3,7,11.3,0
356,A,Texas A&M,LSU,Other WR,Receiver,0,0,0.0,0,0,0,0,0.0,0,3,5,50.8,1
356,A,Texas A&M,LSU,Nate Boerkircher,Receiver,0,0,0.0,0,0,0,0,0.0,0,0,2,0.0,0
356,A,Texas A&M,LSU,Amari Niblack,Receiver,0,0,0.0,0,0,0,0,0.0,0,1,1,17.2,0
356,A,Texas A&M,LSU,Ashton Bethel-Roman,Receiver,0,0,0.0,0,0,0,0,0.0,0,1,2,0.0,0
356,A,Texas A&M,LSU,Terry Bussey,Receiver,0,0,0.0,0,0,0,0,0.0,0,1,1,11.9,0
357,B,Texas A&M,LSU,Marcel Reed,QB,22,15,100.6,0,0,2,0,0.0,0,0,0,0.0,0
357,B,Texas A&M,LSU,Amari Daniels,Rusher,0,0,0.0,0,0,0,6,14.7,0,0,0,0.0,0
357,B,Texas A&M,LSU,Le'Veon Moss,Rusher,0,0,0.0,0,0,0,9,30.0,0,0,0,0.0,0
357,B,Texas A&M,LSU,E.J. Smith,Rusher,0,0,0.0,0,0,0,2,0.5,0,0,0,0.0,0
357,B,Texas A&M,LSU,Marcel Reed,Rusher,0,0,0.0,0,0,0,8,11.3,0,0,0,0.0,0
357,B,Texas A&M,LSU,Rueben Owens,Rusher,0,0,0.0,0,0,0,8,70.4,1,0,0,0.0,0
357,B,Texas A&M,LSU,Other WR,Receiver,0,0,0.0,0,0,0,0,0.0,0,6,9,43.3,0
357,B,Texas A&M,LSU,Nate Boerkircher,Receiver,0,0,0.0,0,0,0,0,0.0,0,1,1,7.4,0
357,B,Texas A&M,LSU,Terry Bussey,Receiver,0,0,0.0,0,0,0,0,0.0,0,2,3,7.1,0
357,B,Texas A&M,LSU,Theo Melin Ohrstrom,Receiver,0,0,0.0,0,0,0,0,0.0,0,1,3,6.8,0
357,B,Texas A&M,LSU,Mario Craver,Receiver,0,0,0.0,0,0,0,0,0.0,0,2,3,17.8,0
357,B,Texas A&M,LSU,Ashton Bethel-Roman,Receiver,0,0,0.0,0,0,0,0,0.0,0,2,2,11.6,0
357,B,Texas A&M,LSU,Kevin Concepcion,Receiver,0,0,0.0,0,0,0,0,0.0,0,1,1,6.6,0
357,B,LSU,Texas A&M,Garrett Nussmeier,QB,31,17,204.0,1,0,3,0,0.0,0,0,0,0.0,0
357,B,LSU,Texas A&M,Caden Durham,Rusher,0,0,0.0,0,0,0,13,70.7,1,0,0,0.0,0
357,B,LSU,Texas A&M,Other RB,Rusher,0,0,0.0,0,0,0,3,14.3,0,0,0,0.0,0
357,B,LSU,Texas A&M,Garrett Nussmeier,Rusher,0,0,0.0,0,0,0,3,16.6,0,0,0,0.0,0
357,B,LSU,Texas A&M,Ju'Juan Johnson,Rusher,0,0,0.0,0,0,0,7,48.1,0,0,0,0.0,0
357,B,LSU,Texas A&M,Harlem Berry,Rusher,0,0,0.0,0,0,0,3,-5.6,0,0,0,0.0,0
357,B,LSU,Texas A&M,Kaleb Jackson,Rusher,0,0,0.0,0,0,0,1,5.4,0,0,0,0.0,0
357,B,LSU,Texas A&M,Trey'Dez Green,Receiver,0,0,0.0,0,0,0,0,0.0,0,5,5,63.5,0
357,B,LSU,Texas A&M,Kyle Parker,Receiver,0,0,0.0,0,0,0,0,0.0,0,0,4,0.0,0
357,B,LSU,Texas A&M,Chris Hilton Jr.,Receiver,0,0,0.0,0,0,0,0,0.0,0,1,2,6.9,0
357,B,LSU,Texas A&M,Zavion Thomas,Receiver,0,0,0.0,0,0,0,0,0.0,0,1,5,0.0,0
357,B,LSU,Texas A&M,Other WR,Receiver,0,0,0.0,0,0,0,0,0.0,0,3,4,55.9,0
357,B,LSU,Texas A&M,Barion Brown,Receiver,0,0,0.0,0,0,0,0,0.0,0,1,2,29.7,0
357,B,LSU,Texas A&M,Bauer Sharp,Receiver,0,0,0.0,0,0,0,0,0.0,0,4,5,44.3,1
357,B,LSU,Texas A&M,Aaron Anderson,Receiver,0,0,0.0,0,0,0,0,0.0,0,2,4,3.8,0
358,A,LSU,Texas A&M,Garrett Nussmeier,QB,30,21,233.8,0,0,1,0,0.0,0,0,0,0.0,0
358,A,LSU,Texas A&M,Ju'Juan Johnson,Rusher,0,0,0.0,0,0,0,8,17.3,0,0,0,0.0,0
358,A,LSU,Texas A&M,Caden Durham,Rusher,0,0,0.0,0,0,0,17,68.1,2,0,0,0.0,0
358,A,LSU,Texas A&M,Other RB,Rusher,0,0,0.0,0,0,0,4,5.0,0,0,0,0.0,0
358,A,LSU,Texas A&M,Kaleb Jackson,Rusher,0,0,0.0,0,0,0,2,5.0,0,0,0,0.0,0
358,A,LSU,Texas A&M,Garrett Nussmeier,Rusher,0,0,0.0,0,0,0,3,15.4,0,0,0,0.0,0
358,A,LSU,Texas A&M,Bauer Sharp,Receiver,0,0,0.0,0,0,0,0,0.0,0,4,5,26.7,0
358,A,LSU,Texas A&M,Barion Brown,Receiver,0,0,0.0,0,0,0,0,0.0,0,2,3,10.6,0
358,A,LSU,Texas A&M,Zavion Thomas,Receiver,0,0,0.0,0,0,0,0,0.0,0,6,8,98.8,0
358,A,LSU,Texas A&M,Kyle Parker,Receiver,0,0,0.0,0,0,0,0,0.0,0,3,3,45.0,0
358,A,LSU,Texas A&M,Aaron Anderson,Receiver,0,0,0.0,0,0,0,0,0.0,0,3,6,0.6,0
358,A,LSU,Texas A&M,Nic Anderson,Receiver,0,0,0.0,0,0,0,0,0.0,0,1,2,17.9,0
358,A,LSU,Texas A&M,Trey'Dez Green,Receiver,0,0,0.0,0,0,0,0,0.0,0,2,3,34.1,0
358,A,Texas A&M,LSU,Marcel Reed,QB,25,19,184.4,1,1,4,0,0.0,0,0,0,0.0,0
358,A,Texas A&M,LSU,Le'Veon Moss,Rusher,0,0,0.0,0,0,0,6,40.1,0,0,0,0.0,0
358,A,Texas A&M,LSU,Marcel Reed,Rusher,0,0,0.0,0,0,0,6,29.1,0,0,0,0.0,0
358,A,Texas A&M,LSU,Jamarion Morrow,Rusher,0,0,0.0,0,0,0,2,6.4,0,0,0,0.0,0
358,A,Texas A&M,LSU,Rueben Owens,Rusher,0,0,0.0,0,0,0,6,20.5,1,0,0,0.0,0
358,A,Texas A&M,LSU,Amari Daniels,Rusher,0,0,0.0,0,0,0,3,3.3,0,0,0,0.0,0
358,A,Texas A&M,LSU,E.J. Smith,Rusher,0,0,0.0,0,0,0,1,-0.1,0,0,0,0.0,0
358,A,Texas A&M,LSU,Miles O'Neill,Rusher,0,0,0.0,0,0,0,1,2.0,0,0,0,0.0,0
358,A,Texas A&M,LSU,Ashton Bethel-Roman,Receiver,0,0,0.0,0,0,0,0,0.0,0,1,1,0.0,0
358,A,Texas A&M,LSU,Mario Craver,Receiver,0,0,0.0,0,0,0,0,0.0,0,5,6,78.4,0
358,A,Texas A&M,LSU,Other WR,Receiver,0,0,0.0,0,0,0,0,0.0,0,7,9,71.5,1
358,A,Texas A&M,LSU,Amari Niblack,Receiver,0,0,0.0,0,0,0,0,0.0,0,1,1,13.6,0
358,A,Texas A&M,LSU,Kevin Concepcion,Receiver,0,0,0.0,0,0,0,0,0.0,0,3,5,0.8,0
358,A,Texas A&M,LSU,Terry Bussey,Receiver,0,0,0.0,0,0,0,0,0.0,0,1,1,1.9,0
358,A,Texas A&M,LSU,Nate Boerkircher,Receiver,0,0,0.0,0,0,0,0,0.0,0,1,2,18.2,0
359,B,Texas A&M,LSU,Marcel Reed,QB,28,18,161.9,1,0,6,0,0.0,0,0,0,0.0,0
359,B,Texas A&M,LSU,Jamarion Morrow,Rusher,0,0,0.0,0,0,0,2,3.7,0,0,0,0.0,0
359,B,Texas A&M,LSU,Miles O'Neill,Rusher,0,0,0.0,0,0,0,1,8.9,0,0,0,0.0,0
359,B,Texas A&M,LSU,Le'Veon Moss,Rusher,0,0,0.0,0,0,0,10,10.8,0,0,0,0.0,0
359,B,Texas A&M,LSU,Marcel Reed,Rusher,0,0,0.0,0,0,0,5,3.6,0,0,0,0.0,0
359,B,Texas A&M,LSU,Rueben Owens,Rusher,0,0,0.0,0,0,0,1,4.5,0,0,0,0.0,0
359,B,Texas A&M,LSU,E.J. Smith,Rusher,0,0,0.0,0,0,0,3,13.7,0,0,0,0.0,0
359,B,Texas A&M,LSU,Other WR,Receiver,0,0,0.0,0,0,0,0,0.0,0,3,6,40.2,0
359,B,Texas A&M,LSU,Kevin Concepcion,Receiver,0,0,0.0,0,0,0,0,0.0,0,7,11,81.6,1
359,B,Texas A&M,LSU,Nate Boerkircher,Receiver,0,0,0.0,0,0,0,0,0.0,0,1,2,0.0,0
359,B,Texas A&M,LSU,Ashton Bethel-Roman,Receiver,0,0,0.0,0,0,0,0,0.0,0,2,2,12.8,0
359,B,Texas A&M,LSU,Terry Bussey,Receiver,0,0,0.0,0,0,0,0,0.0,0,2,2,7.6,0
359,B,Texas A&M,LSU,Theo Melin Ohrstrom,Receiver,0,0,0.0,0,0,0,0,0.0,0,1,1,0.0,0
359,B,Texas A&M,LSU,Mario Craver,Receiver,0,0,0.0,0,0,0,0,0.0,0,1,2,19.6,0
359,B,Texas A&M,LSU,Amari Niblack,Receiver,0,0,0.0,0,0,0,0,0.0,0,1,2,0.0,0
359,B,LSU,Texas A&M,Garrett Nussmeier,QB,28,21,233.4,3,0,1,0,0.0,0,0,0,0.0,0
359,B,LSU,Texas A&M,Caden Durham,Rusher,0,0,0.0,0,0,0,18,95.3,0,0,0,0.0,0
359,B,LSU,Texas A&M,Garrett Nussmeier,Rusher,0,0,0.0,0,0,0,3,5.0,0,0,0,0.0,0
359,B,LSU,Texas A&M,Kaleb Jackson,Rusher,0,0,0.0,0,0,0,2,15.7,0,0,0,0.0,0
359,B,LSU,Texas A&M,Ju'Juan Johnson,Rusher,0,0,0.0,0,0,0,8,15.2,0,0,0,0.0,0
359,B,LSU,Texas A&M,Harlem Berry,Rusher,0,0,0.0,0,0,0,4,4.8,0,0,0,0.0,0
359,B,LSU,Texas A&M,Other RB,Rusher,0,0,0.0,0,0,0,1,-3.9,0,0,0,0.0,0
359,B,LSU,Texas A&M,Nic Anderson,Receiver,0,0,0.0,0,0,0,0,0.0,0,3,7,28.7,0
359,B,LSU,Texas A&M,Zavion Thomas,Receiver,0,0,0.0,0,0,0,0,0.0,0,2,3,13.7,0
359,B,LSU,Texas A&M,Barion Brown,Receiver,0,0,0.0,0,0,0,0,0.0,0,3,4,31.7,1
359,B,LSU,Texas A&M,Trey'Dez Green,Receiver,0,0,0.0,0,0,0,0,0.0,0,4,4,62.7,0
359,B,LSU,Texas A&M,Other WR,Receiver,0,0,0.0,0,0,0,0,0.0,0,3,3,39.5,2
359,B,LSU,Texas A&M,Aaron Anderson,Receiver,0,0,0.0,0,0,0,0,0.0,0,4,4,48.3,0
359,B,LSU,Texas A&M,Bauer Sharp,Receiver,0,0,0.0,0,0,0,0,0.0,0,0,1,0.0,0
359,B,LSU,Texas A&M,Kyle Parker,Receiver,0,0,0.0,0,0,0,0,0.0,0,2,2,8.9,0
360,A,LSU,Texas A&M,Garrett Nussmeier,QB,28,15,140.7,0,0,4,0,0.0,0,0,0,0.0,0
360,A,LSU,Texas A&M,Kaleb Jackson,Rusher,0,0,0.0,0,0,0,2,12.8,0,0,0,0.0,0
360,A,LSU,Texas A&M,Ju'Juan Johnson,Rusher,0,0,0.0,0,0,0,7,28.3,0,0,0,0.0,0
360,A,LSU,Texas A&M,Other RB,Rusher,0,0,0.0,0,0,0,3,6.1,0,0,0,0.0,0
360,A,LSU,Texas A&M,Harlem Berry,Rusher,0,0,0.0,0,0,0,5,29.4,1,0,0,0.0,0
360,A,LSU,Texas A&M,Caden Durham,Rusher,0,0,0.0,0,0,0,10,34.3,0,0,0,0.0,0
360,A,LSU,Texas A&M,Aaron Anderson,Receiver,0,0,0.0,0,0,0,0,0.0,0,2,5,8.3,0
360,A,LSU,Texas A&M,Barion Brown,Receiver,0,0,0.0,0,0,0,0,0.0,0,1,4,5.3,0
360,A,LSU,Texas A&M,Other WR,Receiver,0,0,0.0,0,0,0,0,0.0,0,2,3,42.2,0
360,A,LSU,Texas A&M,Nic Anderson,Receiver,0,0,0.0,0,0,0,0,0.0,0,1,4,6.0,0
360,A,LSU,Texas A&M,Bauer Sharp,Receiver,0,0,0.0,0,0,0,0,0.0,0,4,5,10.5,0
360,A,LSU,Texas A&M,Zavion Thomas,Receiver,0,0,0.0,0,0,0,0,0.0,0,2,4,34.6,0
360,A,LSU,Texas A&M,Trey'Dez Green,Receiver,0,0,0.0,0,0,0,0,0.0,0,2,2,17.5,0
360,A,LSU,Texas A&M,Kyle Parker,Receiver,0,0,0.0,0,0,0,0,0.0,0,1,1,16.3,0
360,A,Texas A&M,LSU,Marcel Reed,QB,18,15,205.7,1,0,3,0,0.0,0,0,0,0.0,0
360,A,Texas A&M,LSU,Marcel Reed,Rusher,0,0,0.0,0,0,0,6,17.6,1,0,0,0.0,0
360,A,Texas A&M,LSU,Le'Veon Moss,Rusher,0,0,0.0,0,0,0,13,50.0,1,0,0,0.0,0
360,A,Texas A&M,LSU,Amari Daniels,Rusher,0,0,0.0,0,0,0,5,23.6,0,0,0,0.0,0
360,A,Texas A&M,LSU,E.J. Smith,Rusher,0,0,0.0,0,0,0,4,30.8,1,0,0,0.0,0
360,A,Texas A&M,LSU,Rueben Owens,Rusher,0,0,0.0,0,0,0,6,32.9,0,0,0,0.0,0
360,A,Texas A&M,LSU,Miles O'Neill,Rusher,0,0,0.0,0,0,0,1,2.1,0,0,0,0.0,0
360,A,Texas A&M,LSU,Jamarion Morrow,Rusher,0,0,0.0,0,0,0,1,-0.7,0,0,0,0.0,0
360,A,Texas A&M,LSU,Other WR,Receiver,0,0,0.0,0,0,0,0,0.0,0,6,6,88.9,0
360,A,Texas A&M,LSU,Terry Bussey,Receiver,0,0,0.0,0,0,0,0,0.0,0,2,2,32.8,0
360,A,Texas A&M,LSU,Kevin Concepcion,Receiver,0,0,0.0,0,0,0,0,0.0,0,3,4,49.4,1
360,A,Texas A&M,LSU,Theo Melin Ohrstrom,Receiver,0,0,0.0,0,0,0,0,0.0,0,0,0,0.0,0
360,A,Texas A&M,LSU,Nate Boerkircher,Receiver,0,0,0.0,0,0,0,0,0.0,0,1,1,13.3,0
360,A,Texas A&M,LSU,Mario Craver,Receiver,0,0,0.0,0,0,0,0,0.0,0,3,5,21.4,0
360,A,Texas A&M,LSU,Ashton Bethel-Roman,Receiver,0,0,0.0,0,0,0,0,0.0,0,0,0,0.0,0
361,B,Texas A&M,LSU,Marcel Reed,QB,23,16,119.7,0,0,8,0,0.0,0,0,0,0.0,0
361,B,Texas A&M,LSU,Marcel Reed,Rusher,0,0,0.0,0,0,0,8,25.5,0,0,0,0.0,0
361,B,Texas A&M,LSU,Le'Veon Moss,Rusher,0,0,0.0,0,0,0,14,67.8,1,0,0,0.0,0
361,B,Texas A&M,LSU,Rueben Owens,Rusher,0,0,0.0,0,0,0,5,10.2,0,0,0,0.0,0
361,B,Texas A&M,LSU,Amari Daniels,Rusher,0,0,0.0,0,0,0,6,31.1,0,0,0,0.0,0
361,B,Texas A&M,LSU,Jamarion Morrow,Rusher,0,0,0.0,0,0,0,1,-3.6,0,0,0,0.0,0
361,B,Texas A&M,LSU,Miles O'Neill,Rusher,0,0,0.0,0,0,0,1,6.9,0,0,0,0.0,0
361,B,Texas A&M,LSU,E.J. Smith,Rusher,0,0,0.0,0,0,0,3,10.9,0,0,0,0.0,0
361,B,Texas A&M,LSU,Ashton Bethel-Roman,Receiver,0,0,0.0,0,0,0,0,0.0,0,6,6,34.6,0
361,B,Texas A&M,LSU,Kevin Concepcion,Receiver,0,0,0.0,0,0,0,0,0.0,0,2,5,10.2,0
361,B,Texas A&M,LSU,Mario Craver,Receiver,0,0,0.0,0,0,0,0,0.0,0,3,5,41.2,0
361,B,Texas A&M,LSU,Other WR,Receiver,0,0,0.0,0,0,0,0,0.0,0,2,3,22.3,0
361,B,Texas A&M,LSU,Theo Melin Ohrstrom,Receiver,0,0,0.0,0,0,0,0,0.0,0,1,1,0.0,0
361,B,Texas A&M,LSU,Amari Niblack,Receiver,0,0,0.0,0,0,0,0,0.0,0,1,1,5.0,0
361,B,Texas A&M,LSU,Terry Bussey,Receiver,0,0,0.0,0,0,0,0,0.0,0,0,1,0.0,0
361,B,Texas A&M,LSU,Nate Boerkircher,Receiver,0,0,0.0,0,0,0,0,0.0,0,1,1,6.4,0
361,B,LSU,Texas A&M,Garrett Nussmeier,QB,25,16,159.2,1,0,4,0,0.0,0,0,0,0.0,0
361,B,LSU,Texas A&M,Caden Durham,Rusher,0,0,0.0,0,0,0,8,12.4,0,0,0,0.0,0
361,B,LSU,Texas A&M,Garrett Nussmeier,Rusher,0,0,0.0,0,0,0,3,21.9,1,0,0,0.0,0
361,B,LSU,Texas A&M,Harlem Berry,Rusher,0,0,0.0,0,0,0,6,41.8,0,0,0,0.0,0
361,B,LSU,Texas A&M,Other RB,Rusher,0,0,0.0,0,0,0,3,6.3,0,0,0,0.0,0
361,B,LSU,Texas A&M,Kaleb Jackson,Rusher,0,0,0.0,0,0,0,1,-3.9,0,0,0,0.0,0
361,B,LSU,Texas A&M,Ju'Juan Johnson,Rusher,0,0,0.0,0,0,0,2,8.6,0,0,0,0.0,0
361,B,LSU,Texas A&M,Other WR,Receiver,0,0,0.0,0,0,0,0,0.0,0,0,1,0.0,0
361,B,LSU,Texas A&M,Aaron Anderson,Receiver,0,0,0.0,0,0,0,0,0.0,0,4,6,16.9,0
361,B,LSU,Texas A&M,Zavion Thomas,Receiver,0,0,0.0,0,0,0,0,0.0,0,3,6,40.5,0
361,B,LSU,Texas A&M,Nic Anderson,Receiver,0,0,0.0,0,0,0,0,0.0,0,3,4,30.3,0
361,B,LSU,Texas A&M,Barion Brown,Receiver,0,0,0.0,0,0,0,0,0.0,0,3,4,48.1,1
361,B,LSU,Texas A&M,Kyle Parker,Receiver,0,0,0.0,0,0,0,0,0.0,0,1,2,5.7,0
361,B,LSU,Texas A&M,Trey'Dez Green,Receiver,0,0,0.0,0,0,0,0,0.0,0,1,1,0.0,0
361,B,LSU,Texas A&M,Bauer Sharp,Receiver,0,0,0.0,0,0,0,0,0.0,0,1,1,17.8,0
362,A,LSU,Texas A&M,Garrett Nussmeier,QB,30,22,221.1,1,0,1,0,0.0,0,0,0,0.0,0
362,A,LSU,Texas A&M,Harlem Berry,Rusher,0,0,0.0,0,0,0,8,44.0,1,0,0,0.0,0
362,A,LSU,Texas A&M,Garrett Nussmeier,Rusher,0,0,0.0,0,0,0,6,29.5,0,0,0,0.0,0
362,A,LSU,Texas A&M,Caden Durham,Rusher,0,0,0.0,0,0,0,15,27.1,1,0,0,0.0,0
362,A,LSU,Texas A&M,Other RB,Rusher,0,0,0.0,0,0,0,1,9.7,0,0,0,0.0,0
362,A,LSU,Texas A&M,Ju'Juan Johnson,Rusher,0,0,0.0,0,0,0,4,10.3,0,0,0,0.0,0
362,A,LSU,Texas A&M,Trey'Dez Green,Receiver,0,0,0.0,0,0,0,0,0.0,0,1,2,2.7,0
362,A,LSU,Texas A&M,Zavion Thomas,Receiver,0,0,0.0,0,0,0,0,0.0,0,3,4,33.0,1
362,A,LSU,Texas A&M,Aaron Anderson,Receiver,0,0,0.0,0,0,0,0,0.0,0,6,7,51.0,0
362,A,LSU,Texas A&M,Other WR,Receiver,0,0,0.0,0,0,0,0,0.0,0,1,2,24.6,0
362,A,LSU,Texas A&M,Kyle Parker,Receiver,0,0,0.0,0,0,0,0,0.0,0,1,1,13.1,0
362,A,LSU,Texas A&M,Barion Brown,Receiver,0,0,0.0,0,0,0,0,0.0,0,6,7,85.1,0
362,A,LSU,Texas A&M,Bauer Sharp,Receiver,0,0,0.0,0,0,0,0,0.0,0,4,6,11.6,0
362,A,LSU,Texas A&M,Chris Hilton Jr.,Receiver,0,0,0.0,0,0,0,0,0.0,0,0,1,0.0,0
362,A,Texas A&M,LSU,Marcel Reed,QB,27,18,163.7,0,0,5,0,0.0,0,0,0,0.0,0
362,A,Texas A&M,LSU,Rueben Owens,Rusher,0,0,0.0,0,0,0,3,3.7,1,0,0,0.0,0
362,A,Texas A&M,LSU,Marcel Reed,Rusher,0,0,0.0,0,0,0,6,23.7,0,0,0,0.0,0
362,A,Texas A&M,LSU,Le'Veon Moss,Rusher,0,0,0.0,0,0,0,8,14.8,0,0,0,0.0,0
362,A,Texas A&M,LSU,Amari Daniels,Rusher,0,0,0.0,0,0,0,5,11.5,0,0,0,0.0,0
362,A,Texas A&M,LSU,Miles O'Neill,Rusher,0,0,0.0,0,0,0,1,-2.1,0,0,0,0.0,0
362,A,Texas A&M,LSU,Mario Craver,Receiver,0,0,0.0,0,0,0,0,0.0,0,4,7,11.4,0
362,A,Texas A&M,LSU,Terry Bussey,Receiver,0,0,0.0,0,0,0,0,0.0,0,1,3,0.0,0
362,A,Texas A&M,LSU,Kevin Concepcion,Receiver,0,0,0.0,0,0,0,0,0.0,0,1,1,17.8,0
362,A,Texas A&M,LSU,Nate Boerkircher,Receiver,0,0,0.0,0,0,0,0,0.0,0,4,4,64.9,0
362,A,Texas A&M,LSU,Theo Melin Ohrstrom,Receiver,0,0,0.0,0,0,0,0,0.0,0,3,5,29.8,0
362,A,Texas A&M,LSU,Other WR,Receiver,0,0,0.0,0,0,0,0,0.0,0,2,4,22.8,0
362,A,Texas A&M,LSU,Ashton Bethel-Roman,Receiver,0,0,0.0,0,0,0,0,0.0,0,3,3,17.0,0
363,B,Texas A&M,LSU,Marcel Reed,QB,20,12,197.7,2,0,4,0,0.0,0,0,0,0.0,0
363,B,Texas A&M,LSU,Marcel Reed,Rusher,0,0,0.0,0,0,0,5,27.3,0,0,0,0.0,0
363,B,Texas A&M,LSU,Rueben Owens,Rusher,0,0,0.0,0,0,0,4,2.9,0,0,0,0.0,0
363,B,Texas A&M,LSU,Amari Daniels,Rusher,0,0,0.0,0,0,0,5,36.7,0,0,0,0.0,0
363,B,Texas A&M,LSU,Le'Veon Moss,Rusher,0,0,0.0,0,0,0,15,75.6,2,0,0,0.0,0
363,B,Texas A&M,LSU,E.J. Smith,Rusher,0,0,0.0,0,0,0,3,16.7,0,0,0,0.0,0
363,B,Texas A&M,LSU,Miles O'Neill,Rusher,0,0,0.0,0,0,0,1,4.9,0,0,0,0.0,0
363,B,Texas A&M,LSU,Kevin Concepcion,Receiver,0,0,0.0,0,0,0,0,0.0,0,1,2,17.4,0
363,B,Texas A&M,LSU,Other WR,Receiver,0,0,0.0,0,0,0,0,0.0,0,4,6,93.3,0
363,B,Texas A&M,LSU,Ashton Bethel-Roman,Receiver,0,0,0.0,0,0,0,0,0.0,0,2,4,29.4,1
363,B,Texas A&M,LSU,Amari Niblack,Receiver,0,0,0.0,0,0,0,0,0.0,0,1,1,18.7,0
363,B,Texas A&M,LSU,Mario Craver,Receiver,0,0,0.0,0,0,0,0,0.0,0,2,5,28.9,1
363,B,Texas A&M,LSU,Nate Boerkircher,Receiver,0,0,0.0,0,0,0,0,0.0,0,1,1,0.0,0
363,B,Texas A&M,LSU,Theo Melin Ohrstrom,Receiver,0,0,0.0,0,0,0,0,0.0,0,1,1,10.0,0
363,B,LSU,Texas A&M,Garrett Nussmeier,QB,31,17,204.8,1,0,4,0,0.0,0,0,0,0.0,0
363,B,LSU,Texas A&M,Garrett Nussmeier,Rusher,0,0,0.0,0,0,0,3,15.0,0,0,0,0.0,0
363,B,LSU,Texas A&M,Caden Durham,Rusher,0,0,0.0,0,0,0,13,57.7,1,0,0,0.0,0
363,B,LSU,Texas A&M,Harlem Berry,Rusher,0,0,0.0,0,0,0,3,9.3,0,0,0,0.0,0
363,B,LSU,Texas A&M,Ju'Juan Johnson,Rusher,0,0,0.0,0,0,0,7,32.8,0,0,0,0.0,0
363,B,LSU,Texas A&M,Other RB,Rusher,0,0,0.0,0,0,0,4,20.5,0,0,0,0.0,0
363,B,LSU,Texas A&M,Kaleb Jackson,Rusher,0,0,0.0,0,0,0,1,-3.9,0,0,0,0.0,0
363,B,LSU,Texas A&M,Aaron Anderson,Receiver,0,0,0.0,0,0,0,0,0.0,0,6,9,65.9,0
363,B,LSU,Texas A&M,Other WR,Receiver,0,0,0.0,0,0,0,0,0.0,0,1,1,28.1,0
363,B,LSU,Texas A&M,Trey'Dez Green,Receiver,0,0,0.0,0,0,0,0,0.0,0,2,6,15.8,0
363,B,LSU,Texas A&M,Chris Hilton Jr.,Receiver,0,0,0.0,0,0,0,0,0.0,0,0,1,0.0,0
363,B,LSU,Texas A&M,Kyle Parker,Receiver,0,0,0.0,0,0,0,0,0.0,0,2,3,26.6,0
363,B,LSU,Texas A&M,Zavion Thomas,Receiver,0,0,0.0,0,0,0,0,0.0,0,0,3,0.0,0
363,B,LSU,Texas A&M,Barion Brown,Receiver,0,0,0.0,0,0,0,0,0.0,0,3,4,31.3,0
363,B,LSU,Texas A&M,Bauer Sharp,Receiver,0,0,0.0,0,0,0,0,0.0,0,1,2,14.5,0
363,B,LSU,Texas A&M,Nic Anderson,Receiver,0,0,0.0,0,0,0,0,0.0,0,2,2,22.5,1
364,A,LSU,Texas A&M,Garrett Nussmeier,QB,28,14,184.6,2,0,1,0,0.0,0,0,0,0.0,0
364,A,LSU,Texas A&M,Garrett Nussmeier,Rusher,0,0,0.0,0,0,0,2,2.9,0,0,0,0.0,0
364,A,LSU,Texas A&M,Other RB,Rusher,0,0,0.0,0,0,0,4,7.6,0,0,0,0.0,0
364,A,LSU,Texas A&M,Kaleb Jackson,Rusher,0,0,0.0,0,0,0,3,5.0,0,0,0,0.0,0
364,A,LSU,Texas A&M,Caden Durham,Rusher,0,0,0.0,0,0,0,7,38.9,0,0,0,0.0,0
364,A,LSU,Texas A&M,Harlem Berry,Rusher,0,0,0.0,0,0,0,4,4.9,0,0,0,0.0,0
364,A,LSU,Texas A&M,Ju'Juan Johnson,Rusher,0,0,0.0,0,0,0,4,15.5,0,0,0,0.0,0
364,A,LSU,Texas A&M,Zavion Thomas,Receiver,0,0,0.0,0,0,0,0,0.0,0,2,6,14.5,0
364,A,LSU,Texas A&M,Chris Hilton Jr.,Receiver,0,0,0.0,0,0,0,0,0.0,0,0,3,0.0,0
364,A,LSU,Texas A&M,Barion Brown,Receiver,0,0,0.0,0,0,0,0,0.0,0,1,4,7.5,0
364,A,LSU,Texas A&M,Trey'Dez Green,Receiver,0,0,0.0,0,0,0,0,0.0,0,3,4,39.0,1
364,A,LSU,Texas A&M,Other WR,Receiver,0,0,0.0,0,0,0,0,0.0,0,2,2,26.8,1
364,A,LSU,Texas A&M,Bauer Sharp,Receiver,0,0,0.0,0,0,0,0,0.0,0,0,2,0.0,0
364,A,LSU,Texas A&M,Nic Anderson,Receiver,0,0,0.0,0,0,0,0,0.0,0,3,3,51.6,0
364,A,LSU,Texas A&M,Aaron Anderson,Receiver,0,0,0.0,0,0,0,0,0.0,0,3,4,45.2,0
364,A,Texas A&M,LSU,Marcel Reed,QB,30,20,178.1,0,1,6,0,0.0,0,0,0,0.0,0
364,A,Texas A&M,LSU,Marcel Reed,Rusher,0,0,0.0,0,0,0,10,45.1,0,0,0,0.0,0
364,A,Texas A&M,LSU,Amari Daniels,Rusher,0,0,0.0,0,0,0,5,18.3,0,0,0,0.0,0
364,A,Texas A&M,LSU,Le'Veon Moss,Rusher,0,0,0.0,0,0,0,12,47.8,1,0,0,0.0,0
364,A,Texas A&M,LSU,Rueben Owens,Rusher,0,0,0.0,0,0,0,5,26.4,0,0,0,0.0,0
364,A,Texas A&M,LSU,Miles O'Neill,Rusher,0,0,0.0,0,0,0,1,10.0,0,0,0,0.0,0
364,A,Texas A&M,LSU,Mario Craver,Receiver,0,0,0.0,0,0,0,0,0.0,0,3,5,20.7,0
364,A,Texas A&M,LSU,Theo Melin Ohrstrom,Receiver,0,0,0.0,0,0,0,0,0.0,0,2,4,15.6,0
364,A,Texas A&M,LSU,Other WR,Receiver,0,0,0.0,0,0,0,0,0.0,0,4,9,20.8,0
364,A,Texas A&M,LSU,Kevin Concepcion,Receiver,0,0,0.0,0,0,0,0,0.0,0,4,5,45.2,0
364,A,Texas A&M,LSU,Terry Bussey,Receiver,0,0,0.0,0,0,0,0,0.0,0,2,2,24.6,0
364,A,Texas A&M,LSU,Ashton Bethel-Roman,Receiver,0,0,0.0,0,0,0,0,0.0,0,3,3,33.2,0
364,A,Texas A&M,LSU,Amari Niblack,Receiver,0,0,0.0,0,0,0,0,0.0,0,2,2,18.1,0
365,B,Texas A&M,LSU,Marcel Reed,QB,24,18,228.2,1,0,5,0,0.0,0,0,0,0.0,0
365,B,Texas A&M,LSU,Le'Veon Moss,Rusher,0,0,0.0,0,0,0,18,67.7,1,0,0,0.0,0
365,B,Texas A&M,LSU,Rueben Owens,Rusher,0,0,0.0,0,0,0,6,16.9,0,0,0,0.0,0
365,B,Texas A&M,LSU,Amari Daniels,Rusher,0,0,0.0,0,0,0,4,17.2,0,0,0,0.0,0
365,B,Texas A&M,LSU,Marcel Reed,Rusher,0,0,0.0,0,0,0,5,14.2,0,0,0,0.0,0
365,B,Texas A&M,LSU,Jamarion Morrow,Rusher,0,0,0.0,0,0,0,1,20.3,1,0,0,0.0,0
365,B,Texas A&M,LSU,Other WR,Receiver,0,0,0.0,0,0,0,0,0.0,0,6,6,86.4,0
365,B,Texas A&M,LSU,Theo Melin Ohrstrom,Receiver,0,0,0.0,0,0,0,0,0.0,0,1,1,11.2,0
365,B,Texas A&M,LSU,Ashton Bethel-Roman,Receiver,0,0,0.0,0,0,0,0,0.0,0,0,2,0.0,0
365,B,Texas A&M,LSU,Terry Bussey,Receiver,0,0,0.0,0,0,0,0,0.0,0,3,3,33.8,0
365,B,Texas A&M,LSU,Mario Craver,Receiver,0,0,0.0,0,0,0,0,0.0,0,6,8,65.8,0
365,B,Texas A&M,LSU,Kevin Concepcion,Receiver,0,0,0.0,0,0,0,0,0.0,0,1,3,7.7,0
365,B,Texas A&M,LSU,Nate Boerkircher,Receiver,0,0,0.0,0,0,0,0,0.0,0,1,1,23.3,1
365,B,Texas A&M,LSU,Amari Niblack,Receiver,0,0,0.0,0,0,0,0,0.0,0,0,0,0.0,0
365,B,LSU,Texas A&M,Garrett Nussmeier,QB,31,18,147.2,0,0,5,0,0.0,0,0,0,0.0,0
365,B,LSU,Texas A&M,Garrett Nussmeier,Rusher,0,0,0.0,0,0,0,2,30.5,1,0,0,0.0,0
365,B,LSU,Texas A&M,Caden Durham,Rusher,0,0,0.0,0,0,0,13,24.6,0,0,0,0.0,0
365,B,LSU,Texas A&M,Harlem Berry,Rusher,0,0,0.0,0,0,0,2,13.3,0,0,0,0.0,0
365,B,LSU,Texas A&M,Kaleb Jackson,Rusher,0,0,0.0,0,0,0,1,3.2,0,0,0,0.0,0
365,B,LSU,Texas A&M,Ju'Juan Johnson,Rusher,0,0,0.0,0,0,0,1,-3.9,0,0,0,0.0,0
365,B,LSU,Texas A&M,Kyle Parker,Receiver,0,0,0.0,0,0,0,0,0.0,0,0,1,0.0,0
365,B,LSU,Texas A&M,Zavion Thomas,Receiver,0,0,0.0,0,0,0,0,0.0,0,4,7,33.1,0
365,B,LSU,Texas A&M,Bauer Sharp,Receiver,0,0,0.0,0,0,0,0,0.0,0,3,5,16.5,0
365,B,LSU,Texas A&M,Other WR,Receiver,0,0,0.0,0,0,0,0,0.0,0,3,5,27.2,0
365,B,LSU,Texas A&M,Barion Brown,Receiver,0,0,0.0,0,0,0,0,0.0,0,4,6,44.1,0
365,B,LSU,Texas A&M,Aaron Anderson,Receiver,0,0,0.0,0,0,0,0,0.0,0,3,4,26.5,0
365,B,LSU,Texas A&M,Nic Anderson,Receiver,0,0,0.0,0,0,0,0,0.0,0,0,1,0.0,0
365,B,LSU,Texas A&M,Chris Hilton Jr.,Receiver,0,0,0.0,0,0,0,0,0.0,0,1,2,0.0,0
365,B,LSU,Texas A&M,Trey'Dez Green,Receiver,0,0,0.0,0,0,0,0,0.0,0,0,0,0.0,0
366,A,LSU,Texas A&M,Garrett Nussmeier,QB,36,18,211.7,0,0,1,0,0.0,0,0,0,0.0,0
366,A,LSU,Texas A&M,Other RB,Rusher,0,0,0.0,0,0,0,2,8.1,0,0,0,0.0,0
366,A,LSU,Texas A&M,Harlem Berry,Rusher,0,0,0.0,0,0,0,4,12.6,0,0,0,0.0,0
366,A,LSU,Texas A&M,Caden Durham,Rusher,0,0,0.0,0,0,0,13,36.7,0,0,0,0.0,0
366,A,LSU,Texas A&M,Ju'Juan Johnson,Rusher,0,0,0.0,0,0,0,6,7.8,0,0,0,0.0,0
366,A,LSU,Texas A&M,Garrett Nussmeier,Rusher,0,0,0.0,0,0,0,1,8.6,1,0,0,0.0,0
366,A,LSU,Texas A&M,Barion Brown,Receiver,0,0,0.0,0,0,0,0,0.0,0,4,6,32.3,0
366,A,LSU,Texas A&M,Other WR,Receiver,0,0,0.0,0,0,0,0,0.0,0,0,2,0.0,0
366,A,LSU,Texas A&M,Zavion Thomas,Receiver,0,0,0.0,0,0,0,0,0.0,0,1,3,14.0,0
366,A,LSU,Texas A&M,Chris Hilton Jr.,Receiver,0,0,0.0,0,0,0,0,0.0,0,1,1,11.9,0
366,A,LSU,Texas A&M,Bauer Sharp,Receiver,0,0,0.0,0,0,0,0,0.0,0,2,8,17.9,0
366,A,LSU,Texas A&M,Aaron Anderson,Receiver,0,0,0.0,0,0,0,0,0.0,0,5,7,93.9,0
366,A,LSU,Texas A&M,Trey'Dez Green,Receiver,0,0,0.0,0,0,0,0,0.0,0,0,2,0.0,0
366,A,LSU,Texas A&M,Kyle Parker,Receiver,0,0,0.0,0,0,0,0,0.0,0,3,5,14.4,0
366,A,LSU,Texas A&M,Nic Anderson,Receiver,0,0,0.0,0,0,0,0,0.0,0,2,2,27.1,0
366,A,Texas A&M,LSU,Marcel Reed,QB,16,11,138.9,1,0,5,0,0.0,0,0,0,0.0,0
366,A,Texas A&M,LSU,Le'Veon Moss,Rusher,0,0,0.0,0,0,0,18,100.7,0,0,0,0.0,0
366,A,Texas A&M,LSU,Other RB,Rusher,0,0,0.0,0,0,0,2,5.5,0,0,0,0.0,0
366,A,Texas A&M,LSU,Marcel Reed,Rusher,0,0,0.0,0,0,0,8,15.4,0,0,0,0.0,0
366,A,Texas A&M,LSU,E.J. Smith,Rusher,0,0,0.0,0,0,0,1,2.2,0,0,0,0.0,0
366,A,Texas A&M,LSU,Rueben Owens,Rusher,0,0,0.0,0,0,0,6,35.4,1,0,0,0.0,0
366,A,Texas A&M,LSU,Miles O'Neill,Rusher,0,0,0.0,0,0,0,1,9.1,0,0,0,0.0,0
366,A,Texas A&M,LSU,Amari Daniels,Rusher,0,0,0.0,0,0,0,3,15.6,1,0,0,0.0,0
366,A,Texas A&M,LSU,Theo Melin Ohrstrom,Receiver,0,0,0.0,0,0,0,0,0.0,0,0,1,0.0,0
366,A,Texas A&M,LSU,Kevin Concepcion,Receiver,0,0,0.0,0,0,0,0,0.0,0,3,5,44.8,0
366,A,Texas A&M,LSU,Amari Niblack,Receiver,0,0,0.0,0,0,0,0,0.0,0,2,2,3.1,0
366,A,Texas A&M,LSU,Ashton Bethel-Roman,Receiver,0,0,0.0,0,0,0,0,0.0,0,1,3,4.2,0
366,A,Texas A&M,LSU,Nate Boerkircher,Receiver,0,0,0.0,0,0,0,0,0.0,0,1,1,29.5,0
366,A,Texas A&M,LSU,Terry Bussey,Receiver,0,0,0.0,0,0,0,0,0.0,0,2,2,20.4,0
366,A,Texas A&M,LSU,Mario Craver,Receiver,0,0,0.0,0,0,0,0,0.0,0,0,0,0.0,0
366,A,Texas A&M,LSU,Other WR,Receiver,0,0,0.0,0,0,0,0,0.0,0,2,2,37.0,1
367,B,Texas A&M,LSU,Marcel Reed,QB,23,19,287.4,3,0,3,0,0.0,0,0,0,0.0,0
367,B,Texas A&M,LSU,Le'Veon Moss,Rusher,0,0,0.0,0,0,0,10,27.8,1,0,0,0.0,0
367,B,Texas A&M,LSU,Marcel Reed,Rusher,0,0,0.0,0,0,0,6,20.9,0,0,0,0.0,0
367,B,Texas A&M,LSU,Miles O'Neill,Rusher,0,0,0.0,0,0,0,1,-1.0,0,0,0,0.0,0
367,B,Texas A&M,LSU,Amari Daniels,Rusher,0,0,0.0,0,0,0,6,12.2,0,0,0,0.0,0
367,B,Texas A&M,LSU,Rueben Owens,Rusher,0,0,0.0,0,0,0,3,20.5,0,0,0,0.0,0
367,B,Texas A&M,LSU,E.J. Smith,Rusher,0,0,0.0,0,0,0,2,-1.2,0,0,0,0.0,0
367,B,Texas A&M,LSU,Jamarion Morrow,Rusher,0,0,0.0,0,0,0,1,-3.9,0,0,0,0.0,0
367,B,Texas A&M,LSU,Kevin Concepcion,Receiver,0,0,0.0,0,0,0,0,0.0,0,6,7,85.6,1
367,B,Texas A&M,LSU,Mario Craver,Receiver,0,0,0.0,0,0,0,0,0.0,0,6,7,75.8,1
367,B,Texas A&M,LSU,Ashton Bethel-Roman,Receiver,0,0,0.0,0,0,0,0,0.0,0,2,2,27.5,1
367,B,Texas A&M,LSU,Other WR,Receiver,0,0,0.0,0,0,0,0,0.0,0,3,5,66.9,0
367,B,Texas A&M,LSU,Theo Melin Ohrstrom,Receiver,0,0,0.0,0,0,0,0,0.0,0,2,2,31.6,0
367,B,LSU,Texas A&M,Garrett Nussmeier,QB,42,24,239.4,1,0,3,0,0.0,0,0,0,0.0,0
367,B,LSU,Texas A&M,Ju'Juan Johnson,Rusher,0,0,0.0,0,0,0,3,9.7,0,0,0,0.0,0
367,B,LSU,Texas A&M,Caden Durham,Rusher,0,0,0.0,0,0,0,15,67.3,2,0,0,0.0,0
367,B,LSU,Texas A&M,Other RB,Rusher,0,0,0.0,0,0,0,2,9.4,0,0,0,0.0,0
367,B,LSU,Texas A&M,Harlem Berry,Rusher,0,0,0.0,0,0,0,4,16.0,0,0,0,0.0,0
367,B,LSU,Texas A&M,Aaron Anderson,Receiver,0,0,0.0,0,0,0,0,0.0,0,5,11,54.7,0
367,B,LSU,Texas A&M,Kyle Parker,Receiver,0,0,0.0,0,0,0,0,0.0,0,2,4,0.0,0
367,B,LSU,Texas A&M,Barion Brown,Receiver,0,0,0.0,0,0,0,0,0.0,0,4,5,40.6,0
367,B,LSU,Texas A&M,Bauer Sharp,Receiver,0,0,0.0,0,0,0,0,0.0,0,4,5,68.3,1
367,B,LSU,Texas A&M,Other WR,Receiver,0,0,0.0,0,0,0,0,0.0,0,1,1,0.1,0
367,B,LSU,Texas A&M,Trey'Dez Green,Receiver,0,0,0.0,0,0,0,0,0.0,0,0,0,0.0,0
367,B,LSU,Texas A&M,Nic Anderson,Receiver,0,0,0.0,0,0,0,0,0.0,0,4,6,25.6,0
367,B,LSU,Texas A&M,Zavion Thomas,Receiver,0,0,0.0,0,0,0,0,0.0,0,3,9,37.5,0
367,B,LSU,Texas A&M,Chris Hilton Jr.,Receiver,0,0,0.0,0,0,0,0,0.0,0,1,1,12.6,0
384,A,LSU,Texas A&M,Garrett Nussmeier,QB,23,19,188.5,1,0,0,0,0.0,0,0,0,0.0,0
384,A,LSU,Texas A&M,Harlem Berry,Rusher,0,0,0.0,0,0,0,11,53.7,0,0,0,0.0,0
384,A,LSU,Texas A&M,Caden Durham,Rusher,0,0,0.0,0,0,0,15,94.0,2,0,0,0.0,0
384,A,LSU,Texas A&M,Kaleb Jackson,Rusher,0,0,0.0,0,0,0,2,12.7,0,0,0,0.0,0
384,A,LSU,Texas A&M,Ju'Juan Johnson,Rusher,0,0,0.0,0,0,0,6,42.6,1,0,0,0.0,0
384,A,LSU,Texas A&M,Garrett Nussmeier,Rusher,0,0,0.0,0,0,0,1,4.7,0,0,0,0.0,0
384,A,LSU,Texas A&M,Other RB,Rusher,0,0,0.0,0,0,0,1,4.6,0,0,0,0.0,0
384,A,LSU,Texas A&M,Aaron Anderson,Receiver,0,0,0.0,0,0,0,0,0.0,0,6,8,48.9,0
384,A,LSU,Texas A&M,Barion Brown,Receiver,0,0,0.0,0,0,0,0,0.0,0,5,5,42.3,1
384,A,LSU,Texas A&M,Trey'Dez Green,Receiver,0,0,0.0,0,0,0,0,0.0,0,5,5,67.5,0
384,A,LSU,Texas A&M,Zavion Thomas,Receiver,0,0,0.0,0,0,0,0,0.0,0,2,4,18.3,0
384,A,LSU,Texas A&M,Chris Hilton Jr.,Receiver,0,0,0.0,0,0,0,0,0.0,0,1,1,11.5,0
384,A,Texas A&M,LSU,Marcel Reed,QB,33,19,289.6,1,0,4,0,0.0,0,0,0,0.0,0
384,A,Texas A&M,LSU,Miles O'Neill,Rusher,0,0,0.0,0,0,0,1,0.1,0,0,0,0.0,0
384,A,Texas A&M,LSU,Le'Veon Moss,Rusher,0,0,0.0,0,0,0,10,38.2,1,0,0,0.0,0
384,A,Texas A&M,LSU,Marcel Reed,Rusher,0,0,0.0,0,0,0,3,3.5,0,0,0,0.0,0
384,A,Texas A&M,LSU,E.J. Smith,Rusher,0,0,0.0,0,0,0,2,5.7,0,0,0,0.0,0
384,A,Texas A&M,LSU,Amari Daniels,Rusher,0,0,0.0,0,0,0,5,27.0,0,0,0,0.0,0
384,A,Texas A&M,LSU,Rueben Owens,Rusher,0,0,0.0,0,0,0,4,29.6,1,0,0,0.0,0
384,A,Texas A&M,LSU,Mario Craver,Receiver,0,0,0.0,0,0,0,0,0.0,0,3,4,48.8,0
384,A,Texas A&M,LSU,Kevin Concepcion,Receiver,0,0,0.0,0,0,0,0,0.0,0,6,10,52.0,1
384,A,Texas A&M,LSU,Other WR,Receiver,0,0,0.0,0,0,0,0,0.0,0,5,8,114.2,0
384,A,Texas A&M,LSU,Terry Bussey,Receiver,0,0,0.0,0,0,0,0,0.0,0,3,4,31.6,0
384,A,Texas A&M,LSU,Theo Melin Ohrstrom,Receiver,0,0,0.0,0,0,0,0,0.0,0,1,2,22.5,0
384,A,Texas A&M,LSU,Amari Niblack,Receiver,0,0,0.0,0,0,0,0,0.0,0,1,1,20.5,0
384,A,Texas A&M,LSU,Ashton Bethel-Roman,Receiver,0,0,0.0,0,0,0,0,0.0,0,0,3,0.0,0
384,A,Texas A&M,LSU,Nate Boerkircher,Receiver,0,0,0.0,0,0,0,0,0.0,0,0,1,0.0,0
385,B,Texas A&M,LSU,Marcel Reed,QB,28,20,183.5,1,0,4,0,0.0,0,0,0,0.0,0
385,B,Texas A&M,LSU,Le'Veon Moss,Rusher,0,0,0.0,0,0,0,15,73.7,0,0,0,0.0,0
385,B,Texas A&M,LSU,Rueben Owens,Rusher,0,0,0.0,0,0,0,3,-8.0,0,0,0,0.0,0
385,B,Texas A&M,LSU,E.J. Smith,Rusher,0,0,0.0,0,0,0,2,1.8,0,0,0,0.0,0
385,B,Texas A&M,LSU,Amari Daniels,Rusher,0,0,0.0,0,0,0,4,-0.5,0,0,0,0.0,0
385,B,Texas A&M,LSU,Marcel Reed,Rusher,0,0,0.0,0,0,0,2,12.6,0,0,0,0.0,0
385,B,Texas A&M,LSU,Jamarion Morrow,Rusher,0,0,0.0,0,0,0,1,-1.1,0,0,0,0.0,0
385,B,Texas A&M,LSU,Kevin Concepcion,Receiver,0,0,0.0,0,0,0,0,0.0,0,6,8,62.9,1
385,B,Texas A&M,LSU,Mario Craver,Receiver,0,0,0.0,0,0,0,0,0.0,0,4,6,31.9,0
385,B,Texas A&M,LSU,Theo Melin Ohrstrom,Receiver,0,0,0.0,0,0,0,0,0.0,0,3,3,2.6,0
385,B,Texas A&M,LSU,Other WR,Receiver,0,0,0.0,0,0,0,0,0.0,0,4,6,60.9,0
385,B,Texas A&M,LSU,Nate Boerkircher,Receiver,0,0,0.0,0,0,0,0,0.0,0,2,2,25.3,0
385,B,Texas A&M,LSU,Terry Bussey,Receiver,0,0,0.0,0,0,0,0,0.0,0,0,1,0.0,0
385,B,Texas A&M,LSU,Ashton Bethel-Roman,Receiver,0,0,0.0,0,0,0,0,0.0,0,1,2,0.0,0
385,B,LSU,Texas A&M,Garrett Nussmeier,QB,25,19,194.8,0,0,1,0,0.0,0,0,0,0.0,0
385,B,LSU,Texas A&M,Ju'Juan Johnson,Rusher,0,0,0.0,0,0,0,5,26.5,1,0,0,0.0,0
385,B,LSU,Texas A&M,Caden Durham,Rusher,0,0,0.0,0,0,0,18,93.6,1,0,0,0.0,0
385,B,LSU,Texas A&M,Other RB,Rusher,0,0,0.0,0,0,0,3,21.7,0,0,0,0.0,0
385,B,LSU,Texas A&M,Garrett Nussmeier,Rusher,0,0,0.0,0,0,0,3,13.9,0,0,0,0.0,0
385,B,LSU,Texas A&M,Kaleb Jackson,Rusher,0,0,0.0,0,0,0,1,3.5,0,0,0,0.0,0
385,B,LSU,Texas A&M,Harlem Berry,Rusher,0,0,0.0,0,0,0,1,-3.9,0,0,0,0.0,0
385,B,LSU,Texas A&M,Barion Brown,Receiver,0,0,0.0,0,0,0,0,0.0,0,1,2,7.5,0
385,B,LSU,Texas A&M,Aaron Anderson,Receiver,0,0,0.0,0,0,0,0,0.0,0,4,4,46.6,0
385,B,LSU,Texas A&M,Nic Anderson,Receiver,0,0,0.0,0,0,0,0,0.0,0,2,3,20.4,0
385,B,LSU,Texas A&M,Bauer Sharp,Receiver,0,0,0.0,0,0,0,0,0.0,0,3,3,49.9,0
385,B,LSU,Texas A&M,Kyle Parker,Receiver,0,0,0.0,0,0,0,0,0.0,0,5,5,48.9,0
385,B,LSU,Texas A&M,Other WR,Receiver,0,0,0.0,0,0,0,0,0.0,0,1,1,0.0,0
385,B,LSU,Texas A&M,Trey'Dez Green,Receiver,0,0,0.0,0,0,0,0,0.0,0,2,4,13.8,0
385,B,LSU,Texas A&M,Chris Hilton Jr.,Receiver,0,0,0.0,0,0,0,0,0.0,0,1,2,7.6,0
385,B,LSU,Texas A&M,Zavion Thomas,Receiver,0,0,0.0,0,0,0,0,0.0,0,0,1,0.0,0
386,A,LSU,Texas A&M,Garrett Nussmeier,QB,17,11,100.0,0,0,2,0,0.0,0,0,0,0.0,0
386,A,LSU,Texas A&M,Caden Durham,Rusher,0,0,0.0,0,0,0,29,105.7,1,0,0,0.0,0
386,A,LSU,Texas A&M,Ju'Juan Johnson,Rusher,0,0,0.0,0,0,0,7,36.7,1,0,0,0.0,0
386,A,LSU,Texas A&M,Other RB,Rusher,0,0,0.0,0,0,0,5,25.7,0,0,0,0.0,0
386,A,LSU,Texas A&M,Garrett Nussmeier,Rusher,0,0,0.0,0,0,0,1,5.3,0,0,0,0.0,0
386,A,LSU,Texas A&M,Harlem Berry,Rusher,0,0,0.0,0,0,0,3,16.2,0,0,0,0.0,0
386,A,LSU,Texas A&M,Zavion Thomas,Receiver,0,0,0.0,0,0,0,0,0.0,0,1,2,6.7,0
386,A,LSU,Texas A&M,Barion Brown,Receiver,0,0,0.0,0,0,0,0,0.0,0,1,1,9.1,0
386,A,LSU,Texas A&M,Trey'Dez Green,Receiver,0,0,0.0,0,0,0,0,0.0,0,4,5,39.9,0
386,A,LSU,Texas A&M,Kyle Parker,Receiver,0,0,0.0,0,0,0,0,0.0,0,0,2,0.0,0
386,A,LSU,Texas A&M,Aaron Anderson,Receiver,0,0,0.0,0,0,0,0,0.0,0,3,4,22.8,0
386,A,LSU,Texas A&M,Other WR,Receiver,0,0,0.0,0,0,0,0,0.0,0,1,1,0.0,0
386,A,LSU,Texas A&M,Chris Hilton Jr.,Receiver,0,0,0.0,0,0,0,0,0.0,0,1,2,21.5,0
386,A,Texas A&M,LSU,Marcel Reed,QB,22,12,117.3,0,0,5,0,0.0,0,0,0,0.0,0
386,A,Texas A&M,LSU,Rueben Owens,Rusher,0,0,0.0,0,0,0,2,3.9,0,0,0,0.0,0
386,A,Texas A&M,LSU,Marcel Reed,Rusher,0,0,0.0,0,0,0,8,45.0,1,0,0,0.0,0
386,A,Texas A&M,LSU,Amari Daniels,Rusher,0,0,0.0,0,0,0,7,35.2,0,0,0,0.0,0
386,A,Texas A&M,LSU,Le'Veon Moss,Rusher,0,0,0.0,0,0,0,8,46.3,0,0,0,0.0,0
386,A,Texas A&M,LSU,Miles O'Neill,Rusher,0,0,0.0,0,0,0,2,8.8,0,0,0,0.0,0
386,A,Texas A&M,LSU,Nate Boerkircher,Receiver,0,0,0.0,0,0,0,0,0.0,0,1,1,6.8,0
386,A,Texas A&M,LSU,Other WR,Receiver,0,0,0.0,0,0,0,0,0.0,0,2,4,28.1,0
386,A,Texas A&M,LSU,Mario Craver,Receiver,0,0,0.0,0,0,0,0,0.0,0,3,6,13.9,0
386,A,Texas A&M,LSU,Terry Bussey,Receiver,0,0,0.0,0,0,0,0,0.0,0,2,4,30.1,0
386,A,Texas A&M,LSU,Kevin Concepcion,Receiver,0,0,0.0,0,0,0,0,0.0,0,2,3,35.6,0
386,A,Texas A&M,LSU,Ashton Bethel-Roman,Receiver,0,0,0.0,0,0,0,0,0.0,0,2,2,2.8,0
386,A,Texas A&M,LSU,Amari Niblack,Receiver,0,0,0.0,0,0,0,0,0.0,0,0,1,0.0,0
386,A,Texas A&M,LSU,Theo Melin Ohrstrom,Receiver,0,0,0.0,0,0,0,0,0.0,0,0,1,0.0,0
387,B,Texas A&M,LSU,Marcel Reed,QB,25,18,177.7,1,0,8,0,0.0,0,0,0,0.0,0
387,B,Texas A&M,LSU,Le'Veon Moss,Rusher,0,0,0.0,0,0,0,12,59.1,0,0,0,0.0,0
387,B,Texas A&M,LSU,Marcel Reed,Rusher,0,0,0.0,0,0,0,7,19.7,0,0,0,0.0,0
387,B,Texas A&M,LSU,E.J. Smith,Rusher,0,0,0.0,0,0,0,1,8.4,0,0,0,0.0,0
387,B,Texas A&M,LSU,Amari Daniels,Rusher,0,0,0.0,0,0,0,3,19.8,1,0,0,0.0,0
387,B,Texas A&M,LSU,Miles O'Neill,Rusher,0,0,0.0,0,0,0,1,-2.2,0,0,0,0.0,0
387,B,Texas A&M,LSU,Rueben Owens,Rusher,0,0,0.0,0,0,0,1,1.3,0,0,0,0.0,0
387,B,Texas A&M,LSU,Kevin Concepcion,Receiver,0,0,0.0,0,0,0,0,0.0,0,3,6,46.7,1
387,B,Texas A&M,LSU,Other WR,Receiver,0,0,0.0,0,0,0,0,0.0,0,4,5,60.9,0
387,B,Texas A&M,LSU,Ashton Bethel-Roman,Receiver,0,0,0.0,0,0,0,0,0.0,0,1,2,7.7,0
387,B,Texas A&M,LSU,Theo Melin Ohrstrom,Receiver,0,0,0.0,0,0,0,0,0.0,0,0,1,0.0,0
387,B,Texas A&M,LSU,Mario Craver,Receiver,0,0,0.0,0,0,0,0,0.0,0,8,8,43.2,0
387,B,Texas A&M,LSU,Terry Bussey,Receiver,0,0,0.0,0,0,0,0,0.0,0,1,2,13.9,0
387,B,Texas A&M,LSU,Nate Boerkircher,Receiver,0,0,0.0,0,0,0,0,0.0,0,1,1,5.4,0
387,B,LSU,Texas A&M,Garrett Nussmeier,QB,25,19,220.1,1,0,1,0,0.0,0,0,0,0.0,0
387,B,LSU,Texas A&M,Caden Durham,Rusher,0,0,0.0,0,0,0,17,54.4,1,0,0,0.0,0
387,B,LSU,Texas A&M,Ju'Juan Johnson,Rusher,0,0,0.0,0,0,0,7,33.9,0,0,0,0.0,0
387,B,LSU,Texas A&M,Garrett Nussmeier,Rusher,0,0,0.0,0,0,0,4,1.5,0,0,0,0.0,0
387,B,LSU,Texas A&M,Harlem Berry,Rusher,0,0,0.0,0,0,0,3,28.2,2,0,0,0.0,0
387,B,LSU,Texas A&M,Other RB,Rusher,0,0,0.0,0,0,0,2,27.4,1,0,0,0.0,0
387,B,LSU,Texas A&M,Kaleb Jackson,Rusher,0,0,0.0,0,0,0,1,10.7,0,0,0,0.0,0
387,B,LSU,Texas A&M,Barion Brown,Receiver,0,0,0.0,0,0,0,0,0.0,0,6,6,48.8,0
387,B,LSU,Texas A&M,Bauer Sharp,Receiver,0,0,0.0,0,0,0,0,0.0,0,3,3,42.1,1
387,B,LSU,Texas A&M,Nic Anderson,Receiver,0,0,0.0,0,0,0,0,0.0,0,0,0,0.0,0
387,B,LSU,Texas A&M,Zavion Thomas,Receiver,0,0,0.0,0,0,0,0,0.0,0,6,7,70.3,0
387,B,LSU,Texas A&M,Aaron Anderson,Receiver,0,0,0.0,0,0,0,0,0.0,0,2,3,35.1,0
387,B,LSU,Texas A&M,Other WR,Receiver,0,0,0.0,0,0,0,0,0.0,0,1,1,17.1,0
387,B,LSU,Texas A&M,Kyle Parker,Receiver,0,0,0.0,0,0,0,0,0.0,0,0,2,0.0,0
387,B,LSU,Texas A&M,Trey'Dez Green,Receiver,0,0,0.0,0,0,0,0,0.0,0,1,3,6.6,0
388,A,LSU,Texas A&M,Garrett Nussmeier,QB,24,12,86.9,0,0,0,0,0.0,0,0,0,0.0,0
388,A,LSU,Texas A&M,Kaleb Jackson,Rusher,0,0,0.0,0,0,0,1,12.6,0,0,0,0.0,0
388,A,LSU,Texas A&M,Caden Durham,Rusher,0,0,0.0,0,0,0,20,102.2,2,0,0,0.0,0
388,A,LSU,Texas A&M,Ju'Juan Johnson,Rusher,0,0,0.0,0,0,0,8,39.9,0,0,0,0.0,0
388,A,LSU,Texas A&M,Garrett Nussmeier,Rusher,0,0,0.0,0,0,0,3,9.8,0,0,0,0.0,0
388,A,LSU,Texas A&M,Harlem Berry,Rusher,0,0,0.0,0,0,0,6,28.3,0,0,0,0.0,0
388,A,LSU,Texas A&M,Aaron Anderson,Receiver,0,0,0.0,0,0,0,0,0.0,0,5,9,41.3,0
388,A,LSU,Texas A&M,Barion Brown,Receiver,0,0,0.0,0,0,0,0,0.0,0,5,9,28.6,0
388,A,LSU,Texas A&M,Kyle Parker,Receiver,0,0,0.0,0,0,0,0,0.0,0,1,1,7.0,0
388,A,LSU,Texas A&M,Zavion Thomas,Receiver,0,0,0.0,0,0,0,0,0.0,0,1,2,10.0,0
388,A,LSU,Texas A&M,Nic Anderson,Receiver,0,0,0.0,0,0,0,0,0.0,0,0,1,0.0,0
388,A,LSU,Texas A&M,Bauer Sharp,Receiver,0,0,0.0,0,0,0,0,0.0,0,0,1,0.0,0
388,A,LSU,Texas A&M,Trey'Dez Green,Receiver,0,0,0.0,0,0,0,0,0.0,0,0,1,0.0,0
388,A,Texas A&M,LSU,Marcel Reed,QB,21,17,166.9,0,0,4,0,0.0,0,0,0,0.0,0
388,A,Texas A&M,LSU,Marcel Reed,Rusher,0,0,0.0,0,0,0,9,42.3,1,0,0,0.0,0
388,A,Texas A&M,LSU,Amari Daniels,Rusher,0,0,0.0,0,0,0,4,13.4,0,0,0,0.0,0
388,A,Texas A&M,LSU,Le'Veon Moss,Rusher,0,0,0.0,0,0,0,10,34.2,1,0,0,0.0,0
388,A,Texas A&M,LSU,Rueben Owens,Rusher,0,0,0.0,0,0,0,4,15.7,0,0,0,0.0,0
388,A,Texas A&M,LSU,Other RB,Rusher,0,0,0.0,0,0,0,1,2.1,0,0,0,0.0,0
388,A,Texas A&M,LSU,E.J. Smith,Rusher,0,0,0.0,0,0,0,1,3.7,0,0,0,0.0,0
388,A,Texas A&M,LSU,Kevin Concepcion,Receiver,0,0,0.0,0,0,0,0,0.0,0,4,5,54.6,0
388,A,Texas A&M,LSU,Mario Craver,Receiver,0,0,0.0,0,0,0,0,0.0,0,4,5,13.9,0
388,A,Texas A&M,LSU,Theo Melin Ohrstrom,Receiver,0,0,0.0,0,0,0,0,0.0,0,1,1,4.9,0
388,A,Texas A&M,LSU,Other WR,Receiver,0,0,0.0,0,0,0,0,0.0,0,4,5,56.3,0
388,A,Texas A&M,LSU,Terry Bussey,Receiver,0,0,0.0,0,0,0,0,0.0,0,2,2,27.3,0
388,A,Texas A&M,LSU,Nate Boerkircher,Receiver,0,0,0.0,0,0,0,0,0.0,0,2,2,9.9,0
388,A,Texas A&M,LSU,Amari Niblack,Receiver,0,0,0.0,0,0,0,0,0.0,0,0,1,0.0,0
389,B,Texas A&M,LSU,Marcel Reed,QB,21,11,174.3,1,0,1,0,0.0,0,0,0,0.0,0
389,B,Texas A&M,LSU,Amari Daniels,Rusher,0,0,0.0,0,0,0,4,19.4,0,0,0,0.0,0
389,B,Texas A&M,LSU,Le'Veon Moss,Rusher,0,0,0.0,0,0,0,14,81.3,1,0,0,0.0,0
389,B,Texas A&M,LSU,Rueben Owens,Rusher,0,0,0.0,0,0,0,5,20.3,1,0,0,0.0,0
389,B,Texas A&M,LSU,Marcel Reed,Rusher,0,0,0.0,0,0,0,10,28.9,0,0,0,0.0,0
389,B,Texas A&M,LSU,E.J. Smith,Rusher,0,0,0.0,0,0,0,3,13.9,0,0,0,0.0,0
389,B,Texas A&M,LSU,Jamarion Morrow,Rusher,0,0,0.0,0,0,0,1,12.8,1,0,0,0.0,0
389,B,Texas A&M,LSU,Other WR,Receiver,0,0,0.0,0,0,0,0,0.0,0,3,5,37.2,0
389,B,Texas A&M,LSU,Terry Bussey,Receiver,0,0,0.0,0,0,0,0,0.0,0,1,2,24.7,0
389,B,Texas A&M,LSU,Mario Craver,Receiver,0,0,0.0,0,0,0,0,0.0,0,2,4,33.8,0
389,B,Texas A&M,LSU,Theo Melin Ohrstrom,Receiver,0,0,0.0,0,0,0,0,0.0,0,3,3,66.8,1
389,B,Texas A&M,LSU,Kevin Concepcion,Receiver,0,0,0.0,0,0,0,0,0.0,0,0,1,0.0,0
389,B,Texas A&M,LSU,Nate Boerkircher,Receiver,0,0,0.0,0,0,0,0,0.0,0,0,1,0.0,0
389,B,Texas A&M,LSU,Ashton Bethel-Roman,Receiver,0,0,0.0,0,0,0,0,0.0,0,2,4,11.9,0
389,B,Texas A&M,LSU,Amari Niblack,Receiver,0,0,0.0,0,0,0,0,0.0,0,0,1,0.0,0
389,B,LSU,Texas A&M,Garrett Nussmeier,QB,41,25,246.4,0,0,1,0,0.0,0,0,0,0.0,0
389,B,LSU,Texas A&M,Caden Durham,Rusher,0,0,0.0,0,0,0,12,57.9,1,0,0,0.0,0
389,B,LSU,Texas A&M,Harlem Berry,Rusher,0,0,0.0,0,0,0,4,14.1,0,0,0,0.0,0
389,B,LSU,Texas A&M,Other RB,Rusher,0,0,0.0,0,0,0,1,-3.9,0,0,0,0.0,0
389,B,LSU,Texas A&M,Kaleb Jackson,Rusher,0,0,0.0,0,0,0,1,4.3,0,0,0,0.0,0
389,B,LSU,Texas A&M,Garrett Nussmeier,Rusher,0,0,0.0,0,0,0,4,8.8,0,0,0,0.0,0
389,B,LSU,Texas A&M,Ju'Juan Johnson,Rusher,0,0,0.0,0,0,0,1,-3.4,0,0,0,0.0,0
389,B,LSU,Texas A&M,Kyle Parker,Receiver,0,0,0.0,0,0,0,0,0.0,0,6,7,70.8,0
389,B,LSU,Texas A&M,Barion Brown,Receiver,0,0,0.0,0,0,0,0,0.0,0,4,10,32.2,0
389,B,LSU,Texas A&M,Trey'Dez Green,Receiver,0,0,0.0,0,0,0,0,0.0,0,4,5,33.8,0
389,B,LSU,Texas A&M,Aaron Anderson,Receiver,0,0,0.0,0,0,0,0,0.0,0,3,6,33.2,0
389,B,LSU,Texas A&M,Other WR,Receiver,0,0,0.0,0,0,0,0,0.0,0,0,2,0.0,0
389,B,LSU,Texas A&M,Bauer Sharp,Receiver,0,0,0.0,0,0,0,0,0.0,0,3,4,7.7,0
389,B,LSU,Texas A&M,Zavion Thomas,Receiver,0,0,0.0,0,0,0,0,0.0,0,2,4,42.2,0
389,B,LSU,Texas A&M,Nic Anderson,Receiver,0,0,0.0,0,0,0,0,0.0,0,3,3,26.5,0
390,A,LSU,Texas A&M,Garrett Nussmeier,QB,32,21,216.1,2,0,2,0,0.0,0,0,0,0.0,0
390,A,LSU,Texas A&M,Harlem Berry,Rusher,0,0,0.0,0,0,0,6,13.4,0,0,0,0.0,0
390,A,LSU,Texas A&M,Caden Durham,Rusher,0,0,0.0,0,0,0,21,145.9,0,0,0,0.0,0
390,A,LSU,Texas A&M,Ju'Juan Johnson,Rusher,0,0,0.0,0,0,0,3,12.6,0,0,0,0.0,0
390,A,LSU,Texas A&M,Kaleb Jackson,Rusher,0,0,0.0,0,0,0,3,11.2,0,0,0,0.0,0
390,A,LSU,Texas A&M,Garrett Nussmeier,Rusher,0,0,0.0,0,0,0,1,-2.7,0,0,0,0.0,0
390,A,LSU,Texas A&M,Other RB,Rusher,0,0,0.0,0,0,0,1,1.1,0,0,0,0.0,0
390,A,LSU,Texas A&M,Zavion Thomas,Receiver,0,0,0.0,0,0,0,0,0.0,0,3,3,13.1,0
390,A,LSU,Texas A&M,Aaron Anderson,Receiver,0,0,0.0,0,0,0,0,0.0,0,4,9,27.8,0
390,A,LSU,Texas A&M,Nic Anderson,Receiver,0,0,0.0,0,0,0,0,0.0,0,4,4,75.2,1
390,A,LSU,Texas A&M,Barion Brown,Receiver,0,0,0.0,0,0,0,0,0.0,0,3,3,26.4,1
390,A,LSU,Texas A&M,Bauer Sharp,Receiver,0,0,0.0,0,0,0,0,0.0,0,2,3,20.2,0
390,A,LSU,Texas A&M,Trey'Dez Green,Receiver,0,0,0.0,0,0,0,0,0.0,0,4,6,32.6,0
390,A,LSU,Texas A&M,Kyle Parker,Receiver,0,0,0.0,0,0,0,0,0.0,0,0,2,0.0,0
390,A,LSU,Texas A&M,Chris Hilton Jr.,Receiver,0,0,0.0,0,0,0,0,0.0,0,1,2,20.9,0
390,A,Texas A&M,LSU,Marcel Reed,QB,20,15,105.2,1,0,5,0,0.0,0,0,0,0.0,0
390,A,Texas A&M,LSU,Amari Daniels,Rusher,0,0,0.0,0,0,0,7,46.1,0,0,0,0.0,0
390,A,Texas A&M,LSU,Le'Veon Moss,Rusher,0,0,0.0,0,0,0,11,44.6,1,0,0,0.0,0
390,A,Texas A&M,LSU,Rueben Owens,Rusher,0,0,0.0,0,0,0,4,28.2,0,0,0,0.0,0
390,A,Texas A&M,LSU,Marcel Reed,Rusher,0,0,0.0,0,0,0,3,4.0,0,0,0,0.0,0
390,A,Texas A&M,LSU,E.J. Smith,Rusher,0,0,0.0,0,0,0,1,0.8,0,0,0,0.0,0
390,A,Texas A&M,LSU,Kevin Concepcion,Receiver,0,0,0.0,0,0,0,0,0.0,0,6,8,28.6,0
390,A,Texas A&M,LSU,Mario Craver,Receiver,0,0,0.0,0,0,0,0,0.0,0,0,2,0.0,0
390,A,Texas A&M,LSU,Other WR,Receiver,0,0,0.0,0,0,0,0,0.0,0,4,5,51.3,1
390,A,Texas A&M,LSU,Terry Bussey,Receiver,0,0,0.0,0,0,0,0,0.0,0,1,1,7.9,0
390,A,Texas A&M,LSU,Nate Boerkircher,Receiver,0,0,0.0,0,0,0,0,0.0,0,1,1,0.0,0
390,A,Texas A&M,LSU,Ashton Bethel-Roman,Receiver,0,0,0.0,0,0,0,0,0.0,0,1,1,0.0,0
390,A,Texas A&M,LSU,Amari Niblack,Receiver,0,0,0.0,0,0,0,0,0.0,0,2,2,17.4,0
391,B,Texas A&M,LSU,Marcel Reed,QB,23,11,142.4,0,0,2,0,0.0,0,0,0,0.0,0
391,B,Texas A&M,LSU,Marcel Reed,Rusher,0,0,0.0,0,0,0,9,52.3,0,0,0,0.0,0
391,B,Texas A&M,LSU,Le'Veon Moss,Rusher,0,0,0.0,0,0,0,18,100.0,2,0,0,0.0,0
391,B,Texas A&M,LSU,Rueben Owens,Rusher,0,0,0.0,0,0,0,6,15.0,0,0,0,0.0,0
391,B,Texas A&M,LSU,E.J. Smith,Rusher,0,0,0.0,0,0,0,2,19.7,1,0,0,0.0,0
391,B,Texas A&M,LSU,Amari Daniels,Rusher,0,0,0.0,0,0,0,2,18.5,0,0,0,0.0,0
391,B,Texas A&M,LSU,Miles O'Neill,Rusher,0,0,0.0,0,0,0,1,-1.5,0,0,0,0.0,0
391,B,Texas A&M,LSU,Kevin Concepcion,Receiver,0,0,0.0,0,0,0,0,0.0,0,2,5,42.8,0
391,B,Texas A&M,LSU,Nate Boerkircher,Receiver,0,0,0.0,0,0,0,0,0.0,0,2,2,32.1,0
391,B,Texas A&M,LSU,Terry Bussey,Receiver,0,0,0.0,0,0,0,0,0.0,0,1,2,0.0,0
391,B,Texas A&M,LSU,Mario Craver,Receiver,0,0,0.0,0,0,0,0,0.0,0,4,5,45.8,0
391,B,Texas A&M,LSU,Ashton Bethel-Roman,Receiver,0,0,0.0,0,0,0,0,0.0,0,0,3,0.0,0
391,B,Texas A&M,LSU,Other WR,Receiver,0,0,0.0,0,0,0,0,0.0,0,1,3,21.6,0
391,B,Texas A&M,LSU,Theo Melin Ohrstrom,Receiver,0,0,0.0,0,0,0,0,0.0,0,1,2,0.0,0
391,B,Texas A&M,LSU,Amari Niblack,Receiver,0,0,0.0,0,0,0,0,0.0,0,0,1,0.0,0
391,B,LSU,Texas A&M,Garrett Nussmeier,QB,38,24,190.8,1,0,3,0,0.0,0,0,0,0.0,0
391,B,LSU,Texas A&M,Garrett Nussmeier,Rusher,0,0,0.0,0,0,0,3,11.9,0,0,0,0.0,0
391,B,LSU,Texas A&M,Harlem Berry,Rusher,0,0,0.0,0,0,0,5,20.5,0,0,0,0.0,0
391,B,LSU,Texas A&M,Ju'Juan Johnson,Rusher,0,0,0.0,0,0,0,4,17.0,0,0,0,0.0,0
391,B,LSU,Texas A&M,Caden Durham,Rusher,0,0,0.0,0,0,0,5,20.8,0,0,0,0.0,0
391,B,LSU,Texas A&M,Zavion Thomas,Receiver,0,0,0.0,0,0,0,0,0.0,0,2,4,17.3,0
391,B,LSU,Texas A&M,Aaron Anderson,Receiver,0,0,0.0,0,0,0,0,0.0,0,2,5,17.5,0
391,B,LSU,Texas A&M,Kyle Parker,Receiver,0,0,0.0,0,0,0,0,0.0,0,3,4,0.0,0
391,B,LSU,Texas A&M,Barion Brown,Receiver,0,0,0.0,0,0,0,0,0.0,0,7,9,76.4,0
391,B,LSU,Texas A&M,Bauer Sharp,Receiver,0,0,0.0,0,0,0,0,0.0,0,1,3,3.7,1
391,B,LSU,Texas A&M,Chris Hilton Jr.,Receiver,0,0,0.0,0,0,0,0,0.0,0,3,3,37.7,0
391,B,LSU,Texas A&M,Trey'Dez Green,Receiver,0,0,0.0,0,0,0,0,0.0,0,2,5,15.3,0
391,B,LSU,Texas A&M,Nic Anderson,Receiver,0,0,0.0,0,0,0,0,0.0,0,1,2,4.8,0
391,B,LSU,Texas A&M,Other WR,Receiver,0,0,0.0,0,0,0,0,0.0,0,3,3,18.2,0
392,A,LSU,Texas A&M,Garrett Nussmeier,QB,32,21,92.6,1,0,1,0,0.0,0,0,0,0.0,0
392,A,LSU,Texas A&M,Harlem Berry,Rusher,0,0,0.0,0,0,0,6,19.2,0,0,0,0.0,0
392,A,LSU,Texas A&M,Caden Durham,Rusher,0,0,0.0,0,0,0,14,44.9,0,0,0,0.0,0
392,A,LSU,Texas A&M,Kaleb Jackson,Rusher,0,0,0.0,0,0,0,1,0.4,0,0,0,0.0,0
392,A,LSU,Texas A&M,Ju'Juan Johnson,Rusher,0,0,0.0,0,0,0,5,13.0,0,0,0,0.0,0
392,A,LSU,Texas A&M,Other RB,Rusher,0,0,0.0,0,0,0,1,-0.3,0,0,0,0.0,0
392,A,LSU,Texas A&M,Garrett Nussmeier,Rusher,0,0,0.0,0,0,0,1,7.5,0,0,0,0.0,0
392,A,LSU,Texas A&M,Bauer Sharp,Receiver,0,0,0.0,0,0,0,0,0.0,0,4,4,13.7,0
392,A,LSU,Texas A&M,Trey'Dez Green,Receiver,0,0,0.0,0,0,0,0,0.0,0,2,4,12.1,0
392,A,LSU,Texas A&M,Aaron Anderson,Receiver,0,0,0.0,0,0,0,0,0.0,0,4,9,16.3,0
392,A,LSU,Texas A&M,Other WR,Receiver,0,0,0.0,0,0,0,0,0.0,0,1,1,5.1,0
392,A,LSU,Texas A&M,Barion Brown,Receiver,0,0,0.0,0,0,0,0,0.0,0,2,3,9.0,0
392,A,LSU,Texas A&M,Nic Anderson,Receiver,0,0,0.0,0,0,0,0,0.0,0,3,4,14.5,1
392,A,LSU,Texas A&M,Chris Hilton Jr.,Receiver,0,0,0.0,0,0,0,0,0.0,0,1,2,4.7,0
392,A,LSU,Texas A&M,Zavion Thomas,Receiver,0,0,0.0,0,0,0,0,0.0,0,1,1,0.0,0
392,A,LSU,Texas A&M,Kyle Parker,Receiver,0,0,0.0,0,0,0,0,0.0,0,3,4,17.2,0
392,A,Texas A&M,LSU,Marcel Reed,QB,26,19,250.0,2,0,4,0,0.0,0,0,0,0.0,0
392,A,Texas A&M,LSU,Le'Veon Moss,Rusher,0,0,0.0,0,0,0,14,17.3,0,0,0,0.0,0
392,A,Texas A&M,LSU,Marcel Reed,Rusher,0,0,0.0,0,0,0,5,21.7,0,0,0,0.0,0
392,A,Texas A&M,LSU,Amari Daniels,Rusher,0,0,0.0,0,0,0,5,12.7,0,0,0,0.0,0
392,A,Texas A&M,LSU,Rueben Owens,Rusher,0,0,0.0,0,0,0,2,0.6,0,0,0,0.0,0
392,A,Texas A&M,LSU,E.J. Smith,Rusher,0,0,0.0,0,0,0,2,14.1,0,0,0,0.0,0
392,A,Texas A&M,LSU,Other WR,Receiver,0,0,0.0,0,0,0,0,0.0,0,7,7,50.0,1
392,A,Texas A&M,LSU,Mario Craver,Receiver,0,0,0.0,0,0,0,0,0.0,0,3,7,18.4,0
392,A,Texas A&M,LSU,Ashton Bethel-Roman,Receiver,0,0,0.0,0,0,0,0,0.0,0,3,4,48.4,1
392,A,Texas A&M,LSU,Kevin Concepcion,Receiver,0,0,0.0,0,0,0,0,0.0,0,4,6,97.3,0
392,A,Texas A&M,LSU,Theo Melin Ohrstrom,Receiver,0,0,0.0,0,0,0,0,0.0,0,0,0,0.0,0
392,A,Texas A&M,LSU,Terry Bussey,Receiver,0,0,0.0,0,0,0,0,0.0,0,1,1,25.2,0
392,A,Texas A&M,LSU,Amari Niblack,Receiver,0,0,0.0,0,0,0,0,0.0,0,1,1,10.7,0
393,B,Texas A&M,LSU,Marcel Reed,QB,28,22,326.7,1,0,4,0,0.0,0,0,0,0.0,0
393,B,Texas A&M,LSU,Rueben Owens,Rusher,0,0,0.0,0,0,0,7,49.8,2,0,0,0.0,0
393,B,Texas A&M,LSU,Jamarion Morrow,Rusher,0,0,0.0,0,0,0,3,5.4,0,0,0,0.0,0
393,B,Texas A&M,LSU,Le'Veon Moss,Rusher,0,0,0.0,0,0,0,15,66.5,1,0,0,0.0,0
393,B,Texas A&M,LSU,Amari Daniels,Rusher,0,0,0.0,0,0,0,3,9.5,0,0,0,0.0,0
393,B,Texas A&M,LSU,Marcel Reed,Rusher,0,0,0.0,0,0,0,7,53.0,0,0,0,0.0,0
393,B,Texas A&M,LSU,E.J. Smith,Rusher,0,0,0.0,0,0,0,2,10.7,0,0,0,0.0,0
393,B,Texas A&M,LSU,Miles O'Neill,Rusher,0,0,0.0,0,0,0,1,-4.0,0,0,0,0.0,0
393,B,Texas A&M,LSU,Theo Melin Ohrstrom,Receiver,0,0,0.0,0,0,0,0,0.0,0,3,4,44.4,0
393,B,Texas A&M,LSU,Mario Craver,Receiver,0,0,0.0,0,0,0,0,0.0,0,4,5,26.3,0
393,B,Texas A&M,LSU,Terry Bussey,Receiver,0,0,0.0,0,0,0,0,0.0,0,4,5,76.6,0
393,B,Texas A&M,LSU,Ashton Bethel-Roman,Receiver,0,0,0.0,0,0,0,0,0.0,0,2,4,26.1,0
393,B,Texas A&M,LSU,Other WR,Receiver,0,0,0.0,0,0,0,0,0.0,0,2,3,49.4,0
393,B,Texas A&M,LSU,Kevin Concepcion,Receiver,0,0,0.0,0,0,0,0,0.0,0,7,7,103.9,1
393,B,Texas A&M,LSU,Nate Boerkircher,Receiver,0,0,0.0,0,0,0,0,0.0,0,0,0,0.0,0
393,B,LSU,Texas A&M,Garrett Nussmeier,QB,32,18,120.2,0,0,4,0,0.0,0,0,0,0.0,0
393,B,LSU,Texas A&M,Caden Durham,Rusher,0,0,0.0,0,0,0,6,31.5,0,0,0,0.0,0
393,B,LSU,Texas A&M,Kaleb Jackson,Rusher,0,0,0.0,0,0,0,3,17.5,0,0,0,0.0,0
393,B,LSU,Texas A&M,Ju'Juan Johnson,Rusher,0,0,0.0,0,0,0,2,-3.4,0,0,0,0.0,0
393,B,LSU,Texas A&M,Other RB,Rusher,0,0,0.0,0,0,0,3,-1.4,0,0,0,0.0,0
393,B,LSU,Texas A&M,Harlem Berry,Rusher,0,0,0.0,0,0,0,3,8.0,0,0,0,0.0,0
393,B,LSU,Texas A&M,Garrett Nussmeier,Rusher,0,0,0.0,0,0,0,2,5.3,0,0,0,0.0,0
393,B,LSU,Texas A&M,Chris Hilton Jr.,Receiver,0,0,0.0,0,0,0,0,0.0,0,2,3,12.4,0
393,B,LSU,Texas A&M,Bauer Sharp,Receiver,0,0,0.0,0,0,0,0,0.0,0,1,2,6.0,0
393,B,LSU,Texas A&M,Aaron Anderson,Receiver,0,0,0.0,0,0,0,0,0.0,0,9,11,56.4,0
393,B,LSU,Texas A&M,Barion Brown,Receiver,0,0,0.0,0,0,0,0,0.0,0,2,5,20.2,0
393,B,LSU,Texas A&M,Trey'Dez Green,Receiver,0,0,0.0,0,0,0,0,0.0,0,3,5,18.6,0
393,B,LSU,Texas A&M,Other WR,Receiver,0,0,0.0,0,0,0,0,0.0,0,0,2,0.0,0
393,B,LSU,Texas A&M,Kyle Parker,Receiver,0,0,0.0,0,0,0,0,0.0,0,1,1,6.6,0
393,B,LSU,Texas A&M,Nic Anderson,Receiver,0,0,0.0,0,0,0,0,0.0,0,0,1,0.0,0
393,B,LSU,Texas A&M,Zavion Thomas,Receiver,0,0,0.0,0,0,0,0,0.0,0,0,2,0.0,0
394,A,LSU,Texas A&M,Garrett Nussmeier,QB,31,16,220.8,1,0,1,0,0.0,0,0,0,0.0,0
394,A,LSU,Texas A&M,Caden Durham,Rusher,0,0,0.0,0,0,0,16,69.7,0,0,0,0.0,0
394,A,LSU,Texas A&M,Other RB,Rusher,0,0,0.0,0,0,0,4,8.2,0,0,0,0.0,0
394,A,LSU,Texas A&M,Ju'Juan Johnson,Rusher,0,0,0.0,0,0,0,4,7.0,0,0,0,0.0,0
394,A,LSU,Texas A&M,Harlem Berry,Rusher,0,0,0.0,0,0,0,2,19.1,0,0,0,0.0,0
394,A,LSU,Texas A&M,Garrett Nussmeier,Rusher,0,0,0.0,0,0,0,4,28.5,1,0,0,0.0,0
394,A,LSU,Texas A&M,Kaleb Jackson,Rusher,0,0,0.0,0,0,0,1,1.5,0,0,0,0.0,0
394,A,LSU,Texas A&M,Barion Brown,Receiver,0,0,0.0,0,0,0,0,0.0,0,4,5,29.1,0
394,A,LSU,Texas A&M,Aaron Anderson,Receiver,0,0,0.0,0,0,0,0,0.0,0,3,8,65.9,0
394,A,LSU,Texas A&M,Other WR,Receiver,0,0,0.0,0,0,0,0,0.0,0,1,2,3.9,0
394,A,LSU,Texas A&M,Nic Anderson,Receiver,0,0,0.0,0,0,0,0,0.0,0,1,2,32.2,1
394,A,LSU,Texas A&M,Bauer Sharp,Receiver,0,0,0.0,0,0,0,0,0.0,0,2,4,21.9,0
394,A,LSU,Texas A&M,Trey'Dez Green,Receiver,0,0,0.0,0,0,0,0,0.0,0,1,3,15.3,0
394,A,LSU,Texas A&M,Kyle Parker,Receiver,0,0,0.0,0,0,0,0,0.0,0,1,2,11.1,0
394,A,LSU,Texas A&M,Zavion Thomas,Receiver,0,0,0.0,0,0,0,0,0.0,0,3,5,41.3,0
394,A,Texas A&M,LSU,Marcel Reed,QB,25,17,157.5,1,0,5,0,0.0,0,0,0,0.0,0
394,A,Texas A&M,LSU,Marcel Reed,Rusher,0,0,0.0,0,0,0,7,46.3,0,0,0,0.0,0
394,A,Texas A&M,LSU,Miles O'Neill,Rusher,0,0,0.0,0,0,0,1,-2.9,0,0,0,0.0,0
394,A,Texas A&M,LSU,Rueben Owens,Rusher,0,0,0.0,0,0,0,3,1.6,0,0,0,0.0,0
394,A,Texas A&M,LSU,Amari Daniels,Rusher,0,0,0.0,0,0,0,7,6.4,1,0,0,0.0,0
394,A,Texas A&M,LSU,Le'Veon Moss,Rusher,0,0,0.0,0,0,0,9,41.7,0,0,0,0.0,0
394,A,Texas A&M,LSU,E.J. Smith,Rusher,0,0,0.0,0,0,0,2,3.0,0,0,0,0.0,0
394,A,Texas A&M,LSU,Kevin Concepcion,Receiver,0,0,0.0,0,0,0,0,0.0,0,4,8,52.9,0
394,A,Texas A&M,LSU,Other WR,Receiver,0,0,0.0,0,0,0,0,0.0,0,3,4,8.1,0
394,A,Texas A&M,LSU,Mario Craver,Receiver,0,0,0.0,0,0,0,0,0.0,0,7,8,73.0,1
394,A,Texas A&M,LSU,Terry Bussey,Receiver,0,0,0.0,0,0,0,0,0.0,0,1,2,13.2,0
394,A,Texas A&M,LSU,Theo Melin Ohrstrom,Receiver,0,0,0.0,0,0,0,0,0.0,0,2,2,10.2,0
394,A,Texas A&M,LSU,Nate Boerkircher,Receiver,0,0,0.0,0,0,0,0,0.0,0,0,1,0.0,0
394,A,Texas A&M,LSU,Ashton Bethel-Roman,Receiver,0,0,0.0,0,0,0,0,0.0,0,0,0,0.0,0
395,B,Texas A&M,LSU,Marcel Reed,QB,16,8,93.0,1,1,7,0,0.0,0,0,0,0.0,0
395,B,Texas A&M,LSU,Le'Veon Moss,Rusher,0,0,0.0,0,0,0,16,47.5,1,0,0,0.0,0
395,B,Texas A&M,LSU,Marcel Reed,Rusher,0,0,0.0,0,0,0,8,20.0,0,0,0,0.0,0
395,B,Texas A&M,LSU,Amari Daniels,Rusher,0,0,0.0,0,0,0,10,49.6,0,0,0,0.0,0
395,B,Texas A&M,LSU,Rueben Owens,Rusher,0,0,0.0,0,0,0,3,7.7,0,0,0,0.0,0
395,B,Texas A&M,LSU,Miles O'Neill,Rusher,0,0,0.0,0,0,0,1,12.5,0,0,0,0.0,0
395,B,Texas A&M,LSU,Mario Craver,Receiver,0,0,0.0,0,0,0,0,0.0,0,3,4,34.0,0
395,B,Texas A&M,LSU,Other WR,Receiver,0,0,0.0,0,0,0,0,0.0,0,3,4,43.2,1
395,B,Texas A&M,LSU,Kevin Concepcion,Receiver,0,0,0.0,0,0,0,0,0.0,0,0,2,0.0,0
395,B,Texas A&M,LSU,Theo Melin Ohrstrom,Receiver,0,0,0.0,0,0,0,0,0.0,0,0,1,0.0,0
395,B,Texas A&M,LSU,Ashton Bethel-Roman,Receiver,0,0,0.0,0,0,0,0,0.0,0,2,4,15.8,0
395,B,Texas A&M,LSU,Nate Boerkircher,Receiver,0,0,0.0,0,0,0,0,0.0,0,0,1,0.0,0
395,B,LSU,Texas A&M,Garrett Nussmeier,QB,21,8,55.8,0,0,1,0,0.0,0,0,0,0.0,0
395,B,LSU,Texas A&M,Caden Durham,Rusher,0,0,0.0,0,0,0,15,86.8,2,0,0,0.0,0
395,B,LSU,Texas A&M,Ju'Juan Johnson,Rusher,0,0,0.0,0,0,0,6,19.8,0,0,0,0.0,0
395,B,LSU,Texas A&M,Harlem Berry,Rusher,0,0,0.0,0,0,0,5,24.0,0,0,0,0.0,0
395,B,LSU,Texas A&M,Other RB,Rusher,0,0,0.0,0,0,0,3,17.7,0,0,0,0.0,0
395,B,LSU,Texas A&M,Kaleb Jackson,Rusher,0,0,0.0,0,0,0,3,-1.0,0,0,0,0.0,0
395,B,LSU,Texas A&M,Garrett Nussmeier,Rusher,0,0,0.0,0,0,0,3,15.0,0,0,0,0.0,0
395,B,LSU,Texas A&M,Nic Anderson,Receiver,0,0,0.0,0,0,0,0,0.0,0,1,3,5.2,0
395,B,LSU,Texas A&M,Chris Hilton Jr.,Receiver,0,0,0.0,0,0,0,0,0.0,0,1,2,5.7,0
395,B,LSU,Texas A&M,Other WR,Receiver,0,0,0.0,0,0,0,0,0.0,0,0,2,0.0,0
395,B,LSU,Texas A&M,Kyle Parker,Receiver,0,0,0.0,0,0,0,0,0.0,0,1,2,9.4,0
395,B,LSU,Texas A&M,Barion Brown,Receiver,0,0,0.0,0,0,0,0,0.0,0,2,5,19.0,0
395,B,LSU,Texas A&M,Trey'Dez Green,Receiver,0,0,0.0,0,0,0,0,0.0,0,2,2,1.7,0
395,B,LSU,Texas A&M,Aaron Anderson,Receiver,0,0,0.0,0,0,0,0,0.0,0,1,3,14.7,0
395,B,LSU,Texas A&M,Bauer Sharp,Receiver,0,0,0.0,0,0,0,0,0.0,0,0,1,0.0,0
395,B,LSU,Texas A&M,Zavion Thomas,Receiver,0,0,0.0,0,0,0,0,0.0,0,0,1,0.0,0
396,A,LSU,Texas A&M,Garrett Nussmeier,QB,25,17,151.3,0,0,3,0,0.0,0,0,0,0.0,0
396,A,LSU,Texas A&M,Ju'Juan Johnson,Rusher,0,0,0.0,0,0,0,4,21.0,1,0,0,0.0,0
396,A,LSU,Texas A&M,Harlem Berry,Rusher,0,0,0.0,0,0,0,7,39.6,0,0,0,0.0,0
396,A,LSU,Texas A&M,Caden Durham,Rusher,0,0,0.0,0,0,0,17,59.2,1,0,0,0.0,0
396,A,LSU,Texas A&M,Garrett Nussmeier,Rusher,0,0,0.0,0,0,0,4,42.0,0,0,0,0.0,0
396,A,LSU,Texas A&M,Other RB,Rusher,0,0,0.0,0,0,0,7,59.1,1,0,0,0.0,0
396,A,LSU,Texas A&M,Kaleb Jackson,Rusher,0,0,0.0,0,0,0,4,17.8,0,0,0,0.0,0
396,A,LSU,Texas A&M,Zavion Thomas,Receiver,0,0,0.0,0,0,0,0,0.0,0,1,1,0.9,0
396,A,LSU,Texas A&M,Trey'Dez Green,Receiver,0,0,0.0,0,0,0,0,0.0,0,3,5,23.2,0
396,A,LSU,Texas A&M,Bauer Sharp,Receiver,0,0,0.0,0,0,0,0,0.0,0,3,4,50.3,0
396,A,LSU,Texas A&M,Nic Anderson,Receiver,0,0,0.0,0,0,0,0,0.0,0,2,3,12.3,0
396,A,LSU,Texas A&M,Kyle Parker,Receiver,0,0,0.0,0,0,0,0,0.0,0,2,4,13.6,0
396,A,LSU,Texas A&M,Aaron Anderson,Receiver,0,0,0.0,0,0,0,0,0.0,0,2,3,13.6,0
396,A,LSU,Texas A&M,Barion Brown,Receiver,0,0,0.0,0,0,0,0,0.0,0,3,4,28.4,0
396,A,LSU,Texas A&M,Chris Hilton Jr.,Receiver,0,0,0.0,0,0,0,0,0.0,0,1,1,9.0,0
396,A,Texas A&M,LSU,Marcel Reed,QB,29,16,205.9,0,0,3,0,0.0,0,0,0,0.0,0
396,A,Texas A&M,LSU,Le'Veon Moss,Rusher,0,0,0.0,0,0,0,8,25.3,0,0,0,0.0,0
396,A,Texas A&M,LSU,Amari Daniels,Rusher,0,0,0.0,0,0,0,4,12.9,0,0,0,0.0,0
396,A,Texas A&M,LSU,Jamarion Morrow,Rusher,0,0,0.0,0,0,0,1,-2.7,0,0,0,0.0,0
396,A,Texas A&M,LSU,Marcel Reed,Rusher,0,0,0.0,0,0,0,2,9.8,1,0,0,0.0,0
396,A,Texas A&M,LSU,E.J. Smith,Rusher,0,0,0.0,0,0,0,2,10.9,0,0,0,0.0,0
396,A,Texas A&M,LSU,Rueben Owens,Rusher,0,0,0.0,0,0,0,1,-0.1,0,0,0,0.0,0
396,A,Texas A&M,LSU,Theo Melin Ohrstrom,Receiver,0,0,0.0,0,0,0,0,0.0,0,0,4,0.0,0
396,A,Texas A&M,LSU,Other WR,Receiver,0,0,0.0,0,0,0,0,0.0,0,5,8,90.1,0
396,A,Texas A&M,LSU,Ashton Bethel-Roman,Receiver,0,0,0.0,0,0,0,0,0.0,0,0,3,0.0,0
396,A,Texas A&M,LSU,Kevin Concepcion,Receiver,0,0,0.0,0,0,0,0,0.0,0,3,3,20.3,0
396,A,Texas A&M,LSU,Mario Craver,Receiver,0,0,0.0,0,0,0,0,0.0,0,4,7,60.5,0
396,A,Texas A&M,LSU,Terry Bussey,Receiver,0,0,0.0,0,0,0,0,0.0,0,2,2,17.5,0
396,A,Texas A&M,LSU,Nate Boerkircher,Receiver,0,0,0.0,0,0,0,0,0.0,0,2,2,17.5,0
397,B,Texas A&M,LSU,Marcel Reed,QB,23,15,150.7,0,0,2,0,0.0,0,0,0,0.0,0
397,B,Texas A&M,LSU,Le'Veon Moss,Rusher,0,0,0.0,0,0,0,9,-1.7,0,0,0,0.0,0
397,B,Texas A&M,LSU,Amari Daniels,Rusher,0,0,0.0,0,0,0,10,3.4,1,0,0,0.0,0
397,B,Texas A&M,LSU,Rueben Owens,Rusher,0,0,0.0,0,0,0,4,38.0,0,0,0,0.0,0
397,B,Texas A&M,LSU,E.J. Smith,Rusher,0,0,0.0,0,0,0,2,11.0,0,0,0,0.0,0
397,B,Texas A&M,LSU,Marcel Reed,Rusher,0,0,0.0,0,0,0,11,67.6,1,0,0,0.0,0
397,B,Texas A&M,LSU,Miles O'Neill,Rusher,0,0,0.0,0,0,0,1,0.7,1,0,0,0.0,0
397,B,Texas A&M,LSU,Other WR,Receiver,0,0,0.0,0,0,0,0,0.0,0,6,7,86.7,0
397,B,Texas A&M,LSU,Mario Craver,Receiver,0,0,0.0,0,0,0,0,0.0,0,3,8,26.6,0
397,B,Texas A&M,LSU,Theo Melin Ohrstrom,Receiver,0,0,0.0,0,0,0,0,0.0,0,2,3,17.8,0
397,B,Texas A&M,LSU,Ashton Bethel-Roman,Receiver,0,0,0.0,0,0,0,0,0.0,0,1,1,5.5,0
397,B,Texas A&M,LSU,Kevin Concepcion,Receiver,0,0,0.0,0,0,0,0,0.0,0,2,2,4.9,0
397,B,Texas A&M,LSU,Terry Bussey,Receiver,0,0,0.0,0,0,0,0,0.0,0,1,1,9.3,0
397,B,Texas A&M,LSU,Nate Boerkircher,Receiver,0,0,0.0,0,0,0,0,0.0,0,0,1,0.0,0
397,B,LSU,Texas A&M,Garrett Nussmeier,QB,28,14,182.3,1,0,1,0,0.0,0,0,0,0.0,0
397,B,LSU,Texas A&M,Caden Durham,Rusher,0,0,0.0,0,0,0,18,76.4,0,0,0,0.0,0
397,B,LSU,Texas A&M,Other RB,Rusher,0,0,0.0,0,0,0,4,21.4,1,0,0,0.0,0
397,B,LSU,Texas A&M,Ju'Juan Johnson,Rusher,0,0,0.0,0,0,0,4,13.3,0,0,0,0.0,0
397,B,LSU,Texas A&M,Harlem Berry,Rusher,0,0,0.0,0,0,0,3,-3.9,0,0,0,0.0,0
397,B,LSU,Texas A&M,Garrett Nussmeier,Rusher,0,0,0.0,0,0,0,2,0.2,0,0,0,0.0,0
397,B,LSU,Texas A&M,Barion Brown,Receiver,0,0,0.0,0,0,0,0,0.0,0,1,4,24.1,0
397,B,LSU,Texas A&M,Bauer Sharp,Receiver,0,0,0.0,0,0,0,0,0.0,0,2,3,30.2,0
397,B,LSU,Texas A&M,Nic Anderson,Receiver,0,0,0.0,0,0,0,0,0.0,0,1,2,3.5,0
397,B,LSU,Texas A&M,Aaron Anderson,Receiver,0,0,0.0,0,0,0,0,0.0,0,5,8,79.1,1
397,B,LSU,Texas A&M,Other WR,Receiver,0,0,0.0,0,0,0,0,0.0,0,2,5,25.0,0
397,B,LSU,Texas A&M,Kyle Parker,Receiver,0,0,0.0,0,0,0,0,0.0,0,1,2,0.0,0
397,B,LSU,Texas A&M,Zavion Thomas,Receiver,0,0,0.0,0,0,0,0,0.0,0,1,2,1.4,0
397,B,LSU,Texas A&M,Trey'Dez Green,Receiver,0,0,0.0,0,0,0,0,0.0,0,1,2,19.1,0
398,A,LSU,Texas A&M,Garrett Nussmeier,QB,33,21,292.5,2,0,2,0,0.0,0,0,0,0.0,0
398,A,LSU,Texas A&M,Caden Durham,Rusher,0,0,0.0,0,0,0,13,39.2,0,0,0,0.0,0
398,A,LSU,Texas A&M,Other RB,Rusher,0,0,0.0,0,0,0,4,28.1,1,0,0,0.0,0
398,A,LSU,Texas A&M,Ju'Juan Johnson,Rusher,0,0,0.0,0,0,0,4,0.1,0,0,0,0.0,0
398,A,LSU,Texas A&M,Harlem Berry,Rusher,0,0,0.0,0,0,0,7,39.2,0,0,0,0.0,0
398,A,LSU,Texas A&M,Kaleb Jackson,Rusher,0,0,0.0,0,0,0,2,8.9,0,0,0,0.0,0
398,A,LSU,Texas A&M,Barion Brown,Receiver,0,0,0.0,0,0,0,0,0.0,0,5,7,63.5,0
398,A,LSU,Texas A&M,Zavion Thomas,Receiver,0,0,0.0,0,0,0,0,0.0,0,3,5,39.0,1
398,A,LSU,Texas A&M,Bauer Sharp,Receiver,0,0,0.0,0,0,0,0,0.0,0,2,3,48.9,0
398,A,LSU,Texas A&M,Trey'Dez Green,Receiver,0,0,0.0,0,0,0,0,0.0,0,2,5,23.3,0
398,A,LSU,Texas A&M,Aaron Anderson,Receiver,0,0,0.0,0,0,0,0,0.0,0,5,7,68.2,1
398,A,LSU,Texas A&M,Other WR,Receiver,0,0,0.0,0,0,0,0,0.0,0,1,1,14.8,0
398,A,LSU,Texas A&M,Kyle Parker,Receiver,0,0,0.0,0,0,0,0,0.0,0,2,4,20.8,0
398,A,LSU,Texas A&M,Chris Hilton Jr.,Receiver,0,0,0.0,0,0,0,0,0.0,0,1,1,14.0,0
398,A,Texas A&M,LSU,Marcel Reed,QB,18,11,179.6,1,0,4,0,0.0,0,0,0,0.0,0
398,A,Texas A&M,LSU,Amari Daniels,Rusher,0,0,0.0,0,0,0,7,40.1,1,0,0,0.0,0
398,A,Texas A&M,LSU,Rueben Owens,Rusher,0,0,0.0,0,0,0,6,17.4,0,0,0,0.0,0
398,A,Texas A&M,LSU,Le'Veon Moss,Rusher,0,0,0.0,0,0,0,16,70.9,1,0,0,0.0,0
398,A,Texas A&M,LSU,Marcel Reed,Rusher,0,0,0.0,0,0,0,6,14.4,0,0,0,0.0,0
398,A,Texas A&M,LSU,Jamarion Morrow,Rusher,0,0,0.0,0,0,0,1,7.5,0,0,0,0.0,0
398,A,Texas A&M,LSU,Miles O'Neill,Rusher,0,0,0.0,0,0,0,1,6.4,0,0,0,0.0,0
398,A,Texas A&M,LSU,E.J. Smith,Rusher,0,0,0.0,0,0,0,1,2.7,0,0,0,0.0,0
398,A,Texas A&M,LSU,Kevin Concepcion,Receiver,0,0,0.0,0,0,0,0,0.0,0,3,5,36.2,0
398,A,Texas A&M,LSU,Ashton Bethel-Roman,Receiver,0,0,0.0,0,0,0,0,0.0,0,3,4,44.0,0
398,A,Texas A&M,LSU,Other WR,Receiver,0,0,0.0,0,0,0,0,0.0,0,3,6,56.3,1
398,A,Texas A&M,LSU,Theo Melin Ohrstrom,Receiver,0,0,0.0,0,0,0,0,0.0,0,1,1,33.2,0
398,A,Texas A&M,LSU,Mario Craver,Receiver,0,0,0.0,0,0,0,0,0.0,0,1,2,9.9,0
399,B,Texas A&M,LSU,Marcel Reed,QB,31,26,293.8,3,0,3,0,0.0,0,0,0,0.0,0
399,B,Texas A&M,LSU,Amari Daniels,Rusher,0,0,0.0,0,0,0,5,35.8,0,0,0,0.0,0
399,B,Texas A&M,LSU,E.J. Smith,Rusher,0,0,0.0,0,0,0,4,19.5,0,0,0,0.0,0
399,B,Texas A&M,LSU,Le'Veon Moss,Rusher,0,0,0.0,0,0,0,9,11.5,1,0,0,0.0,0
399,B,Texas A&M,LSU,Marcel Reed,Rusher,0,0,0.0,0,0,0,13,56.0,0,0,0,0.0,0
399,B,Texas A&M,LSU,Jamarion Morrow,Rusher,0,0,0.0,0,0,0,4,14.4,1,0,0,0.0,0
399,B,Texas A&M,LSU,Rueben Owens,Rusher,0,0,0.0,0,0,0,3,1.2,0,0,0,0.0,0
399,B,Texas A&M,LSU,Other WR,Receiver,0,0,0.0,0,0,0,0,0.0,0,6,7,78.2,1
399,B,Texas A&M,LSU,Theo Melin Ohrstrom,Receiver,0,0,0.0,0,0,0,0,0.0,0,2,3,23.5,0
399,B,Texas A&M,LSU,Terry Bussey,Receiver,0,0,0.0,0,0,0,0,0.0,0,2,2,50.6,2
399,B,Texas A&M,LSU,Mario Craver,Receiver,0,0,0.0,0,0,0,0,0.0,0,5,7,34.9,0
399,B,Texas A&M,LSU,Ashton Bethel-Roman,Receiver,0,0,0.0,0,0,0,0,0.0,0,1,1,0.4,0
399,B,Texas A&M,LSU,Amari Niblack,Receiver,0,0,0.0,0,0,0,0,0.0,0,2,2,32.7,0
399,B,Texas A&M,LSU,Kevin Concepcion,Receiver,0,0,0.0,0,0,0,0,0.0,0,8,9,73.6,0
399,B,LSU,Texas A&M,Garrett Nussmeier,QB,33,15,97.2,0,1,4,0,0.0,0,0,0,0.0,0
399,B,LSU,Texas A&M,Caden Durham,Rusher,0,0,0.0,0,0,0,10,16.4,0,0,0,0.0,0
399,B,LSU,Texas A&M,Harlem Berry,Rusher,0,0,0.0,0,0,0,3,2.1,0,0,0,0.0,0
399,B,LSU,Texas A&M,Aaron Anderson,Receiver,0,0,0.0,0,0,0,0,0.0,0,4,9,15.5,0
399,B,LSU,Texas A&M,Zavion Thomas,Receiver,0,0,0.0,0,0,0,0,0.0,0,3,5,19.5,0
399,B,LSU,Texas A&M,Nic Anderson,Receiver,0,0,0.0,0,0,0,0,0.0,0,0,2,0.0,0
399,B,LSU,Texas A&M,Other WR,Receiver,0,0,0.0,0,0,0,0,0.0,0,1,2,0.0,0
399,B,LSU,Texas A&M,Trey'Dez Green,Receiver,0,0,0.0,0,0,0,0,0.0,0,2,4,13.2,0
399,B,LSU,Texas A&M,Barion Brown,Receiver,0,0,0.0,0,0,0,0,0.0,0,2,5,14.8,0
399,B,LSU,Texas A&M,Bauer Sharp,Receiver,0,0,0.0,0,0,0,0,0.0,0,1,2,18.0,0
399,B,LSU,Texas A&M,Kyle Parker,Receiver,0,0,0.0,0,0,0,0,0.0,0,1,3,0.0,0
399,B,LSU,Texas A&M,Chris Hilton Jr.,Receiver,0,0,0.0,0,0,0,0,0.0,0,1,1,16.3,0
400,A,LSU,Texas A&M,Garrett Nussmeier,QB,23,13,104.6,1,0,0,0,0.0,0,0,0,0.0,0
400,A,LSU,Texas A&M,Caden Durham,Rusher,0,0,0.0,0,0,0,22,115.6,0,0,0,0.0,0
400,A,LSU,Texas A&M,Harlem Berry,Rusher,0,0,0.0,0,0,0,11,54.4,0,0,0,0.0,0
400,A,LSU,Texas A&M,Kaleb Jackson,Rusher,0,0,0.0,0,0,0,4,23.8,0,0,0,0.0,0
400,A,LSU,Texas A&M,Ju'Juan Johnson,Rusher,0,0,0.0,0,0,0,3,19.8,0,0,0,0.0,0
400,A,LSU,Texas A&M,Garrett Nussmeier,Rusher,0,0,0.0,0,0,0,3,4.9,1,0,0,0.0,0
400,A,LSU,Texas A&M,Other RB,Rusher,0,0,0.0,0,0,0,3,10.4,0,0,0,0.0,0
400,A,LSU,Texas A&M,Barion Brown,Receiver,0,0,0.0,0,0,0,0,0.0,0,2,5,19.9,0
400,A,LSU,Texas A&M,Trey'Dez Green,Receiver,0,0,0.0,0,0,0,0,0.0,0,1,3,9.0,0
400,A,LSU,Texas A&M,Nic Anderson,Receiver,0,0,0.0,0,0,0,0,0.0,0,1,3,1.8,0
400,A,LSU,Texas A&M,Kyle Parker,Receiver,0,0,0.0,0,0,0,0,0.0,0,2,2,42.3,1
400,A,LSU,Texas A&M,Zavion Thomas,Receiver,0,0,0.0,0,0,0,0,0.0,0,1,2,0.7,0
400,A,LSU,Texas A&M,Aaron Anderson,Receiver,0,0,0.0,0,0,0,0,0.0,0,5,6,31.0,0
400,A,LSU,Texas A&M,Bauer Sharp,Receiver,0,0,0.0,0,0,0,0,0.0,0,1,1,0.0,0
400,A,LSU,Texas A&M,Other WR,Receiver,0,0,0.0,0,0,0,0,0.0,0,0,1,0.0,0
400,A,Texas A&M,LSU,Marcel Reed,QB,18,15,86.9,0,0,7,0,0.0,0,0,0,0.0,0
400,A,Texas A&M,LSU,Le'Veon Moss,Rusher,0,0,0.0,0,0,0,13,53.9,0,0,0,0.0,0
400,A,Texas A&M,LSU,Marcel Reed,Rusher,0,0,0.0,0,0,0,2,12.7,0,0,0,0.0,0
400,A,Texas A&M,LSU,Rueben Owens,Rusher,0,0,0.0,0,0,0,4,18.6,0,0,0,0.0,0
400,A,Texas A&M,LSU,Amari Daniels,Rusher,0,0,0.0,0,0,0,1,-4.0,0,0,0,0.0,0
400,A,Texas A&M,LSU,E.J. Smith,Rusher,0,0,0.0,0,0,0,2,1.1,0,0,0,0.0,0
400,A,Texas A&M,LSU,Jamarion Morrow,Rusher,0,0,0.0,0,0,0,1,2.6,0,0,0,0.0,0
400,A,Texas A&M,LSU,Miles O'Neill,Rusher,0,0,0.0,0,0,0,1,-4.0,0,0,0,0.0,0
400,A,Texas A&M,LSU,Kevin Concepcion,Receiver,0,0,0.0,0,0,0,0,0.0,0,2,2,13.4,0
400,A,Texas A&M,LSU,Theo Melin Ohrstrom,Receiver,0,0,0.0,0,0,0,0,0.0,0,0,0,0.0,0
400,A,Texas A&M,LSU,Mario Craver,Receiver,0,0,0.0,0,0,0,0,0.0,0,6,7,30.5,0
400,A,Texas A&M,LSU,Terry Bussey,Receiver,0,0,0.0,0,0,0,0,0.0,0,2,2,28.8,0
400,A,Texas A&M,LSU,Other WR,Receiver,0,0,0.0,0,0,0,0,0.0,0,1,3,0.0,0
400,A,Texas A&M,LSU,Ashton Bethel-Roman,Receiver,0,0,0.0,0,0,0,0,0.0,0,3,3,13.5,0
400,A,Texas A&M,LSU,Amari Niblack,Receiver,0,0,0.0,0,0,0,0,0.0,0,1,1,0.6,0
401,B,Texas A&M,LSU,Marcel Reed,QB,19,15,227.5,0,0,5,0,0.0,0,0,0,0.0,0
401,B,Texas A&M,LSU,Amari Daniels,Rusher,0,0,0.0,0,0,0,5,31.9,0,0,0,0.0,0
401,B,Texas A&M,LSU,Rueben Owens,Rusher,0,0,0.0,0,0,0,4,25.1,0,0,0,0.0,0
401,B,Texas A&M,LSU,Marcel Reed,Rusher,0,0,0.0,0,0,0,5,10.3,0,0,0,0.0,0
401,B,Texas A&M,LSU,Le'Veon Moss,Rusher,0,0,0.0,0,0,0,18,77.0,2,0,0,0.0,0
401,B,Texas A&M,LSU,Miles O'Neill,Rusher,0,0,0.0,0,0,0,1,1.6,0,0,0,0.0,0
401,B,Texas A&M,LSU,Ashton Bethel-Roman,Receiver,0,0,0.0,0,0,0,0,0.0,0,1,3,7.6,0
401,B,Texas A&M,LSU,Mario Craver,Receiver,0,0,0.0,0,0,0,0,0.0,0,3,4,43.4,0
401,B,Texas A&M,LSU,Other WR,Receiver,0,0,0.0,0,0,0,0,0.0,0,3,3,64.2,0
401,B,Texas A&M,LSU,Kevin Concepcion,Receiver,0,0,0.0,0,0,0,0,0.0,0,2,2,22.0,0
401,B,Texas A&M,LSU,Theo Melin Ohrstrom,Receiver,0,0,0.0,0,0,0,0,0.0,0,2,3,27.8,0
401,B,Texas A&M,LSU,Nate Boerkircher,Receiver,0,0,0.0,0,0,0,0,0.0,0,1,1,23.2,0
401,B,Texas A&M,LSU,Amari Niblack,Receiver,0,0,0.0,0,0,0,0,0.0,0,2,2,6.5,0
401,B,Texas A&M,LSU,Terry Bussey,Receiver,0,0,0.0,0,0,0,0,0.0,0,1,1,32.8,0
401,B,LSU,Texas A&M,Garrett Nussmeier,QB,24,20,207.3,2,0,2,0,0.0,0,0,0,0.0,0
401,B,LSU,Texas A&M,Kaleb Jackson,Rusher,0,0,0.0,0,0,0,1,-0.9,0,0,0,0.0,0
401,B,LSU,Texas A&M,Other RB,Rusher,0,0,0.0,0,0,0,3,6.0,0,0,0,0.0,0
401,B,LSU,Texas A&M,Ju'Juan Johnson,Rusher,0,0,0.0,0,0,0,6,34.4,1,0,0,0.0,0
401,B,LSU,Texas A&M,Caden Durham,Rusher,0,0,0.0,0,0,0,19,64.1,0,0,0,0.0,0
401,B,LSU,Texas A&M,Harlem Berry,Rusher,0,0,0.0,0,0,0,3,30.1,0,0,0,0.0,0
401,B,LSU,Texas A&M,Aaron Anderson,Receiver,0,0,0.0,0,0,0,0,0.0,0,4,4,51.1,0
401,B,LSU,Texas A&M,Bauer Sharp,Receiver,0,0,0.0,0,0,0,0,0.0,0,6,6,49.5,0
401,B,LSU,Texas A&M,Barion Brown,Receiver,0,0,0.0,0,0,0,0,0.0,0,3,6,23.4,0
401,B,LSU,Texas A&M,Trey'Dez Green,Receiver,0,0,0.0,0,0,0,0,0.0,0,1,1,14.5,0
401,B,LSU,Texas A&M,Kyle Parker,Receiver,0,0,0.0,0,0,0,0,0.0,0,2,3,22.8,1
401,B,LSU,Texas A&M,Zavion Thomas,Receiver,0,0,0.0,0,0,0,0,0.0,0,2,2,14.1,0
401,B,LSU,Texas A&M,Nic Anderson,Receiver,0,0,0.0,0,0,0,0,0.0,0,2,2,31.9,1
402,A,LSU,Texas A&M,Garrett Nussmeier,QB,22,16,159.9,0,0,2,0,0.0,0,0,0,0.0,0
402,A,LSU,Texas A&M,Caden Durham,Rusher,0,0,0.0,0,0,0,22,69.8,1,0,0,0.0,0
402,A,LSU,Texas A&M,Ju'Juan Johnson,Rusher,0,0,0.0,0,0,0,15,68.5,2,0,0,0.0,0
402,A,LSU,Texas A&M,Harlem Berry,Rusher,0,0,0.0,0,0,0,5,11.7,0,0,0,0.0,0
402,A,LSU,Texas A&M,Other RB,Rusher,0,0,0.0,0,0,0,2,8.6,0,0,0,0.0,0
402,A,LSU,Texas A&M,Garrett Nussmeier,Rusher,0,0,0.0,0,0,0,1,7.4,0,0,0,0.0,0
402,A,LSU,Texas A&M,Chris Hilton Jr.,Receiver,0,0,0.0,0,0,0,0,0.0,0,2,2,10.7,0
402,A,LSU,Texas A&M,Other WR,Receiver,0,0,0.0,0,0,0,0,0.0,0,1,2,18.6,0
402,A,LSU,Texas A&M,Barion Brown,Receiver,0,0,0.0,0,0,0,0,0.0,0,3,4,36.7,0
402,A,LSU,Texas A&M,Aaron Anderson,Receiver,0,0,0.0,0,0,0,0,0.0,0,3,3,12.5,0
402,A,LSU,Texas A&M,Trey'Dez Green,Receiver,0,0,0.0,0,0,0,0,0.0,0,3,3,35.1,0
402,A,LSU,Texas A&M,Bauer Sharp,Receiver,0,0,0.0,0,0,0,0,0.0,0,0,1,0.0,0
402,A,LSU,Texas A&M,Zavion Thomas,Receiver,0,0,0.0,0,0,0,0,0.0,0,3,4,30.1,0
402,A,LSU,Texas A&M,Kyle Parker,Receiver,0,0,0.0,0,0,0,0,0.0,0,0,2,0.0,0
402,A,LSU,Texas A&M,Nic Anderson,Receiver,0,0,0.0,0,0,0,0,0.0,0,1,1,16.1,0
402,A,Texas A&M,LSU,Marcel Reed,QB,24,18,187.2,1,0,2,0,0.0,0,0,0,0.0,0
402,A,Texas A&M,LSU,Le'Veon Moss,Rusher,0,0,0.0,0,0,0,8,33.6,0,0,0,0.0,0
402,A,Texas A&M,LSU,Miles O'Neill,Rusher,0,0,0.0,0,0,0,3,9.7,1,0,0,0.0,0
402,A,Texas A&M,LSU,Marcel Reed,Rusher,0,0,0.0,0,0,0,3,5.3,0,0,0,0.0,0
402,A,Texas A&M,LSU,Rueben Owens,Rusher,0,0,0.0,0,0,0,7,13.7,0,0,0,0.0,0
402,A,Texas A&M,LSU,Amari Daniels,Rusher,0,0,0.0,0,0,0,2,-4.0,0,0,0,0.0,0
402,A,Texas A&M,LSU,Jamarion Morrow,Rusher,0,0,0.0,0,0,0,1,3.1,0,0,0,0.0,0
402,A,Texas A&M,LSU,Kevin Concepcion,Receiver,0,0,0.0,0,0,0,0,0.0,0,6,8,52.1,1
402,A,Texas A&M,LSU,Ashton Bethel-Roman,Receiver,0,0,0.0,0,0,0,0,0.0,0,1,1,20.8,0
402,A,Texas A&M,LSU,Mario Craver,Receiver,0,0,0.0,0,0,0,0,0.0,0,3,5,37.2,0
402,A,Texas A&M,LSU,Theo Melin Ohrstrom,Receiver,0,0,0.0,0,0,0,0,0.0,0,2,2,8.6,0
402,A,Texas A&M,LSU,Nate Boerkircher,Receiver,0,0,0.0,0,0,0,0,0.0,0,3,3,29.7,0
402,A,Texas A&M,LSU,Amari Niblack,Receiver,0,0,0.0,0,0,0,0,0.0,0,0,2,0.0,0
402,A,Texas A&M,LSU,Other WR,Receiver,0,0,0.0,0,0,0,0,0.0,0,2,2,34.8,0
402,A,Texas A&M,LSU,Terry Bussey,Receiver,0,0,0.0,0,0,0,0,0.0,0,1,1,3.8,0
403,B,Texas A&M,LSU,Marcel Reed,QB,14,11,181.9,0,0,6,0,0.0,0,0,0,0.0,0
403,B,Texas A&M,LSU,Le'Veon Moss,Rusher,0,0,0.0,0,0,0,13,74.8,0,0,0,0.0,0
403,B,Texas A&M,LSU,Marcel Reed,Rusher,0,0,0.0,0,0,0,11,28.1,1,0,0,0.0,0
403,B,Texas A&M,LSU,Rueben Owens,Rusher,0,0,0.0,0,0,0,7,43.2,0,0,0,0.0,0
403,B,Texas A&M,LSU,Miles O'Neill,Rusher,0,0,0.0,0,0,0,2,14.0,1,0,0,0.0,0
403,B,Texas A&M,LSU,E.J. Smith,Rusher,0,0,0.0,0,0,0,2,7.3,0,0,0,0.0,0
403,B,Texas A&M,LSU,Amari Daniels,Rusher,0,0,0.0,0,0,0,4,20.6,0,0,0,0.0,0
403,B,Texas A&M,LSU,Jamarion Morrow,Rusher,0,0,0.0,0,0,0,2,-2.3,0,0,0,0.0,0
403,B,Texas A&M,LSU,Mario Craver,Receiver,0,0,0.0,0,0,0,0,0.0,0,5,6,95.1,0
403,B,Texas A&M,LSU,Other WR,Receiver,0,0,0.0,0,0,0,0,0.0,0,1,3,25.7,0
403,B,Texas A&M,LSU,Kevin Concepcion,Receiver,0,0,0.0,0,0,0,0,0.0,0,3,3,41.4,0
403,B,Texas A&M,LSU,Terry Bussey,Receiver,0,0,0.0,0,0,0,0,0.0,0,1,1,19.7,0
403,B,Texas A&M,LSU,Ashton Bethel-Roman,Receiver,0,0,0.0,0,0,0,0,0.0,0,1,1,0.0,0
403,B,LSU,Texas A&M,Garrett Nussmeier,QB,29,17,212.9,2,1,3,0,0.0,0,0,0,0.0,0
403,B,LSU,Texas A&M,Caden Durham,Rusher,0,0,0.0,0,0,0,17,69.6,0,0,0,0.0,0
403,B,LSU,Texas A&M,Ju'Juan Johnson,Rusher,0,0,0.0,0,0,0,3,14.7,0,0,0,0.0,0
403,B,LSU,Texas A&M,Other RB,Rusher,0,0,0.0,0,0,0,1,2.3,0,0,0,0.0,0
403,B,LSU,Texas A&M,Harlem Berry,Rusher,0,0,0.0,0,0,0,2,7.0,0,0,0,0.0,0
403,B,LSU,Texas A&M,Garrett Nussmeier,Rusher,0,0,0.0,0,0,0,2,-6.7,0,0,0,0.0,0
403,B,LSU,Texas A&M,Kaleb Jackson,Rusher,0,0,0.0,0,0,0,3,8.3,0,0,0,0.0,0
403,B,LSU,Texas A&M,Chris Hilton Jr.,Receiver,0,0,0.0,0,0,0,0,0.0,0,1,2,11.8,0
403,B,LSU,Texas A&M,Barion Brown,Receiver,0,0,0.0,0,0,0,0,0.0,0,7,10,88.6,1
403,B,LSU,Texas A&M,Aaron Anderson,Receiver,0,0,0.0,0,0,0,0,0.0,0,5,7,57.0,0
403,B,LSU,Texas A&M,Nic Anderson,Receiver,0,0,0.0,0,0,0,0,0.0,0,0,2,0.0,0
403,B,LSU,Texas A&M,Zavion Thomas,Receiver,0,0,0.0,0,0,0,0,0.0,0,2,2,17.3,0
403,B,LSU,Texas A&M,Bauer Sharp,Receiver,0,0,0.0,0,0,0,0,0.0,0,0,3,0.0,0
403,B,LSU,Texas A&M,Other WR,Receiver,0,0,0.0,0,0,0,0,0.0,0,1,1,28.8,1
403,B,LSU,Texas A&M,Kyle Parker,Receiver,0,0,0.0,0,0,0,0,0.0,0,1,1,9.4,0
403,B,LSU,Texas A&M,Trey'Dez Green,Receiver,0,0,0.0,0,0,0,0,0.0,0,0,1,0.0,0
404,A,LSU,Texas A&M,Garrett Nussmeier,QB,27,17,180.5,0,0,0,0,0.0,0,0,0,0.0,0
404,A,LSU,Texas A&M,Ju'Juan Johnson,Rusher,0,0,0.0,0,0,0,4,4.0,0,0,0,0.0,0
404,A,LSU,Texas A&M,Garrett Nussmeier,Rusher,0,0,0.0,0,0,0,3,17.1,0,0,0,0.0,0
404,A,LSU,Texas A&M,Other RB,Rusher,0,0,0.0,0,0,0,5,13.7,0,0,0,0.0,0
404,A,LSU,Texas A&M,Caden Durham,Rusher,0,0,0.0,0,0,0,21,96.7,1,0,0,0.0,0
404,A,LSU,Texas A&M,Kaleb Jackson,Rusher,0,0,0.0,0,0,0,3,5.6,0,0,0,0.0,0
404,A,LSU,Texas A&M,Harlem Berry,Rusher,0,0,0.0,0,0,0,2,2.4,0,0,0,0.0,0
404,A,LSU,Texas A&M,Other WR,Receiver,0,0,0.0,0,0,0,0,0.0,0,3,4,45.2,0
404,A,LSU,Texas A&M,Bauer Sharp,Receiver,0,0,0.0,0,0,0,0,0.0,0,4,7,34.8,0
404,A,LSU,Texas A&M,Aaron Anderson,Receiver,0,0,0.0,0,0,0,0,0.0,0,3,5,29.2,0
404,A,LSU,Texas A&M,Zavion Thomas,Receiver,0,0,0.0,0,0,0,0,0.0,0,1,2,4.0,0
404,A,LSU,Texas A&M,Barion Brown,Receiver,0,0,0.0,0,0,0,0,0.0,0,2,2,25.4,0
404,A,LSU,Texas A&M,Trey'Dez Green,Receiver,0,0,0.0,0,0,0,0,0.0,0,2,3,0.0,0
404,A,LSU,Texas A&M,Nic Anderson,Receiver,0,0,0.0,0,0,0,0,0.0,0,1,2,17.3,0
404,A,LSU,Texas A&M,Chris Hilton Jr.,Receiver,0,0,0.0,0,0,0,0,0.0,0,1,2,24.5,0
404,A,Texas A&M,LSU,Marcel Reed,QB,26,17,163.9,1,0,0,0,0.0,0,0,0,0.0,0
404,A,Texas A&M,LSU,Marcel Reed,Rusher,0,0,0.0,0,0,0,8,41.5,0,0,0,0.0,0
404,A,Texas A&M,LSU,Le'Veon Moss,Rusher,0,0,0.0,0,0,0,11,38.3,0,0,0,0.0,0
404,A,Texas A&M,LSU,E.J. Smith,Rusher,0,0,0.0,0,0,0,1,-0.3,0,0,0,0.0,0
404,A,Texas A&M,LSU,Amari Daniels,Rusher,0,0,0.0,0,0,0,3,4.1,0,0,0,0.0,0
404,A,Texas A&M,LSU,Rueben Owens,Rusher,0,0,0.0,0,0,0,5,2.8,0,0,0,0.0,0
404,A,Texas A&M,LSU,Jamarion Morrow,Rusher,0,0,0.0,0,0,0,1,-0.3,0,0,0,0.0,0
404,A,Texas A&M,LSU,Mario Craver,Receiver,0,0,0.0,0,0,0,0,0.0,0,7,9,48.8,0
404,A,Texas A&M,LSU,Theo Melin Ohrstrom,Receiver,0,0,0.0,0,0,0,0,0.0,0,2,2,24.4,1
404,A,Texas A&M,LSU,Amari Niblack,Receiver,0,0,0.0,0,0,0,0,0.0,0,1,1,0.0,0
404,A,Texas A&M,LSU,Ashton Bethel-Roman,Receiver,0,0,0.0,0,0,0,0,0.0,0,3,5,57.5,0
404,A,Texas A&M,LSU,Kevin Concepcion,Receiver,0,0,0.0,0,0,0,0,0.0,0,2,4,3.3,0
404,A,Texas A&M,LSU,Other WR,Receiver,0,0,0.0,0,0,0,0,0.0,0,1,4,15.8,0
404,A,Texas A&M,LSU,Nate Boerkircher,Receiver,0,0,0.0,0,0,0,0,0.0,0,1,1,14.0,0
405,B,Texas A&M,LSU,Marcel Reed,QB,15,12,107.8,0,0,5,0,0.0,0,0,0,0.0,0
405,B,Texas A&M,LSU,Marcel Reed,Rusher,0,0,0.0,0,0,0,11,38.2,0,0,0,0.0,0
405,B,Texas A&M,LSU,Le'Veon Moss,Rusher,0,0,0.0,0,0,0,11,42.6,1,0,0,0.0,0
405,B,Texas A&M,LSU,Rueben Owens,Rusher,0,0,0.0,0,0,0,2,6.6,0,0,0,0.0,0
405,B,Texas A&M,LSU,Amari Daniels,Rusher,0,0,0.0,0,0,0,11,34.2,0,0,0,0.0,0
405,B,Texas A&M,LSU,Terry Bussey,Receiver,0,0,0.0,0,0,0,0,0.0,0,2,3,3.6,0
405,B,Texas A&M,LSU,Theo Melin Ohrstrom,Receiver,0,0,0.0,0,0,0,0,0.0,0,1,1,14.7,0
405,B,Texas A&M,LSU,Mario Craver,Receiver,0,0,0.0,0,0,0,0,0.0,0,1,2,0.0,0
405,B,Texas A&M,LSU,Kevin Concepcion,Receiver,0,0,0.0,0,0,0,0,0.0,0,3,4,26.0,0
405,B,Texas A&M,LSU,Ashton Bethel-Roman,Receiver,0,0,0.0,0,0,0,0,0.0,0,2,2,31.8,0
405,B,Texas A&M,LSU,Other WR,Receiver,0,0,0.0,0,0,0,0,0.0,0,3,3,31.7,0
405,B,LSU,Texas A&M,Garrett Nussmeier,QB,21,12,92.4,0,0,5,0,0.0,0,0,0,0.0,0
405,B,LSU,Texas A&M,Caden Durham,Rusher,0,0,0.0,0,0,0,16,66.2,0,0,0,0.0,0
405,B,LSU,Texas A&M,Garrett Nussmeier,Rusher,0,0,0.0,0,0,0,2,14.4,0,0,0,0.0,0
405,B,LSU,Texas A&M,Kaleb Jackson,Rusher,0,0,0.0,0,0,0,3,9.2,0,0,0,0.0,0
405,B,LSU,Texas A&M,Other RB,Rusher,0,0,0.0,0,0,0,4,29.5,1,0,0,0.0,0
405,B,LSU,Texas A&M,Ju'Juan Johnson,Rusher,0,0,0.0,0,0,0,3,10.4,0,0,0,0.0,0
405,B,LSU,Texas A&M,Harlem Berry,Rusher,0,0,0.0,0,0,0,3,11.5,0,0,0,0.0,0
405,B,LSU,Texas A&M,Trey'Dez Green,Receiver,0,0,0.0,0,0,0,0,0.0,0,1,1,12.2,0
405,B,LSU,Texas A&M,Nic Anderson,Receiver,0,0,0.0,0,0,0,0,0.0,0,0,1,0.0,0
405,B,LSU,Texas A&M,Bauer Sharp,Receiver,0,0,0.0,0,0,0,0,0.0,0,1,3,7.5,0
405,B,LSU,Texas A&M,Chris Hilton Jr.,Receiver,0,0,0.0,0,0,0,0,0.0,0,1,1,0.0,0
405,B,LSU,Texas A&M,Zavion Thomas,Receiver,0,0,0.0,0,0,0,0,0.0,0,5,5,28.5,0
405,B,LSU,Texas A&M,Kyle Parker,Receiver,0,0,0.0,0,0,0,0,0.0,0,1,3,5.5,0
405,B,LSU,Texas A&M,Aaron Anderson,Receiver,0,0,0.0,0,0,0,0,0.0,0,3,6,38.6,0
405,B,LSU,Texas A&M,Barion Brown,Receiver,0,0,0.0,0,0,0,0,0.0,0,0,1,0.0,0
406,A,LSU,Texas A&M,Garrett Nussmeier,QB,37,20,261.3,0,0,4,0,0.0,0,0,0,0.0,0
406,A,LSU,Texas A&M,Caden Durham,Rusher,0,0,0.0,0,0,0,11,4.4,0,0,0,0.0,0
406,A,LSU,Texas A&M,Ju'Juan Johnson,Rusher,0,0,0.0,0,0,0,1,13.2,1,0,0,0.0,0
406,A,LSU,Texas A&M,Garrett Nussmeier,Rusher,0,0,0.0,0,0,0,1,10.2,0,0,0,0.0,0
406,A,LSU,Texas A&M,Other RB,Rusher,0,0,0.0,0,0,0,1,-3.9,0,0,0,0.0,0
406,A,LSU,Texas A&M,Harlem Berry,Rusher,0,0,0.0,0,0,0,2,-3.4,0,0,0,0.0,0
406,A,LSU,Texas A&M,Barion Brown,Receiver,0,0,0.0,0,0,0,0,0.0,0,5,8,49.3,0
406,A,LSU,Texas A&M,Aaron Anderson,Receiver,0,0,0.0,0,0,0,0,0.0,0,7,13,67.1,0
406,A,LSU,Texas A&M,Other WR,Receiver,0,0,0.0,0,0,0,0,0.0,0,2,3,67.5,0
406,A,LSU,Texas A&M,Bauer Sharp,Receiver,0,0,0.0,0,0,0,0,0.0,0,2,3,27.4,0
406,A,LSU,Texas A&M,Nic Anderson,Receiver,0,0,0.0,0,0,0,0,0.0,0,1,1,30.9,0
406,A,LSU,Texas A&M,Kyle Parker,Receiver,0,0,0.0,0,0,0,0,0.0,0,2,4,0.0,0
406,A,LSU,Texas A&M,Chris Hilton Jr.,Receiver,0,0,0.0,0,0,0,0,0.0,0,1,1,19.0,0
406,A,LSU,Texas A&M,Zavion Thomas,Receiver,0,0,0.0,0,0,0,0,0.0,0,0,3,0.0,0
406,A,LSU,Texas A&M,Trey'Dez Green,Receiver,0,0,0.0,0,0,0,0,0.0,0,0,1,0.0,0
406,A,Texas A&M,LSU,Marcel Reed,QB,26,19,214.9,3,0,7,0,0.0,0,0,0,0.0,0
406,A,Texas A&M,LSU,Rueben Owens,Rusher,0,0,0.0,0,0,0,9,22.6,0,0,0,0.0,0
406,A,Texas A&M,LSU,Le'Veon Moss,Rusher,0,0,0.0,0,0,0,9,44.6,0,0,0,0.0,0
406,A,Texas A&M,LSU,Marcel Reed,Rusher,0,0,0.0,0,0,0,8,32.9,0,0,0,0.0,0
406,A,Texas A&M,LSU,Amari Daniels,Rusher,0,0,0.0,0,0,0,7,40.5,1,0,0,0.0,0
406,A,Texas A&M,LSU,E.J. Smith,Rusher,0,0,0.0,0,0,0,2,5.5,0,0,0,0.0,0
406,A,Texas A&M,LSU,Jamarion Morrow,Rusher,0,0,0.0,0,0,0,1,19.3,1,0,0,0.0,0
406,A,Texas A&M,LSU,Other WR,Receiver,0,0,0.0,0,0,0,0,0.0,0,4,6,86.7,1
406,A,Texas A&M,LSU,Ashton Bethel-Roman,Receiver,0,0,0.0,0,0,0,0,0.0,0,2,3,23.7,0
406,A,Texas A&M,LSU,Terry Bussey,Receiver,0,0,0.0,0,0,0,0,0.0,0,1,1,3.9,0
406,A,Texas A&M,LSU,Mario Craver,Receiver,0,0,0.0,0,0,0,0,0.0,0,4,5,27.2,0
406,A,Texas A&M,LSU,Kevin Concepcion,Receiver,0,0,0.0,0,0,0,0,0.0,0,5,7,51.7,2
406,A,Texas A&M,LSU,Theo Melin Ohrstrom,Receiver,0,0,0.0,0,0,0,0,0.0,0,2,3,18.0,0
406,A,Texas A&M,LSU,Nate Boerkircher,Receiver,0,0,0.0,0,0,0,0,0.0,0,1,1,3.8,0
407,B,Texas A&M,LSU,Marcel Reed,QB,35,23,240.8,2,0,2,0,0.0,0,0,0,0.0,0
407,B,Texas A&M,LSU,Marcel Reed,Rusher,0,0,0.0,0,0,0,4,16.0,0,0,0,0.0,0
407,B,Texas A&M,LSU,Le'Veon Moss,Rusher,0,0,0.0,0,0,0,9,38.7,1,0,0,0.0,0
407,B,Texas A&M,LSU,Rueben Owens,Rusher,0,0,0.0,0,0,0,5,4.5,0,0,0,0.0,0
407,B,Texas A&M,LSU,Amari Daniels,Rusher,0,0,0.0,0,0,0,1,-0.2,0,0,0,0.0,0
407,B,Texas A&M,LSU,Miles O'Neill,Rusher,0,0,0.0,0,0,0,2,10.4,0,0,0,0.0,0
407,B,Texas A&M,LSU,E.J. Smith,Rusher,0,0,0.0,0,0,0,2,2.3,0,0,0,0.0,0
407,B,Texas A&M,LSU,Mario Craver,Receiver,0,0,0.0,0,0,0,0,0.0,0,6,10,50.1,1
407,B,Texas A&M,LSU,Amari Niblack,Receiver,0,0,0.0,0,0,0,0,0.0,0,1,1,12.4,0
407,B,Texas A&M,LSU,Other WR,Receiver,0,0,0.0,0,0,0,0,0.0,0,5,7,73.8,1
407,B,Texas A&M,LSU,Ashton Bethel-Roman,Receiver,0,0,0.0,0,0,0,0,0.0,0,1,2,0.0,0
407,B,Texas A&M,LSU,Theo Melin Ohrstrom,Receiver,0,0,0.0,0,0,0,0,0.0,0,2,3,15.8,0
407,B,Texas A&M,LSU,Kevin Concepcion,Receiver,0,0,0.0,0,0,0,0,0.0,0,5,8,51.0,0
407,B,Texas A&M,LSU,Nate Boerkircher,Receiver,0,0,0.0,0,0,0,0,0.0,0,1,2,21.5,0
407,B,Texas A&M,LSU,Terry Bussey,Receiver,0,0,0.0,0,0,0,0,0.0,0,2,2,16.2,0
407,B,LSU,Texas A&M,Garrett Nussmeier,QB,32,19,239.4,2,0,1,0,0.0,0,0,0,0.0,0
407,B,LSU,Texas A&M,Other RB,Rusher,0,0,0.0,0,0,0,5,14.5,0,0,0,0.0,0
407,B,LSU,Texas A&M,Harlem Berry,Rusher,0,0,0.0,0,0,0,6,23.2,1,0,0,0.0,0
407,B,LSU,Texas A&M,Kaleb Jackson,Rusher,0,0,0.0,0,0,0,4,27.1,0,0,0,0.0,0
407,B,LSU,Texas A&M,Caden Durham,Rusher,0,0,0.0,0,0,0,10,17.6,0,0,0,0.0,0
407,B,LSU,Texas A&M,Ju'Juan Johnson,Rusher,0,0,0.0,0,0,0,5,42.5,1,0,0,0.0,0
407,B,LSU,Texas A&M,Garrett Nussmeier,Rusher,0,0,0.0,0,0,0,3,29.4,1,0,0,0.0,0
407,B,LSU,Texas A&M,Zavion Thomas,Receiver,0,0,0.0,0,0,0,0,0.0,0,2,4,18.5,0
407,B,LSU,Texas A&M,Other WR,Receiver,0,0,0.0,0,0,0,0,0.0,0,1,2,32.8,1
407,B,LSU,Texas A&M,Aaron Anderson,Receiver,0,0,0.0,0,0,0,0,0.0,0,4,7,37.6,0
407,B,LSU,Texas A&M,Kyle Parker,Receiver,0,0,0.0,0,0,0,0,0.0,0,3,3,52.8,0
407,B,LSU,Texas A&M,Barion Brown,Receiver,0,0,0.0,0,0,0,0,0.0,0,3,6,43.1,0
407,B,LSU,Texas A&M,Chris Hilton Jr.,Receiver,0,0,0.0,0,0,0,0,0.0,0,3,4,33.0,1
407,B,LSU,Texas A&M,Trey'Dez Green,Receiver,0,0,0.0,0,0,0,0,0.0,0,1,3,9.5,0
407,B,LSU,Texas A&M,Nic Anderson,Receiver,0,0,0.0,0,0,0,0,0.0,0,1,2,10.4,0
407,B,LSU,Texas A&M,Bauer Sharp,Receiver,0,0,0.0,0,0,0,0,0.0,0,1,1,1.7,0
408,A,LSU,Texas A&M,Garrett Nussmeier,QB,35,18,183.6,1,0,5,0,0.0,0,0,0,0.0,0
408,A,LSU,Texas A&M,Other RB,Rusher,0,0,0.0,0,0,0,2,0.1,0,0,0,0.0,0
408,A,LSU,Texas A&M,Caden Durham,Rusher,0,0,0.0,0,0,0,14,48.9,0,0,0,0.0,0
408,A,LSU,Texas A&M,Kaleb Jackson,Rusher,0,0,0.0,0,0,0,1,2.2,0,0,0,0.0,0
408,A,LSU,Texas A&M,Garrett Nussmeier,Rusher,0,0,0.0,0,0,0,4,24.6,1,0,0,0.0,0
408,A,LSU,Texas A&M,Ju'Juan Johnson,Rusher,0,0,0.0,0,0,0,1,6.0,0,0,0,0.0,0
408,A,LSU,Texas A&M,Harlem Berry,Rusher,0,0,0.0,0,0,0,1,4.0,0,0,0,0.0,0
408,A,LSU,Texas A&M,Barion Brown,Receiver,0,0,0.0,0,0,0,0,0.0,0,9,9,80.9,1
408,A,LSU,Texas A&M,Aaron Anderson,Receiver,0,0,0.0,0,0,0,0,0.0,0,2,11,8.7,0
408,A,LSU,Texas A&M,Zavion Thomas,Receiver,0,0,0.0,0,0,0,0,0.0,0,2,2,20.4,0
408,A,LSU,Texas A&M,Nic Anderson,Receiver,0,0,0.0,0,0,0,0,0.0,0,1,3,10.0,0
408,A,LSU,Texas A&M,Bauer Sharp,Receiver,0,0,0.0,0,0,0,0,0.0,0,1,3,19.9,0
408,A,LSU,Texas A&M,Kyle Parker,Receiver,0,0,0.0,0,0,0,0,0.0,0,0,3,0.0,0
408,A,LSU,Texas A&M,Trey'Dez Green,Receiver,0,0,0.0,0,0,0,0,0.0,0,1,2,7.3,0
408,A,LSU,Texas A&M,Other WR,Receiver,0,0,0.0,0,0,0,0,0.0,0,2,2,36.5,0
408,A,Texas A&M,LSU,Marcel Reed,QB,28,16,205.1,0,0,3,0,0.0,0,0,0,0.0,0
408,A,Texas A&M,LSU,Rueben Owens,Rusher,0,0,0.0,0,0,0,7,31.1,1,0,0,0.0,0
408,A,Texas A&M,LSU,Le'Veon Moss,Rusher,0,0,0.0,0,0,0,17,126.3,3,0,0,0.0,0
408,A,Texas A&M,LSU,Marcel Reed,Rusher,0,0,0.0,0,0,0,9,-3.2,0,0,0,0.0,0
408,A,Texas A&M,LSU,Miles O'Neill,Rusher,0,0,0.0,0,0,0,1,6.2,0,0,0,0.0,0
408,A,Texas A&M,LSU,Jamarion Morrow,Rusher,0,0,0.0,0,0,0,1,8.5,0,0,0,0.0,0
408,A,Texas A&M,LSU,E.J. Smith,Rusher,0,0,0.0,0,0,0,2,2.9,0,0,0,0.0,0
408,A,Texas A&M,LSU,Amari Daniels,Rusher,0,0,0.0,0,0,0,1,3.6,0,0,0,0.0,0
408,A,Texas A&M,LSU,Nate Boerkircher,Receiver,0,0,0.0,0,0,0,0,0.0,0,1,3,3.6,0
408,A,Texas A&M,LSU,Mario Craver,Receiver,0,0,0.0,0,0,0,0,0.0,0,4,5,49.8,0
408,A,Texas A&M,LSU,Terry Bussey,Receiver,0,0,0.0,0,0,0,0,0.0,0,2,3,17.9,0
408,A,Texas A&M,LSU,Amari Niblack,Receiver,0,0,0.0,0,0,0,0,0.0,0,0,1,0.0,0
408,A,Texas A&M,LSU,Other WR,Receiver,0,0,0.0,0,0,0,0,0.0,0,4,7,80.1,0
408,A,Texas A&M,LSU,Ashton Bethel-Roman,Receiver,0,0,0.0,0,0,0,0,0.0,0,1,2,17.1,0
408,A,Texas A&M,LSU,Kevin Concepcion,Receiver,0,0,0.0,0,0,0,0,0.0,0,3,5,28.2,0
408,A,Texas A&M,LSU,Theo Melin Ohrstrom,Receiver,0,0,0.0,0,0,0,0,0.0,0,1,2,8.3,0
409,B,Texas A&M,LSU,Marcel Reed,QB,23,16,163.7,3,0,2,0,0.0,0,0,0,0.0,0
409,B,Texas A&M,LSU,Le'Veon Moss,Rusher,0,0,0.0,0,0,0,19,85.5,1,0,0,0.0,0
409,B,Texas A&M,LSU,Marcel Reed,Rusher,0,0,0.0,0,0,0,15,104.7,0,0,0,0.0,0
409,B,Texas A&M,LSU,Amari Daniels,Rusher,0,0,0.0,0,0,0,5,18.4,1,0,0,0.0,0
409,B,Texas A&M,LSU,Mario Craver,Receiver,0,0,0.0,0,0,0,0,0.0,0,2,3,37.4,0
409,B,Texas A&M,LSU,Nate Boerkircher,Receiver,0,0,0.0,0,0,0,0,0.0,0,2,2,16.1,0
409,B,Texas A&M,LSU,Amari Niblack,Receiver,0,0,0.0,0,0,0,0,0.0,0,1,1,16.2,1
409,B,Texas A&M,LSU,Ashton Bethel-Roman,Receiver,0,0,0.0,0,0,0,0,0.0,0,1,3,0.0,0
409,B,Texas A&M,LSU,Other WR,Receiver,0,0,0.0,0,0,0,0,0.0,0,3,4,36.7,0
409,B,Texas A&M,LSU,Theo Melin Ohrstrom,Receiver,0,0,0.0,0,0,0,0,0.0,0,5,7,40.0,2
409,B,Texas A&M,LSU,Kevin Concepcion,Receiver,0,0,0.0,0,0,0,0,0.0,0,2,2,17.3,0
409,B,Texas A&M,LSU,Terry Bussey,Receiver,0,0,0.0,0,0,0,0,0.0,0,0,1,0.0,0
409,B,LSU,Texas A&M,Garrett Nussmeier,QB,40,19,208.2,1,0,3,0,0.0,0,0,0,0.0,0
409,B,LSU,Texas A&M,Harlem Berry,Rusher,0,0,0.0,0,0,0,6,49.5,1,0,0,0.0,0
409,B,LSU,Texas A&M,Caden Durham,Rusher,0,0,0.0,0,0,0,10,4.7,0,0,0,0.0,0
409,B,LSU,Texas A&M,Garrett Nussmeier,Rusher,0,0,0.0,0,0,0,3,15.9,0,0,0,0.0,0
409,B,LSU,Texas A&M,Other RB,Rusher,0,0,0.0,0,0,0,3,2.1,0,0,0,0.0,0
409,B,LSU,Texas A&M,Ju'Juan Johnson,Rusher,0,0,0.0,0,0,0,2,4.9,0,0,0,0.0,0
409,B,LSU,Texas A&M,Kaleb Jackson,Rusher,0,0,0.0,0,0,0,1,2.2,0,0,0,0.0,0
409,B,LSU,Texas A&M,Aaron Anderson,Receiver,0,0,0.0,0,0,0,0,0.0,0,6,12,66.0,0
409,B,LSU,Texas A&M,Zavion Thomas,Receiver,0,0,0.0,0,0,0,0,0.0,0,2,5,31.4,0
409,B,LSU,Texas A&M,Barion Brown,Receiver,0,0,0.0,0,0,0,0,0.0,0,4,7,33.0,0
409,B,LSU,Texas A&M,Nic Anderson,Receiver,0,0,0.0,0,0,0,0,0.0,0,1,3,4.1,0
409,B,LSU,Texas A&M,Other WR,Receiver,0,0,0.0,0,0,0,0,0.0,0,1,3,19.6,1
409,B,LSU,Texas A&M,Bauer Sharp,Receiver,0,0,0.0,0,0,0,0,0.0,0,1,3,18.0,0
409,B,LSU,Texas A&M,Trey'Dez Green,Receiver,0,0,0.0,0,0,0,0,0.0,0,1,3,15.5,0
409,B,LSU,Texas A&M,Chris Hilton Jr.,Receiver,0,0,0.0,0,0,0,0,0.0,0,1,2,19.1,0
409,B,LSU,Texas A&M,Kyle Parker,Receiver,0,0,0.0,0,0,0,0,0.0,0,2,2,1.6,0
410,A,LSU,Texas A&M,Garrett Nussmeier,QB,33,23,217.5,1,0,2,0,0.0,0,0,0,0.0,0
410,A,LSU,Texas A&M,Caden Durham,Rusher,0,0,0.0,0,0,0,18,66.6,0,0,0,0.0,0
410,A,LSU,Texas A&M,Ju'Juan Johnson,Rusher,0,0,0.0,0,0,0,6,-7.0,0,0,0,0.0,0
410,A,LSU,Texas A&M,Other RB,Rusher,0,0,0.0,0,0,0,4,13.3,0,0,0,0.0,0
410,A,LSU,Texas A&M,Garrett Nussmeier,Rusher,0,0,0.0,0,0,0,1,-0.3,0,0,0,0.0,0
410,A,LSU,Texas A&M,Harlem Berry,Rusher,0,0,0.0,0,0,0,3,23.4,1,0,0,0.0,0
410,A,LSU,Texas A&M,Aaron Anderson,Receiver,0,0,0.0,0,0,0,0,0.0,0,4,7,44.9,0
410,A,LSU,Texas A&M,Bauer Sharp,Receiver,0,0,0.0,0,0,0,0,0.0,0,3,6,40.4,0
410,A,LSU,Texas A&M,Barion Brown,Receiver,0,0,0.0,0,0,0,0,0.0,0,3,6,34.6,0
410,A,LSU,Texas A&M,Zavion Thomas,Receiver,0,0,0.0,0,0,0,0,0.0,0,3,4,19.4,0
410,A,LSU,Texas A&M,Kyle Parker,Receiver,0,0,0.0,0,0,0,0,0.0,0,4,4,36.1,1
410,A,LSU,Texas A&M,Chris Hilton Jr.,Receiver,0,0,0.0,0,0,0,0,0.0,0,1,1,7.2,0
410,A,LSU,Texas A&M,Nic Anderson,Receiver,0,0,0.0,0,0,0,0,0.0,0,2,2,3.3,0
410,A,LSU,Texas A&M,Other WR,Receiver,0,0,0.0,0,0,0,0,0.0,0,1,1,27.4,0
410,A,LSU,Texas A&M,Trey'Dez Green,Receiver,0,0,0.0,0,0,0,0,0.0,0,2,2,4.2,0
410,A,Texas A&M,LSU,Marcel Reed,QB,27,18,196.8,0,0,2,0,0.0,0,0,0,0.0,0
410,A,Texas A&M,LSU,Le'Veon Moss,Rusher,0,0,0.0,0,0,0,5,8.7,0,0,0,0.0,0
410,A,Texas A&M,LSU,Marcel Reed,Rusher,0,0,0.0,0,0,0,10,29.2,2,0,0,0.0,0
410,A,Texas A&M,LSU,Rueben Owens,Rusher,0,0,0.0,0,0,0,5,14.2,0,0,0,0.0,0
410,A,Texas A&M,LSU,Jamarion Morrow,Rusher,0,0,0.0,0,0,0,3,13.3,0,0,0,0.0,0
410,A,Texas A&M,LSU,Amari Daniels,Rusher,0,0,0.0,0,0,0,4,21.5,0,0,0,0.0,0
410,A,Texas A&M,LSU,Other WR,Receiver,0,0,0.0,0,0,0,0,0.0,0,3,7,45.7,0
410,A,Texas A&M,LSU,Amari Niblack,Receiver,0,0,0.0,0,0,0,0,0.0,0,2,3,9.4,0
410,A,Texas A&M,LSU,Terry Bussey,Receiver,0,0,0.0,0,0,0,0,0.0,0,4,5,67.5,0
410,A,Texas A&M,LSU,Kevin Concepcion,Receiver,0,0,0.0,0,0,0,0,0.0,0,2,2,0.0,0
410,A,Texas A&M,LSU,Mario Craver,Receiver,0,0,0.0,0,0,0,0,0.0,0,3,5,42.9,0
410,A,Texas A&M,LSU,Ashton Bethel-Roman,Receiver,0,0,0.0,0,0,0,0,0.0,0,2,3,13.9,0
410,A,Texas A&M,LSU,Theo Melin Ohrstrom,Receiver,0,0,0.0,0,0,0,0,0.0,0,2,2,17.4,0
411,B,Texas A&M,LSU,Marcel Reed,QB,25,21,240.5,2,0,3,0,0.0,0,0,0,0.0,0
411,B,Texas A&M,LSU,Le'Veon Moss,Rusher,0,0,0.0,0,0,0,13,67.9,2,0,0,0.0,0
411,B,Texas A&M,LSU,Rueben Owens,Rusher,0,0,0.0,0,0,0,6,8.6,0,0,0,0.0,0
411,B,Texas A&M,LSU,Miles O'Neill,Rusher,0,0,0.0,0,0,0,1,3.6,0,0,0,0.0,0
411,B,Texas A&M,LSU,Marcel Reed,Rusher,0,0,0.0,0,0,0,3,14.2,0,0,0,0.0,0
411,B,Texas A&M,LSU,Amari Daniels,Rusher,0,0,0.0,0,0,0,4,2.9,0,0,0,0.0,0
411,B,Texas A&M,LSU,E.J. Smith,Rusher,0,0,0.0,0,0,0,3,-4.6,0,0,0,0.0,0
411,B,Texas A&M,LSU,Other RB,Rusher,0,0,0.0,0,0,0,1,3.3,0,0,0,0.0,0
411,B,Texas A&M,LSU,Nate Boerkircher,Receiver,0,0,0.0,0,0,0,0,0.0,0,3,3,15.8,0
411,B,Texas A&M,LSU,Mario Craver,Receiver,0,0,0.0,0,0,0,0,0.0,0,2,3,22.9,0
411,B,Texas A&M,LSU,Kevin Concepcion,Receiver,0,0,0.0,0,0,0,0,0.0,0,6,6,74.3,0
411,B,Texas A&M,LSU,Other WR,Receiver,0,0,0.0,0,0,0,0,0.0,0,5,6,87.4,1
411,B,Texas A&M,LSU,Terry Bussey,Receiver,0,0,0.0,0,0,0,0,0.0,0,4,4,26.1,1
411,B,Texas A&M,LSU,Theo Melin Ohrstrom,Receiver,0,0,0.0,0,0,0,0,0.0,0,0,1,0.0,0
411,B,Texas A&M,LSU,Ashton Bethel-Roman,Receiver,0,0,0.0,0,0,0,0,0.0,0,0,1,0.0,0
411,B,Texas A&M,LSU,Amari Niblack,Receiver,0,0,0.0,0,0,0,0,0.0,0,1,1,14.1,0
411,B,LSU,Texas A&M,Garrett Nussmeier,QB,24,15,131.2,0,0,0,0,0.0,0,0,0,0.0,0
411,B,LSU,Texas A&M,Garrett Nussmeier,Rusher,0,0,0.0,0,0,0,4,14.4,0,0,0,0.0,0
411,B,LSU,Texas A&M,Caden Durham,Rusher,0,0,0.0,0,0,0,15,72.1,1,0,0,0.0,0
411,B,LSU,Texas A&M,Kaleb Jackson,Rusher,0,0,0.0,0,0,0,3,19.5,0,0,0,0.0,0
411,B,LSU,Texas A&M,Ju'Juan Johnson,Rusher,0,0,0.0,0,0,0,6,30.1,1,0,0,0.0,0
411,B,LSU,Texas A&M,Harlem Berry,Rusher,0,0,0.0,0,0,0,4,14.8,0,0,0,0.0,0
411,B,LSU,Texas A&M,Other RB,Rusher,0,0,0.0,0,0,0,3,10.2,0,0,0,0.0,0
411,B,LSU,Texas A&M,Kyle Parker,Receiver,0,0,0.0,0,0,0,0,0.0,0,1,2,17.3,0
411,B,LSU,Texas A&M,Bauer Sharp,Receiver,0,0,0.0,0,0,0,0,0.0,0,2,4,30.7,0
411,B,LSU,Texas A&M,Zavion Thomas,Receiver,0,0,0.0,0,0,0,0,0.0,0,2,3,10.9,0
411,B,LSU,Texas A&M,Trey'Dez Green,Receiver,0,0,0.0,0,0,0,0,0.0,0,1,2,0.0,0
411,B,LSU,Texas A&M,Nic Anderson,Receiver,0,0,0.0,0,0,0,0,0.0,0,2,4,21.1,0
411,B,LSU,Texas A&M,Barion Brown,Receiver,0,0,0.0,0,0,0,0,0.0,0,4,6,26.5,0
411,B,LSU,Texas A&M,Other WR,Receiver,0,0,0.0,0,0,0,0,0.0,0,1,1,13.1,0
411,B,LSU,Texas A&M,Aaron Anderson,Receiver,0,0,0.0,0,0,0,0,0.0,0,2,2,11.6,0
412,A,LSU,Texas A&M,Garrett Nussmeier,QB,31,17,181.0,1,0,1,0,0.0,0,0,0,0.0,0
412,A,LSU,Texas A&M,Ju'Juan Johnson,Rusher,0,0,0.0,0,0,0,5,-1.3,0,0,0,0.0,0
412,A,LSU,Texas A&M,Other RB,Rusher,0,0,0.0,0,0,0,3,9.6,0,0,0,0.0,0
412,A,LSU,Texas A&M,Harlem Berry,Rusher,0,0,0.0,0,0,0,3,12.0,0,0,0,0.0,0
412,A,LSU,Texas A&M,Caden Durham,Rusher,0,0,0.0,0,0,0,8,27.5,0,0,0,0.0,0
412,A,LSU,Texas A&M,Garrett Nussmeier,Rusher,0,0,0.0,0,0,0,2,27.4,1,0,0,0.0,0
412,A,LSU,Texas A&M,Trey'Dez Green,Receiver,0,0,0.0,0,0,0,0,0.0,0,1,2,8.8,0
412,A,LSU,Texas A&M,Barion Brown,Receiver,0,0,0.0,0,0,0,0,0.0,0,0,4,0.0,0
412,A,LSU,Texas A&M,Bauer Sharp,Receiver,0,0,0.0,0,0,0,0,0.0,0,0,3,0.0,0
412,A,LSU,Texas A&M,Other WR,Receiver,0,0,0.0,0,0,0,0,0.0,0,3,4,67.0,0
412,A,LSU,Texas A&M,Nic Anderson,Receiver,0,0,0.0,0,0,0,0,0.0,0,1,1,5.1,0
412,A,LSU,Texas A&M,Zavion Thomas,Receiver,0,0,0.0,0,0,0,0,0.0,0,2,3,22.8,1
412,A,LSU,Texas A&M,Kyle Parker,Receiver,0,0,0.0,0,0,0,0,0.0,0,4,4,17.8,0
412,A,LSU,Texas A&M,Aaron Anderson,Receiver,0,0,0.0,0,0,0,0,0.0,0,5,6,43.6,0
412,A,LSU,Texas A&M,Chris Hilton Jr.,Receiver,0,0,0.0,0,0,0,0,0.0,0,1,4,15.9,0
412,A,Texas A&M,LSU,Marcel Reed,QB,24,17,223.5,2,0,1,0,0.0,0,0,0,0.0,0
412,A,Texas A&M,LSU,Le'Veon Moss,Rusher,0,0,0.0,0,0,0,16,74.7,0,0,0,0.0,0
412,A,Texas A&M,LSU,Amari Daniels,Rusher,0,0,0.0,0,0,0,10,65.3,2,0,0,0.0,0
412,A,Texas A&M,LSU,Marcel Reed,Rusher,0,0,0.0,0,0,0,8,34.1,0,0,0,0.0,0
412,A,Texas A&M,LSU,E.J. Smith,Rusher,0,0,0.0,0,0,0,2,2.7,0,0,0,0.0,0
412,A,Texas A&M,LSU,Miles O'Neill,Rusher,0,0,0.0,0,0,0,1,4.0,0,0,0,0.0,0
412,A,Texas A&M,LSU,Rueben Owens,Rusher,0,0,0.0,0,0,0,3,2.0,0,0,0,0.0,0
412,A,Texas A&M,LSU,Jamarion Morrow,Rusher,0,0,0.0,0,0,0,1,0.2,0,0,0,0.0,0
412,A,Texas A&M,LSU,Other WR,Receiver,0,0,0.0,0,0,0,0,0.0,0,4,5,50.1,1
412,A,Texas A&M,LSU,Kevin Concepcion,Receiver,0,0,0.0,0,0,0,0,0.0,0,6,7,101.0,1
412,A,Texas A&M,LSU,Nate Boerkircher,Receiver,0,0,0.0,0,0,0,0,0.0,0,1,2,0.0,0
412,A,Texas A&M,LSU,Theo Melin Ohrstrom,Receiver,0,0,0.0,0,0,0,0,0.0,0,2,2,16.4,0
412,A,Texas A&M,LSU,Mario Craver,Receiver,0,0,0.0,0,0,0,0,0.0,0,3,5,32.5,0
412,A,Texas A&M,LSU,Ashton Bethel-Roman,Receiver,0,0,0.0,0,0,0,0,0.0,0,0,2,0.0,0
412,A,Texas A&M,LSU,Terry Bussey,Receiver,0,0,0.0,0,0,0,0,0.0,0,1,1,23.5,0
413,B,Texas A&M,LSU,Marcel Reed,QB,30,21,274.2,4,0,2,0,0.0,0,0,0,0.0,0
413,B,Texas A&M,LSU,Rueben Owens,Rusher,0,0,0.0,0,0,0,3,7.5,0,0,0,0.0,0
413,B,Texas A&M,LSU,E.J. Smith,Rusher,0,0,0.0,0,0,0,2,10.6,0,0,0,0.0,0
413,B,Texas A&M,LSU,Le'Veon Moss,Rusher,0,0,0.0,0,0,0,16,72.9,0,0,0,0.0,0
413,B,Texas A&M,LSU,Marcel Reed,Rusher,0,0,0.0,0,0,0,6,41.8,1,0,0,0.0,0
413,B,Texas A&M,LSU,Amari Daniels,Rusher,0,0,0.0,0,0,0,6,21.3,0,0,0,0.0,0
413,B,Texas A&M,LSU,Jamarion Morrow,Rusher,0,0,0.0,0,0,0,1,3.2,0,0,0,0.0,0
413,B,Texas A&M,LSU,Miles O'Neill,Rusher,0,0,0.0,0,0,0,1,6.3,0,0,0,0.0,0
413,B,Texas A&M,LSU,Kevin Concepcion,Receiver,0,0,0.0,0,0,0,0,0.0,0,6,8,76.4,1
413,B,Texas A&M,LSU,Other WR,Receiver,0,0,0.0,0,0,0,0,0.0,0,4,4,80.6,1
413,B,Texas A&M,LSU,Theo Melin Ohrstrom,Receiver,0,0,0.0,0,0,0,0,0.0,0,4,5,33.5,0
413,B,Texas A&M,LSU,Mario Craver,Receiver,0,0,0.0,0,0,0,0,0.0,0,5,10,69.3,2
413,B,Texas A&M,LSU,Terry Bussey,Receiver,0,0,0.0,0,0,0,0,0.0,0,2,3,14.4,0
413,B,LSU,Texas A&M,Garrett Nussmeier,QB,29,18,150.9,1,0,2,0,0.0,0,0,0,0.0,0
413,B,LSU,Texas A&M,Caden Durham,Rusher,0,0,0.0,0,0,0,14,63.4,0,0,0,0.0,0
413,B,LSU,Texas A&M,Harlem Berry,Rusher,0,0,0.0,0,0,0,5,10.1,0,0,0,0.0,0
413,B,LSU,Texas A&M,Garrett Nussmeier,Rusher,0,0,0.0,0,0,0,1,8.9,0,0,0,0.0,0
413,B,LSU,Texas A&M,Ju'Juan Johnson,Rusher,0,0,0.0,0,0,0,3,-0.9,0,0,0,0.0,0
413,B,LSU,Texas A&M,Other RB,Rusher,0,0,0.0,0,0,0,3,14.4,0,0,0,0.0,0
413,B,LSU,Texas A&M,Kyle Parker,Receiver,0,0,0.0,0,0,0,0,0.0,0,1,1,15.4,0
413,B,LSU,Texas A&M,Other WR,Receiver,0,0,0.0,0,0,0,0,0.0,0,2,3,15.7,0
413,B,LSU,Texas A&M,Zavion Thomas,Receiver,0,0,0.0,0,0,0,0,0.0,0,2,4,14.3,0
413,B,LSU,Texas A&M,Barion Brown,Receiver,0,0,0.0,0,0,0,0,0.0,0,2,6,28.4,1
413,B,LSU,Texas A&M,Trey'Dez Green,Receiver,0,0,0.0,0,0,0,0,0.0,0,3,3,37.5,0
413,B,LSU,Texas A&M,Aaron Anderson,Receiver,0,0,0.0,0,0,0,0,0.0,0,3,5,11.4,0
413,B,LSU,Texas A&M,Nic Anderson,Receiver,0,0,0.0,0,0,0,0,0.0,0,3,4,28.1,0
413,B,LSU,Texas A&M,Chris Hilton Jr.,Receiver,0,0,0.0,0,0,0,0,0.0,0,1,1,0.0,0
413,B,LSU,Texas A&M,Bauer Sharp,Receiver,0,0,0.0,0,0,0,0,0.0,0,1,2,0.0,0
414,A,LSU,Texas A&M,Garrett Nussmeier,QB,22,11,118.5,0,0,2,0,0.0,0,0,0,0.0,0
414,A,LSU,Texas A&M,Ju'Juan Johnson,Rusher,0,0,0.0,0,0,0,13,37.2,0,0,0,0.0,0
414,A,LSU,Texas A&M,Caden Durham,Rusher,0,0,0.0,0,0,0,24,135.9,2,0,0,0.0,0
414,A,LSU,Texas A&M,Harlem Berry,Rusher,0,0,0.0,0,0,0,4,23.5,0,0,0,0.0,0
414,A,LSU,Texas A&M,Other RB,Rusher,0,0,0.0,0,0,0,3,14.3,0,0,0,0.0,0
414,A,LSU,Texas A&M,Garrett Nussmeier,Rusher,0,0,0.0,0,0,0,1,10.1,0,0,0,0.0,0
414,A,LSU,Texas A&M,Barion Brown,Receiver,0,0,0.0,0,0,0,0,0.0,0,3,5,41.3,0
414,A,LSU,Texas A&M,Other WR,Receiver,0,0,0.0,0,0,0,0,0.0,0,0,2,0.0,0
414,A,LSU,Texas A&M,Nic Anderson,Receiver,0,0,0.0,0,0,0,0,0.0,0,2,2,19.3,0
414,A,LSU,Texas A&M,Chris Hilton Jr.,Receiver,0,0,0.0,0,0,0,0,0.0,0,2,3,13.9,0
414,A,LSU,Texas A&M,Zavion Thomas,Receiver,0,0,0.0,0,0,0,0,0.0,0,2,5,14.2,0
414,A,LSU,Texas A&M,Trey'Dez Green,Receiver,0,0,0.0,0,0,0,0,0.0,0,1,1,18.1,0
414,A,LSU,Texas A&M,Aaron Anderson,Receiver,0,0,0.0,0,0,0,0,0.0,0,0,2,0.0,0
414,A,LSU,Texas A&M,Bauer Sharp,Receiver,0,0,0.0,0,0,0,0,0.0,0,1,2,11.6,0
414,A,Texas A&M,LSU,Marcel Reed,QB,22,17,126.3,0,0,7,0,0.0,0,0,0,0.0,0
414,A,Texas A&M,LSU,Le'Veon Moss,Rusher,0,0,0.0,0,0,0,5,14.9,0,0,0,0.0,0
414,A,Texas A&M,LSU,Rueben Owens,Rusher,0,0,0.0,0,0,0,3,10.1,0,0,0,0.0,0
414,A,Texas A&M,LSU,Miles O'Neill,Rusher,0,0,0.0,0,0,0,1,0.8,0,0,0,0.0,0
414,A,Texas A&M,LSU,Marcel Reed,Rusher,0,0,0.0,0,0,0,3,4.3,0,0,0,0.0,0
414,A,Texas A&M,LSU,Amari Daniels,Rusher,0,0,0.0,0,0,0,3,9.2,0,0,0,0.0,0
414,A,Texas A&M,LSU,E.J. Smith,Rusher,0,0,0.0,0,0,0,3,4.8,0,0,0,0.0,0
414,A,Texas A&M,LSU,Jamarion Morrow,Rusher,0,0,0.0,0,0,0,1,1.6,0,0,0,0.0,0
414,A,Texas A&M,LSU,Kevin Concepcion,Receiver,0,0,0.0,0,0,0,0,0.0,0,3,3,14.1,0
414,A,Texas A&M,LSU,Theo Melin Ohrstrom,Receiver,0,0,0.0,0,0,0,0,0.0,0,3,3,28.2,0
414,A,Texas A&M,LSU,Mario Craver,Receiver,0,0,0.0,0,0,0,0,0.0,0,0,1,0.0,0
414,A,Texas A&M,LSU,Ashton Bethel-Roman,Receiver,0,0,0.0,0,0,0,0,0.0,0,4,6,22.7,0
414,A,Texas A&M,LSU,Other WR,Receiver,0,0,0.0,0,0,0,0,0.0,0,1,2,8.5,0
414,A,Texas A&M,LSU,Nate Boerkircher,Receiver,0,0,0.0,0,0,0,0,0.0,0,4,4,15.1,0
414,A,Texas A&M,LSU,Terry Bussey,Receiver,0,0,0.0,0,0,0,0,0.0,0,2,2,37.7,0
414,A,Texas A&M,LSU,Amari Niblack,Receiver,0,0,0.0,0,0,0,0,0.0,0,0,1,0.0,0
415,B,Texas A&M,LSU,Marcel Reed,QB,20,13,133.5,0,0,1,0,0.0,0,0,0,0.0,0
415,B,Texas A&M,LSU,Rueben Owens,Rusher,0,0,0.0,0,0,0,9,9.7,0,0,0,0.0,0
415,B,Texas A&M,LSU,Le'Veon Moss,Rusher,0,0,0.0,0,0,0,14,42.4,0,0,0,0.0,0
415,B,Texas A&M,LSU,Amari Daniels,Rusher,0,0,0.0,0,0,0,4,32.2,0,0,0,0.0,0
415,B,Texas A&M,LSU,Marcel Reed,Rusher,0,0,0.0,0,0,0,12,60.4,1,0,0,0.0,0
415,B,Texas A&M,LSU,E.J. Smith,Rusher,0,0,0.0,0,0,0,2,5.0,0,0,0,0.0,0
415,B,Texas A&M,LSU,Miles O'Neill,Rusher,0,0,0.0,0,0,0,1,10.1,0,0,0,0.0,0
415,B,Texas A&M,LSU,Ashton Bethel-Roman,Receiver,0,0,0.0,0,0,0,0,0.0,0,2,2,15.8,0
415,B,Texas A&M,LSU,Kevin Concepcion,Receiver,0,0,0.0,0,0,0,0,0.0,0,2,5,26.9,0
415,B,Texas A&M,LSU,Mario Craver,Receiver,0,0,0.0,0,0,0,0,0.0,0,4,6,31.4,0
415,B,Texas A&M,LSU,Other WR,Receiver,0,0,0.0,0,0,0,0,0.0,0,0,2,0.0,0
415,B,Texas A&M,LSU,Nate Boerkircher,Receiver,0,0,0.0,0,0,0,0,0.0,0,3,3,35.7,0
415,B,Texas A&M,LSU,Amari Niblack,Receiver,0,0,0.0,0,0,0,0,0.0,0,1,1,20.7,0
415,B,Texas A&M,LSU,Theo Melin Ohrstrom,Receiver,0,0,0.0,0,0,0,0,0.0,0,1,1,3.0,0
415,B,LSU,Texas A&M,Garrett Nussmeier,QB,26,12,95.6,1,0,3,0,0.0,0,0,0,0.0,0
415,B,LSU,Texas A&M,Caden Durham,Rusher,0,0,0.0,0,0,0,9,43.0,0,0,0,0.0,0
415,B,LSU,Texas A&M,Harlem Berry,Rusher,0,0,0.0,0,0,0,5,19.6,0,0,0,0.0,0
415,B,LSU,Texas A&M,Ju'Juan Johnson,Rusher,0,0,0.0,0,0,0,5,21.0,0,0,0,0.0,0
415,B,LSU,Texas A&M,Other RB,Rusher,0,0,0.0,0,0,0,2,0.6,0,0,0,0.0,0
415,B,LSU,Texas A&M,Kaleb Jackson,Rusher,0,0,0.0,0,0,0,1,6.4,0,0,0,0.0,0
415,B,LSU,Texas A&M,Aaron Anderson,Receiver,0,0,0.0,0,0,0,0,0.0,0,4,8,37.9,1
415,B,LSU,Texas A&M,Kyle Parker,Receiver,0,0,0.0,0,0,0,0,0.0,0,1,2,2.4,0
415,B,LSU,Texas A&M,Chris Hilton Jr.,Receiver,0,0,0.0,0,0,0,0,0.0,0,1,2,1.2,0
415,B,LSU,Texas A&M,Zavion Thomas,Receiver,0,0,0.0,0,0,0,0,0.0,0,3,5,34.8,0
415,B,LSU,Texas A&M,Trey'Dez Green,Receiver,0,0,0.0,0,0,0,0,0.0,0,1,2,6.9,0
415,B,LSU,Texas A&M,Bauer Sharp,Receiver,0,0,0.0,0,0,0,0,0.0,0,2,2,12.4,0
415,B,LSU,Texas A&M,Barion Brown,Receiver,0,0,0.0,0,0,0,0,0.0,0,0,2,0.0,0
415,B,LSU,Texas A&M,Other WR,Receiver,0,0,0.0,0,0,0,0,0.0,0,0,2,0.0,0
415,B,LSU,Texas A&M,Nic Anderson,Receiver,0,0,0.0,0,0,0,0,0.0,0,0,1,0.0,0
432,A,LSU,Texas A&M,Garrett Nussmeier,QB,23,16,179.5,1,0,1,0,0.0,0,0,0,0.0,0
432,A,LSU,Texas A&M,Caden Durham,Rusher,0,0,0.0,0,0,0,16,123.4,2,0,0,0.0,0
432,A,LSU,Texas A&M,Other RB,Rusher,0,0,0.0,0,0,0,7,39.6,0,0,0,0.0,0
432,A,LSU,Texas A&M,Harlem Berry,Rusher,0,0,0.0,0,0,0,6,26.5,1,0,0,0.0,0
432,A,LSU,Texas A&M,Garrett Nussmeier,Rusher,0,0,0.0,0,0,0,4,6.9,0,0,0,0.0,0
432,A,LSU,Texas A&M,Ju'Juan Johnson,Rusher,0,0,0.0,0,0,0,7,18.9,0,0,0,0.0,0
432,A,LSU,Texas A&M,Kaleb Jackson,Rusher,0,0,0.0,0,0,0,4,-7.9,0,0,0,0.0,0
432,A,LSU,Texas A&M,Barion Brown,Receiver,0,0,0.0,0,0,0,0,0.0,0,2,3,10.1,0
432,A,LSU,Texas A&M,Kyle Parker,Receiver,0,0,0.0,0,0,0,0,0.0,0,1,3,7.4,0
432,A,LSU,Texas A&M,Other WR,Receiver,0,0,0.0,0,0,0,0,0.0,0,0,0,0.0,0
432,A,LSU,Texas A&M,Zavion Thomas,Receiver,0,0,0.0,0,0,0,0,0.0,0,3,4,27.6,0
432,A,LSU,Texas A&M,Aaron Anderson,Receiver,0,0,0.0,0,0,0,0,0.0,0,5,7,62.1,1
432,A,LSU,Texas A&M,Nic Anderson,Receiver,0,0,0.0,0,0,0,0,0.0,0,2,2,17.8,0
432,A,LSU,Texas A&M,Trey'Dez Green,Receiver,0,0,0.0,0,0,0,0,0.0,0,1,2,24.3,0
432,A,LSU,Texas A&M,Chris Hilton Jr.,Receiver,0,0,0.0,0,0,0,0,0.0,0,2,2,30.2,0
432,A,Texas A&M,LSU,Marcel Reed,QB,23,15,158.3,2,0,2,0,0.0,0,0,0,0.0,0
432,A,Texas A&M,LSU,E.J. Smith,Rusher,0,0,0.0,0,0,0,1,-0.4,0,0,0,0.0,0
432,A,Texas A&M,LSU,Rueben Owens,Rusher,0,0,0.0,0,0,0,5,21.7,0,0,0,0.0,0
432,A,Texas A&M,LSU,Marcel Reed,Rusher,0,0,0.0,0,0,0,6,22.3,0,0,0,0.0,0
432,A,Texas A&M,LSU,Le'Veon Moss,Rusher,0,0,0.0,0,0,0,7,13.2,0,0,0,0.0,0
432,A,Texas A&M,LSU,Amari Daniels,Rusher,0,0,0.0,0,0,0,4,2.3,0,0,0,0.0,0
432,A,Texas A&M,LSU,Jamarion Morrow,Rusher,0,0,0.0,0,0,0,2,3.0,0,0,0,0.0,0
432,A,Texas A&M,LSU,Amari Niblack,Receiver,0,0,0.0,0,0,0,0,0.0,0,3,3,40.4,0
432,A,Texas A&M,LSU,Mario Craver,Receiver,0,0,0.0,0,0,0,0,0.0,0,3,6,18.0,0
432,A,Texas A&M,LSU,Other WR,Receiver,0,0,0.0,0,0,0,0,0.0,0,4,6,41.1,0
432,A,Texas A&M,LSU,Kevin Concepcion,Receiver,0,0,0.0,0,0,0,0,0.0,0,3,4,51.4,2
432,A,Texas A&M,LSU,Terry Bussey,Receiver,0,0,0.0,0,0,0,0,0.0,0,2,2,7.4,0
432,A,Texas A&M,LSU,Theo Melin Ohrstrom,Receiver,0,0,0.0,0,0,0,0,0.0,0,0,1,0.0,0
432,A,Texas A&M,LSU,Ashton Bethel-Roman,Receiver,0,0,0.0,0,0,0,0,0.0,0,0,1,0.0,0
433,B,Texas A&M,LSU,Marcel Reed,QB,31,23,180.5,1,0,4,0,0.0,0,0,0,0.0,0
433,B,Texas A&M,LSU,Amari Daniels,Rusher,0,0,0.0,0,0,0,6,29.4,0,0,0,0.0,0
433,B,Texas A&M,LSU,Le'Veon Moss,Rusher,0,0,0.0,0,0,0,9,32.8,0,0,0,0.0,0
433,B,Texas A&M,LSU,Miles O'Neill,Rusher,0,0,0.0,0,0,0,2,4.5,0,0,0,0.0,0
433,B,Texas A&M,LSU,Marcel Reed,Rusher,0,0,0.0,0,0,0,2,8.3,0,0,0,0.0,0
433,B,Texas A&M,LSU,E.J. Smith,Rusher,0,0,0.0,0,0,0,1,8.6,0,0,0,0.0,0
433,B,Texas A&M,LSU,Nate Boerkircher,Receiver,0,0,0.0,0,0,0,0,0.0,0,1,1,0.0,0
433,B,Texas A&M,LSU,Ashton Bethel-Roman,Receiver,0,0,0.0,0,0,0,0,0.0,0,5,5,39.0,0
433,B,Texas A&M,LSU,Terry Bussey,Receiver,0,0,0.0,0,0,0,0,0.0,0,0,4,0.0,0
433,B,Texas A&M,LSU,Mario Craver,Receiver,0,0,0.0,0,0,0,0,0.0,0,5,6,23.6,0
433,B,Texas A&M,LSU,Kevin Concepcion,Receiver,0,0,0.0,0,0,0,0,0.0,0,7,8,25.8,1
433,B,Texas A&M,LSU,Amari Niblack,Receiver,0,0,0.0,0,0,0,0,0.0,0,1,1,9.7,0
433,B,Texas A&M,LSU,Other WR,Receiver,0,0,0.0,0,0,0,0,0.0,0,1,3,23.3,0
433,B,Texas A&M,LSU,Theo Melin Ohrstrom,Receiver,0,0,0.0,0,0,0,0,0.0,0,3,3,59.1,0
433,B,LSU,Texas A&M,Garrett Nussmeier,QB,20,8,64.7,0,0,1,0,0.0,0,0,0,0.0,0
433,B,LSU,Texas A&M,Ju'Juan Johnson,Rusher,0,0,0.0,0,0,0,12,34.1,0,0,0,0.0,0
433,B,LSU,Texas A&M,Caden Durham,Rusher,0,0,0.0,0,0,0,18,64.3,1,0,0,0.0,0
433,B,LSU,Texas A&M,Garrett Nussmeier,Rusher,0,0,0.0,0,0,0,4,19.8,0,0,0,0.0,0
433,B,LSU,Texas A&M,Kaleb Jackson,Rusher,0,0,0.0,0,0,0,2,8.5,0,0,0,0.0,0
433,B,LSU,Texas A&M,Harlem Berry,Rusher,0,0,0.0,0,0,0,3,3.7,0,0,0,0.0,0
433,B,LSU,Texas A&M,Other RB,Rusher,0,0,0.0,0,0,0,6,36.4,0,0,0,0.0,0
433,B,LSU,Texas A&M,Trey'Dez Green,Receiver,0,0,0.0,0,0,0,0,0.0,0,1,2,0.0,0
433,B,LSU,Texas A&M,Barion Brown,Receiver,0,0,0.0,0,0,0,0,0.0,0,2,4,7.7,0
433,B,LSU,Texas A&M,Aaron Anderson,Receiver,0,0,0.0,0,0,0,0,0.0,0,2,4,17.0,0
433,B,LSU,Texas A&M,Bauer Sharp,Receiver,0,0,0.0,0,0,0,0,0.0,0,2,5,24.9,0
433,B,LSU,Texas A&M,Nic Anderson,Receiver,0,0,0.0,0,0,0,0,0.0,0,1,1,15.1,0
433,B,LSU,Texas A&M,Zavion Thomas,Receiver,0,0,0.0,0,0,0,0,0.0,0,0,2,0.0,0
433,B,LSU,Texas A&M,Other WR,Receiver,0,0,0.0,0,0,0,0,0.0,0,0,1,0.0,0
433,B,LSU,Texas A&M,Kyle Parker,Receiver,0,0,0.0,0,0,0,0,0.0,0,0,1,0.0,0
434,A,LSU,Texas A&M,Garrett Nussmeier,QB,27,20,162.3,0,1,1,0,0.0,0,0,0,0.0,0
434,A,LSU,Texas A&M,Caden Durham,Rusher,0,0,0.0,0,0,0,13,38.0,0,0,0,0.0,0
434,A,LSU,Texas A&M,Harlem Berry,Rusher,0,0,0.0,0,0,0,7,55.8,1,0,0,0.0,0
434,A,LSU,Texas A&M,Other RB,Rusher,0,0,0.0,0,0,0,5,29.0,0,0,0,0.0,0
434,A,LSU,Texas A&M,Ju'Juan Johnson,Rusher,0,0,0.0,0,0,0,6,43.2,1,0,0,0.0,0
434,A,LSU,Texas A&M,Garrett Nussmeier,Rusher,0,0,0.0,0,0,0,1,1.9,0,0,0,0.0,0
434,A,LSU,Texas A&M,Kaleb Jackson,Rusher,0,0,0.0,0,0,0,4,10.1,0,0,0,0.0,0
434,A,LSU,Texas A&M,Trey'Dez Green,Receiver,0,0,0.0,0,0,0,0,0.0,0,2,3,30.1,0
434,A,LSU,Texas A&M,Zavion Thomas,Receiver,0,0,0.0,0,0,0,0,0.0,0,4,5,32.2,0
434,A,LSU,Texas A&M,Barion Brown,Receiver,0,0,0.0,0,0,0,0,0.0,0,3,4,23.2,0
434,A,LSU,Texas A&M,Aaron Anderson,Receiver,0,0,0.0,0,0,0,0,0.0,0,5,5,11.2,0
434,A,LSU,Texas A&M,Bauer Sharp,Receiver,0,0,0.0,0,0,0,0,0.0,0,1,2,0.0,0
434,A,LSU,Texas A&M,Chris Hilton Jr.,Receiver,0,0,0.0,0,0,0,0,0.0,0,1,1,17.5,0
434,A,LSU,Texas A&M,Kyle Parker,Receiver,0,0,0.0,0,0,0,0,0.0,0,2,4,21.5,0
434,A,LSU,Texas A&M,Nic Anderson,Receiver,0,0,0.0,0,0,0,0,0.0,0,1,1,14.3,0
434,A,LSU,Texas A&M,Other WR,Receiver,0,0,0.0,0,0,0,0,0.0,0,1,2,12.2,0
434,A,Texas A&M,LSU,Marcel Reed,QB,15,12,184.6,1,0,3,0,0.0,0,0,0,0.0,0
434,A,Texas A&M,LSU,Le'Veon Moss,Rusher,0,0,0.0,0,0,0,12,51.5,2,0,0,0.0,0
434,A,Texas A&M,LSU,Marcel Reed,Rusher,0,0,0.0,0,0,0,9,48.7,0,0,0,0.0,0
434,A,Texas A&M,LSU,Amari Daniels,Rusher,0,0,0.0,0,0,0,5,13.5,0,0,0,0.0,0
434,A,Texas A&M,LSU,Rueben Owens,Rusher,0,0,0.0,0,0,0,6,53.7,1,0,0,0.0,0
434,A,Texas A&M,LSU,E.J. Smith,Rusher,0,0,0.0,0,0,0,1,6.6,0,0,0,0.0,0
434,A,Texas A&M,LSU,Other WR,Receiver,0,0,0.0,0,0,0,0,0.0,0,2,2,52.7,0
434,A,Texas A&M,LSU,Mario Craver,Receiver,0,0,0.0,0,0,0,0,0.0,0,0,1,0.0,0
434,A,Texas A&M,LSU,Kevin Concepcion,Receiver,0,0,0.0,0,0,0,0,0.0,0,4,5,50.1,1
434,A,Texas A&M,LSU,Ashton Bethel-Roman,Receiver,0,0,0.0,0,0,0,0,0.0,0,1,1,15.4,0
434,A,Texas A&M,LSU,Nate Boerkircher,Receiver,0,0,0.0,0,0,0,0,0.0,0,3,4,29.9,0
434,A,Texas A&M,LSU,Theo Melin Ohrstrom,Receiver,0,0,0.0,0,0,0,0,0.0,0,0,0,0.0,0
434,A,Texas A&M,LSU,Terry Bussey,Receiver,0,0,0.0,0,0,0,0,0.0,0,1,1,22.8,0
434,A,Texas A&M,LSU,Amari Niblack,Receiver,0,0,0.0,0,0,0,0,0.0,0,1,1,13.8,0
435,B,Texas A&M,LSU,Marcel Reed,QB,23,17,147.7,0,0,5,0,0.0,0,0,0,0.0,0
435,B,Texas A&M,LSU,Rueben Owens,Rusher,0,0,0.0,0,0,0,3,3.6,0,0,0,0.0,0
435,B,Texas A&M,LSU,Le'Veon Moss,Rusher,0,0,0.0,0,0,0,15,11.8,0,0,0,0.0,0
435,B,Texas A&M,LSU,E.J. Smith,Rusher,0,0,0.0,0,0,0,3,7.8,0,0,0,0.0,0
435,B,Texas A&M,LSU,Marcel Reed,Rusher,0,0,0.0,0,0,0,10,24.0,0,0,0,0.0,0
435,B,Texas A&M,LSU,Jamarion Morrow,Rusher,0,0,0.0,0,0,0,1,6.6,0,0,0,0.0,0
435,B,Texas A&M,LSU,Amari Daniels,Rusher,0,0,0.0,0,0,0,2,17.8,1,0,0,0.0,0
435,B,Texas A&M,LSU,Kevin Concepcion,Receiver,0,0,0.0,0,0,0,0,0.0,0,5,5,41.4,0
435,B,Texas A&M,LSU,Other WR,Receiver,0,0,0.0,0,0,0,0,0.0,0,4,5,18.7,0
435,B,Texas A&M,LSU,Mario Craver,Receiver,0,0,0.0,0,0,0,0,0.0,0,3,6,28.9,0
435,B,Texas A&M,LSU,Amari Niblack,Receiver,0,0,0.0,0,0,0,0,0.0,0,2,2,32.1,0
435,B,Texas A&M,LSU,Theo Melin Ohrstrom,Receiver,0,0,0.0,0,0,0,0,0.0,0,2,2,18.2,0
435,B,Texas A&M,LSU,Nate Boerkircher,Receiver,0,0,0.0,0,0,0,0,0.0,0,1,1,8.4,0
435,B,Texas A&M,LSU,Terry Bussey,Receiver,0,0,0.0,0,0,0,0,0.0,0,0,1,0.0,0
435,B,Texas A&M,LSU,Ashton Bethel-Roman,Receiver,0,0,0.0,0,0,0,0,0.0,0,0,1,0.0,0
435,B,LSU,Texas A&M,Garrett Nussmeier,QB,24,14,157.5,0,0,0,0,0.0,0,0,0,0.0,0
435,B,LSU,Texas A&M,Harlem Berry,Rusher,0,0,0.0,0,0,0,5,28.1,0,0,0,0.0,0
435,B,LSU,Texas A&M,Ju'Juan Johnson,Rusher,0,0,0.0,0,0,0,7,17.9,0,0,0,0.0,0
435,B,LSU,Texas A&M,Other RB,Rusher,0,0,0.0,0,0,0,6,34.3,0,0,0,0.0,0
435,B,LSU,Texas A&M,Caden Durham,Rusher,0,0,0.0,0,0,0,11,9.8,1,0,0,0.0,0
435,B,LSU,Texas A&M,Kaleb Jackson,Rusher,0,0,0.0,0,0,0,1,8.4,0,0,0,0.0,0
435,B,LSU,Texas A&M,Garrett Nussmeier,Rusher,0,0,0.0,0,0,0,1,-2.2,0,0,0,0.0,0
435,B,LSU,Texas A&M,Aaron Anderson,Receiver,0,0,0.0,0,0,0,0,0.0,0,3,3,28.0,0
435,B,LSU,Texas A&M,Nic Anderson,Receiver,0,0,0.0,0,0,0,0,0.0,0,2,4,36.4,0
435,B,LSU,Texas A&M,Kyle Parker,Receiver,0,0,0.0,0,0,0,0,0.0,0,2,3,7.8,0
435,B,LSU,Texas A&M,Zavion Thomas,Receiver,0,0,0.0,0,0,0,0,0.0,0,3,4,23.2,0
435,B,LSU,Texas A&M,Barion Brown,Receiver,0,0,0.0,0,0,0,0,0.0,0,4,6,62.1,0
435,B,LSU,Texas A&M,Trey'Dez Green,Receiver,0,0,0.0,0,0,0,0,0.0,0,0,3,0.0,0
435,B,LSU,Texas A&M,Other WR,Receiver,0,0,0.0,0,0,0,0,0.0,0,0,1,0.0,0
436,A,LSU,Texas A&M,Garrett Nussmeier,QB,26,13,118.5,1,0,3,0,0.0,0,0,0,0.0,0
436,A,LSU,Texas A&M,Ju'Juan Johnson,Rusher,0,0,0.0,0,0,0,5,11.6,0,0,0,0.0,0
436,A,LSU,Texas A&M,Caden Durham,Rusher,0,0,0.0,0,0,0,15,50.8,0,0,0,0.0,0
436,A,LSU,Texas A&M,Harlem Berry,Rusher,0,0,0.0,0,0,0,5,7.1,0,0,0,0.0,0
436,A,LSU,Texas A&M,Trey'Dez Green,Receiver,0,0,0.0,0,0,0,0,0.0,0,2,2,15.8,0
436,A,LSU,Texas A&M,Barion Brown,Receiver,0,0,0.0,0,0,0,0,0.0,0,2,6,8.3,0
436,A,LSU,Texas A&M,Nic Anderson,Receiver,0,0,0.0,0,0,0,0,0.0,0,2,3,34.5,0
436,A,LSU,Texas A&M,Zavion Thomas,Receiver,0,0,0.0,0,0,0,0,0.0,0,1,4,2.5,0
436,A,LSU,Texas A&M,Other WR,Receiver,0,0,0.0,0,0,0,0,0.0,0,0,3,0.0,0
436,A,LSU,Texas A&M,Aaron Anderson,Receiver,0,0,0.0,0,0,0,0,0.0,0,4,4,34.3,0
436,A,LSU,Texas A&M,Kyle Parker,Receiver,0,0,0.0,0,0,0,0,0.0,0,2,3,23.0,1
436,A,LSU,Texas A&M,Bauer Sharp,Receiver,0,0,0.0,0,0,0,0,0.0,0,0,1,0.0,0
436,A,LSU,Texas A&M,Chris Hilton Jr.,Receiver,0,0,0.0,0,0,0,0,0.0,0,0,0,0.0,0
436,A,Texas A&M,LSU,Marcel Reed,QB,20,13,214.0,0,0,8,0,0.0,0,0,0,0.0,0
436,A,Texas A&M,LSU,Jamarion Morrow,Rusher,0,0,0.0,0,0,0,1,7.8,0,0,0,0.0,0
436,A,Texas A&M,LSU,Marcel Reed,Rusher,0,0,0.0,0,0,0,7,9.9,0,0,0,0.0,0
436,A,Texas A&M,LSU,Le'Veon Moss,Rusher,0,0,0.0,0,0,0,15,66.2,2,0,0,0.0,0
436,A,Texas A&M,LSU,E.J. Smith,Rusher,0,0,0.0,0,0,0,3,8.0,0,0,0,0.0,0
436,A,Texas A&M,LSU,Amari Daniels,Rusher,0,0,0.0,0,0,0,5,35.7,0,0,0,0.0,0
436,A,Texas A&M,LSU,Rueben Owens,Rusher,0,0,0.0,0,0,0,6,34.2,0,0,0,0.0,0
436,A,Texas A&M,LSU,Kevin Concepcion,Receiver,0,0,0.0,0,0,0,0,0.0,0,5,6,87.2,0
436,A,Texas A&M,LSU,Other WR,Receiver,0,0,0.0,0,0,0,0,0.0,0,6,9,96.3,0
436,A,Texas A&M,LSU,Terry Bussey,Receiver,0,0,0.0,0,0,0,0,0.0,0,0,1,0.0,0
436,A,Texas A&M,LSU,Theo Melin Ohrstrom,Receiver,0,0,0.0,0,0,0,0,0.0,0,0,1,0.0,0
436,A,Texas A&M,LSU,Mario Craver,Receiver,0,0,0.0,0,0,0,0,0.0,0,1,2,18.5,0
436,A,Texas A&M,LSU,Ashton Bethel-Roman,Receiver,0,0,0.0,0,0,0,0,0.0,0,1,1,11.9,0
437,B,Texas A&M,LSU,Marcel Reed,QB,23,16,224.3,3,0,3,0,0.0,0,0,0,0.0,0
437,B,Texas A&M,LSU,Le'Veon Moss,Rusher,0,0,0.0,0,0,0,8,64.9,1,0,0,0.0,0
437,B,Texas A&M,LSU,Jamarion Morrow,Rusher,0,0,0.0,0,0,0,3,24.0,0,0,0,0.0,0
437,B,Texas A&M,LSU,Rueben Owens,Rusher,0,0,0.0,0,0,0,6,29.4,0,0,0,0.0,0
437,B,Texas A&M,LSU,Amari Daniels,Rusher,0,0,0.0,0,0,0,7,36.0,0,0,0,0.0,0
437,B,Texas A&M,LSU,E.J. Smith,Rusher,0,0,0.0,0,0,0,5,26.6,0,0,0,0.0,0
437,B,Texas A&M,LSU,Marcel Reed,Rusher,0,0,0.0,0,0,0,3,15.3,0,0,0,0.0,0
437,B,Texas A&M,LSU,Miles O'Neill,Rusher,0,0,0.0,0,0,0,1,11.8,0,0,0,0.0,0
437,B,Texas A&M,LSU,Terry Bussey,Receiver,0,0,0.0,0,0,0,0,0.0,0,3,4,22.3,1
437,B,Texas A&M,LSU,Nate Boerkircher,Receiver,0,0,0.0,0,0,0,0,0.0,0,0,0,0.0,0
437,B,Texas A&M,LSU,Other WR,Receiver,0,0,0.0,0,0,0,0,0.0,0,6,8,99.4,0
437,B,Texas A&M,LSU,Mario Craver,Receiver,0,0,0.0,0,0,0,0,0.0,0,2,3,9.5,1
437,B,Texas A&M,LSU,Ashton Bethel-Roman,Receiver,0,0,0.0,0,0,0,0,0.0,0,1,2,13.2,0
437,B,Texas A&M,LSU,Kevin Concepcion,Receiver,0,0,0.0,0,0,0,0,0.0,0,1,2,40.3,0
437,B,Texas A&M,LSU,Theo Melin Ohrstrom,Receiver,0,0,0.0,0,0,0,0,0.0,0,3,3,39.6,1
437,B,Texas A&M,LSU,Amari Niblack,Receiver,0,0,0.0,0,0,0,0,0.0,0,0,1,0.0,0
437,B,LSU,Texas A&M,Garrett Nussmeier,QB,34,22,221.0,2,0,2,0,0.0,0,0,0,0.0,0
437,B,LSU,Texas A&M,Ju'Juan Johnson,Rusher,0,0,0.0,0,0,0,6,10.3,0,0,0,0.0,0
437,B,LSU,Texas A&M,Caden Durham,Rusher,0,0,0.0,0,0,0,18,26.2,0,0,0,0.0,0
437,B,LSU,Texas A&M,Harlem Berry,Rusher,0,0,0.0,0,0,0,1,4.4,0,0,0,0.0,0
437,B,LSU,Texas A&M,Kaleb Jackson,Rusher,0,0,0.0,0,0,0,2,9.5,0,0,0,0.0,0
437,B,LSU,Texas A&M,Other RB,Rusher,0,0,0.0,0,0,0,3,19.1,0,0,0,0.0,0
437,B,LSU,Texas A&M,Barion Brown,Receiver,0,0,0.0,0,0,0,0,0.0,0,5,6,71.6,0
437,B,LSU,Texas A&M,Zavion Thomas,Receiver,0,0,0.0,0,0,0,0,0.0,0,1,2,1.4,0
437,B,LSU,Texas A&M,Chris Hilton Jr.,Receiver,0,0,0.0,0,0,0,0,0.0,0,3,3,34.3,0
437,B,LSU,Texas A&M,Bauer Sharp,Receiver,0,0,0.0,0,0,0,0,0.0,0,1,2,9.3,0
437,B,LSU,Texas A&M,Aaron Anderson,Receiver,0,0,0.0,0,0,0,0,0.0,0,4,6,37.8,0
437,B,LSU,Texas A&M,Kyle Parker,Receiver,0,0,0.0,0,0,0,0,0.0,0,3,4,25.4,1
437,B,LSU,Texas A&M,Trey'Dez Green,Receiver,0,0,0.0,0,0,0,0,0.0,0,3,5,18.4,0
437,B,LSU,Texas A&M,Other WR,Receiver,0,0,0.0,0,0,0,0,0.0,0,2,5,22.7,1
437,B,LSU,Texas A&M,Nic Anderson,Receiver,0,0,0.0,0,0,0,0,0.0,0,0,1,0.0,0
438,A,LSU,Texas A&M,Garrett Nussmeier,QB,32,18,183.8,0,0,4,0,0.0,0,0,0,0.0,0
438,A,LSU,Texas A&M,Ju'Juan Johnson,Rusher,0,0,0.0,0,0,0,6,21.9,0,0,0,0.0,0
438,A,LSU,Texas A&M,Caden Durham,Rusher,0,0,0.0,0,0,0,14,46.6,0,0,0,0.0,0
438,A,LSU,Texas A&M,Other RB,Rusher,0,0,0.0,0,0,0,3,11.6,0,0,0,0.0,0
438,A,LSU,Texas A&M,Kaleb Jackson,Rusher,0,0,0.0,0,0,0,2,7.6,1,0,0,0.0,0
438,A,LSU,Texas A&M,Harlem Berry,Rusher,0,0,0.0,0,0,0,4,5.6,0,0,0,0.0,0
438,A,LSU,Texas A&M,Garrett Nussmeier,Rusher,0,0,0.0,0,0,0,1,5.9,1,0,0,0.0,0
438,A,LSU,Texas A&M,Aaron Anderson,Receiver,0,0,0.0,0,0,0,0,0.0,0,4,7,51.8,0
438,A,LSU,Texas A&M,Bauer Sharp,Receiver,0,0,0.0,0,0,0,0,0.0,0,0,1,0.0,0
438,A,LSU,Texas A&M,Barion Brown,Receiver,0,0,0.0,0,0,0,0,0.0,0,3,6,16.5,0
438,A,LSU,Texas A&M,Nic Anderson,Receiver,0,0,0.0,0,0,0,0,0.0,0,1,2,3.5,0
438,A,LSU,Texas A&M,Trey'Dez Green,Receiver,0,0,0.0,0,0,0,0,0.0,0,4,7,43.1,0
438,A,LSU,Texas A&M,Kyle Parker,Receiver,0,0,0.0,0,0,0,0,0.0,0,2,2,23.9,0
438,A,LSU,Texas A&M,Chris Hilton Jr.,Receiver,0,0,0.0,0,0,0,0,0.0,0,1,1,10.0,0
438,A,LSU,Texas A&M,Zavion Thomas,Receiver,0,0,0.0,0,0,0,0,0.0,0,2,4,30.0,0
438,A,LSU,Texas A&M,Other WR,Receiver,0,0,0.0,0,0,0,0,0.0,0,1,2,5.0,0
438,A,Texas A&M,LSU,Marcel Reed,QB,24,20,206.3,1,0,4,0,0.0,0,0,0,0.0,0
438,A,Texas A&M,LSU,Miles O'Neill,Rusher,0,0,0.0,0,0,0,1,7.8,0,0,0,0.0,0
438,A,Texas A&M,LSU,Le'Veon Moss,Rusher,0,0,0.0,0,0,0,8,19.1,0,0,0,0.0,0
438,A,Texas A&M,LSU,Amari Daniels,Rusher,0,0,0.0,0,0,0,8,12.9,0,0,0,0.0,0
438,A,Texas A&M,LSU,E.J. Smith,Rusher,0,0,0.0,0,0,0,4,-5.7,0,0,0,0.0,0
438,A,Texas A&M,LSU,Marcel Reed,Rusher,0,0,0.0,0,0,0,6,35.4,1,0,0,0.0,0
438,A,Texas A&M,LSU,Rueben Owens,Rusher,0,0,0.0,0,0,0,1,6.9,0,0,0,0.0,0
438,A,Texas A&M,LSU,Mario Craver,Receiver,0,0,0.0,0,0,0,0,0.0,0,6,6,56.9,1
438,A,Texas A&M,LSU,Nate Boerkircher,Receiver,0,0,0.0,0,0,0,0,0.0,0,3,3,29.4,0
438,A,Texas A&M,LSU,Amari Niblack,Receiver,0,0,0.0,0,0,0,0,0.0,0,1,2,2.0,0
438,A,Texas A&M,LSU,Kevin Concepcion,Receiver,0,0,0.0,0,0,0,0,0.0,0,4,5,31.4,0
438,A,Texas A&M,LSU,Other WR,Receiver,0,0,0.0,0,0,0,0,0.0,0,6,6,86.5,0
438,A,Texas A&M,LSU,Ashton Bethel-Roman,Receiver,0,0,0.0,0,0,0,0,0.0,0,0,1,0.0,0
438,A,Texas A&M,LSU,Terry Bussey,Receiver,0,0,0.0,0,0,0,0,0.0,0,0,1,0.0,0
439,B,Texas A&M,LSU,Marcel Reed,QB,21,16,180.6,2,0,1,0,0.0,0,0,0,0.0,0
439,B,Texas A&M,LSU,Le'Veon Moss,Rusher,0,0,0.0,0,0,0,12,62.2,1,0,0,0.0,0
439,B,Texas A&M,LSU,Marcel Reed,Rusher,0,0,0.0,0,0,0,13,33.9,0,0,0,0.0,0
439,B,Texas A&M,LSU,Rueben Owens,Rusher,0,0,0.0,0,0,0,5,21.5,0,0,0,0.0,0
439,B,Texas A&M,LSU,Amari Daniels,Rusher,0,0,0.0,0,0,0,6,0.4,0,0,0,0.0,0
439,B,Texas A&M,LSU,E.J. Smith,Rusher,0,0,0.0,0,0,0,1,14.1,0,0,0,0.0,0
439,B,Texas A&M,LSU,Other RB,Rusher,0,0,0.0,0,0,0,1,-3.2,0,0,0,0.0,0
439,B,Texas A&M,LSU,Kevin Concepcion,Receiver,0,0,0.0,0,0,0,0,0.0,0,4,6,42.1,0
439,B,Texas A&M,LSU,Theo Melin Ohrstrom,Receiver,0,0,0.0,0,0,0,0,0.0,0,2,2,14.4,0
439,B,Texas A&M,LSU,Nate Boerkircher,Receiver,0,0,0.0,0,0,0,0,0.0,0,1,2,22.2,1
439,B,Texas A&M,LSU,Other WR,Receiver,0,0,0.0,0,0,0,0,0.0,0,4,4,63.1,1
439,B,Texas A&M,LSU,Terry Bussey,Receiver,0,0,0.0,0,0,0,0,0.0,0,2,3,6.0,0
439,B,Texas A&M,LSU,Amari Niblack,Receiver,0,0,0.0,0,0,0,0,0.0,0,1,2,27.0,0
439,B,Texas A&M,LSU,Mario Craver,Receiver,0,0,0.0,0,0,0,0,0.0,0,2,2,5.7,0
439,B,LSU,Texas A&M,Garrett Nussmeier,QB,28,12,85.6,0,0,1,0,0.0,0,0,0,0.0,0
439,B,LSU,Texas A&M,Caden Durham,Rusher,0,0,0.0,0,0,0,15,77.8,2,0,0,0.0,0
439,B,LSU,Texas A&M,Kaleb Jackson,Rusher,0,0,0.0,0,0,0,3,7.1,0,0,0,0.0,0
439,B,LSU,Texas A&M,Ju'Juan Johnson,Rusher,0,0,0.0,0,0,0,4,11.0,0,0,0,0.0,0
439,B,LSU,Texas A&M,Harlem Berry,Rusher,0,0,0.0,0,0,0,4,0.6,0,0,0,0.0,0
439,B,LSU,Texas A&M,Other RB,Rusher,0,0,0.0,0,0,0,5,24.6,0,0,0,0.0,0
439,B,LSU,Texas A&M,Other WR,Receiver,0,0,0.0,0,0,0,0,0.0,0,2,3,18.3,0
439,B,LSU,Texas A&M,Barion Brown,Receiver,0,0,0.0,0,0,0,0,0.0,0,3,5,23.9,0
439,B,LSU,Texas A&M,Kyle Parker,Receiver,0,0,0.0,0,0,0,0,0.0,0,2,5,19.2,0
439,B,LSU,Texas A&M,Nic Anderson,Receiver,0,0,0.0,0,0,0,0,0.0,0,1,3,12.5,0
439,B,LSU,Texas A&M,Bauer Sharp,Receiver,0,0,0.0,0,0,0,0,0.0,0,0,1,0.0,0
439,B,LSU,Texas A&M,Zavion Thomas,Receiver,0,0,0.0,0,0,0,0,0.0,0,0,3,0.0,0
439,B,LSU,Texas A&M,Aaron Anderson,Receiver,0,0,0.0,0,0,0,0,0.0,0,3,5,11.6,0
439,B,LSU,Texas A&M,Trey'Dez Green,Receiver,0,0,0.0,0,0,0,0,0.0,0,1,3,0.0,0
440,A,LSU,Texas A&M,Garrett Nussmeier,QB,35,19,183.0,1,0,3,0,0.0,0,0,0,0.0,0
440,A,LSU,Texas A&M,Caden Durham,Rusher,0,0,0.0,0,0,0,18,79.3,1,0,0,0.0,0
440,A,LSU,Texas A&M,Other RB,Rusher,0,0,0.0,0,0,0,2,5.9,0,0,0,0.0,0
440,A,LSU,Texas A&M,Ju'Juan Johnson,Rusher,0,0,0.0,0,0,0,3,16.0,0,0,0,0.0,0
440,A,LSU,Texas A&M,Harlem Berry,Rusher,0,0,0.0,0,0,0,9,45.0,1,0,0,0.0,0
440,A,LSU,Texas A&M,Garrett Nussmeier,Rusher,0,0,0.0,0,0,0,2,8.8,0,0,0,0.0,0
440,A,LSU,Texas A&M,Kaleb Jackson,Rusher,0,0,0.0,0,0,0,2,-0.4,0,0,0,0.0,0
440,A,LSU,Texas A&M,Barion Brown,Receiver,0,0,0.0,0,0,0,0,0.0,0,6,8,55.3,0
440,A,LSU,Texas A&M,Aaron Anderson,Receiver,0,0,0.0,0,0,0,0,0.0,0,4,6,42.5,0
440,A,LSU,Texas A&M,Kyle Parker,Receiver,0,0,0.0,0,0,0,0,0.0,0,2,3,12.6,0
440,A,LSU,Texas A&M,Trey'Dez Green,Receiver,0,0,0.0,0,0,0,0,0.0,0,1,5,9.0,0
440,A,LSU,Texas A&M,Bauer Sharp,Receiver,0,0,0.0,0,0,0,0,0.0,0,1,5,18.2,0
440,A,LSU,Texas A&M,Other WR,Receiver,0,0,0.0,0,0,0,0,0.0,0,0,1,0.0,0
440,A,LSU,Texas A&M,Zavion Thomas,Receiver,0,0,0.0,0,0,0,0,0.0,0,4,5,41.3,1
440,A,LSU,Texas A&M,Nic Anderson,Receiver,0,0,0.0,0,0,0,0,0.0,0,1,1,4.1,0
440,A,LSU,Texas A&M,Chris Hilton Jr.,Receiver,0,0,0.0,0,0,0,0,0.0,0,0,1,0.0,0
440,A,Texas A&M,LSU,Marcel Reed,QB,28,21,248.2,2,0,3,0,0.0,0,0,0,0.0,0
440,A,Texas A&M,LSU,Rueben Owens,Rusher,0,0,0.0,0,0,0,6,35.7,1,0,0,0.0,0
440,A,Texas A&M,LSU,Amari Daniels,Rusher,0,0,0.0,0,0,0,3,19.1,0,0,0,0.0,0
440,A,Texas A&M,LSU,Le'Veon Moss,Rusher,0,0,0.0,0,0,0,7,35.2,0,0,0,0.0,0
440,A,Texas A&M,LSU,E.J. Smith,Rusher,0,0,0.0,0,0,0,2,6.7,0,0,0,0.0,0
440,A,Texas A&M,LSU,Miles O'Neill,Rusher,0,0,0.0,0,0,0,1,8.5,0,0,0,0.0,0
440,A,Texas A&M,LSU,Marcel Reed,Rusher,0,0,0.0,0,0,0,5,23.1,1,0,0,0.0,0
440,A,Texas A&M,LSU,Jamarion Morrow,Rusher,0,0,0.0,0,0,0,1,-1.1,0,0,0,0.0,0
440,A,Texas A&M,LSU,Other WR,Receiver,0,0,0.0,0,0,0,0,0.0,0,6,6,51.2,1
440,A,Texas A&M,LSU,Mario Craver,Receiver,0,0,0.0,0,0,0,0,0.0,0,3,5,39.7,1
440,A,Texas A&M,LSU,Ashton Bethel-Roman,Receiver,0,0,0.0,0,0,0,0,0.0,0,4,4,62.2,0
440,A,Texas A&M,LSU,Terry Bussey,Receiver,0,0,0.0,0,0,0,0,0.0,0,3,4,27.3,0
440,A,Texas A&M,LSU,Kevin Concepcion,Receiver,0,0,0.0,0,0,0,0,0.0,0,3,5,42.6,0
440,A,Texas A&M,LSU,Nate Boerkircher,Receiver,0,0,0.0,0,0,0,0,0.0,0,0,1,0.0,0
440,A,Texas A&M,LSU,Theo Melin Ohrstrom,Receiver,0,0,0.0,0,0,0,0,0.0,0,1,2,17.5,0
440,A,Texas A&M,LSU,Amari Niblack,Receiver,0,0,0.0,0,0,0,0,0.0,0,1,1,7.7,0
441,B,Texas A&M,LSU,Marcel Reed,QB,26,16,157.9,0,0,12,0,0.0,0,0,0,0.0,0
441,B,Texas A&M,LSU,Rueben Owens,Rusher,0,0,0.0,0,0,0,3,33.5,0,0,0,0.0,0
441,B,Texas A&M,LSU,Le'Veon Moss,Rusher,0,0,0.0,0,0,0,8,46.0,1,0,0,0.0,0
441,B,Texas A&M,LSU,Marcel Reed,Rusher,0,0,0.0,0,0,0,6,18.1,1,0,0,0.0,0
441,B,Texas A&M,LSU,Amari Daniels,Rusher,0,0,0.0,0,0,0,6,14.9,0,0,0,0.0,0
441,B,Texas A&M,LSU,Ashton Bethel-Roman,Receiver,0,0,0.0,0,0,0,0,0.0,0,2,2,39.5,0
441,B,Texas A&M,LSU,Terry Bussey,Receiver,0,0,0.0,0,0,0,0,0.0,0,1,2,4.6,0
441,B,Texas A&M,LSU,Mario Craver,Receiver,0,0,0.0,0,0,0,0,0.0,0,3,7,30.9,0
441,B,Texas A&M,LSU,Kevin Concepcion,Receiver,0,0,0.0,0,0,0,0,0.0,0,7,8,68.8,0
441,B,Texas A&M,LSU,Other WR,Receiver,0,0,0.0,0,0,0,0,0.0,0,1,4,0.0,0
441,B,Texas A&M,LSU,Theo Melin Ohrstrom,Receiver,0,0,0.0,0,0,0,0,0.0,0,1,2,0.0,0
441,B,Texas A&M,LSU,Nate Boerkircher,Receiver,0,0,0.0,0,0,0,0,0.0,0,1,1,14.1,0
441,B,LSU,Texas A&M,Garrett Nussmeier,QB,25,11,97.0,0,0,0,0,0.0,0,0,0,0.0,0
441,B,LSU,Texas A&M,Harlem Berry,Rusher,0,0,0.0,0,0,0,6,18.2,0,0,0,0.0,0
441,B,LSU,Texas A&M,Caden Durham,Rusher,0,0,0.0,0,0,0,14,84.3,2,0,0,0.0,0
441,B,LSU,Texas A&M,Garrett Nussmeier,Rusher,0,0,0.0,0,0,0,3,0.2,0,0,0,0.0,0
441,B,LSU,Texas A&M,Kaleb Jackson,Rusher,0,0,0.0,0,0,0,3,12.1,0,0,0,0.0,0
441,B,LSU,Texas A&M,Other RB,Rusher,0,0,0.0,0,0,0,4,20.5,0,0,0,0.0,0
441,B,LSU,Texas A&M,Ju'Juan Johnson,Rusher,0,0,0.0,0,0,0,4,11.2,0,0,0,0.0,0
441,B,LSU,Texas A&M,Barion Brown,Receiver,0,0,0.0,0,0,0,0,0.0,0,4,5,29.8,0
441,B,LSU,Texas A&M,Trey'Dez Green,Receiver,0,0,0.0,0,0,0,0,0.0,0,1,4,5.3,0
441,B,LSU,Texas A&M,Bauer Sharp,Receiver,0,0,0.0,0,0,0,0,0.0,0,2,3,33.0,0
441,B,LSU,Texas A&M,Zavion Thomas,Receiver,0,0,0.0,0,0,0,0,0.0,0,0,3,0.0,0
441,B,LSU,Texas A&M,Nic Anderson,Receiver,0,0,0.0,0,0,0,0,0.0,0,1,5,7.7,0
441,B,LSU,Texas A&M,Kyle Parker,Receiver,0,0,0.0,0,0,0,0,0.0,0,1,1,15.2,0
441,B,LSU,Texas A&M,Aaron Anderson,Receiver,0,0,0.0,0,0,0,0,0.0,0,1,3,2.8,0
441,B,LSU,Texas A&M,Other WR,Receiver,0,0,0.0,0,0,0,0,0.0,0,1,1,3.2,0
442,A,LSU,Texas A&M,Garrett Nussmeier,QB,33,17,273.5,2,1,0,0,0.0,0,0,0,0.0,0
442,A,LSU,Texas A&M,Caden Durham,Rusher,0,0,0.0,0,0,0,15,90.1,1,0,0,0.0,0
442,A,LSU,Texas A&M,Ju'Juan Johnson,Rusher,0,0,0.0,0,0,0,6,24.3,0,0,0,0.0,0
442,A,LSU,Texas A&M,Garrett Nussmeier,Rusher,0,0,0.0,0,0,0,3,-1.8,0,0,0,0.0,0
442,A,LSU,Texas A&M,Other RB,Rusher,0,0,0.0,0,0,0,7,23.1,0,0,0,0.0,0
442,A,LSU,Texas A&M,Harlem Berry,Rusher,0,0,0.0,0,0,0,1,4.6,0,0,0,0.0,0
442,A,LSU,Texas A&M,Kaleb Jackson,Rusher,0,0,0.0,0,0,0,1,-0.1,0,0,0,0.0,0
442,A,LSU,Texas A&M,Zavion Thomas,Receiver,0,0,0.0,0,0,0,0,0.0,0,3,5,22.7,0
442,A,LSU,Texas A&M,Barion Brown,Receiver,0,0,0.0,0,0,0,0,0.0,0,3,7,66.1,0
442,A,LSU,Texas A&M,Kyle Parker,Receiver,0,0,0.0,0,0,0,0,0.0,0,1,3,20.9,1
442,A,LSU,Texas A&M,Trey'Dez Green,Receiver,0,0,0.0,0,0,0,0,0.0,0,1,4,14.7,0
442,A,LSU,Texas A&M,Aaron Anderson,Receiver,0,0,0.0,0,0,0,0,0.0,0,4,6,63.3,0
442,A,LSU,Texas A&M,Nic Anderson,Receiver,0,0,0.0,0,0,0,0,0.0,0,1,4,13.8,0
442,A,LSU,Texas A&M,Bauer Sharp,Receiver,0,0,0.0,0,0,0,0,0.0,0,3,3,56.1,1
442,A,LSU,Texas A&M,Chris Hilton Jr.,Receiver,0,0,0.0,0,0,0,0,0.0,0,1,1,15.9,0
442,A,Texas A&M,LSU,Marcel Reed,QB,37,25,272.4,1,0,4,0,0.0,0,0,0,0.0,0
442,A,Texas A&M,LSU,Rueben Owens,Rusher,0,0,0.0,0,0,0,4,3.8,0,0,0,0.0,0
442,A,Texas A&M,LSU,Miles O'Neill,Rusher,0,0,0.0,0,0,0,1,-2.0,0,0,0,0.0,0
442,A,Texas A&M,LSU,Le'Veon Moss,Rusher,0,0,0.0,0,0,0,10,47.3,0,0,0,0.0,0
442,A,Texas A&M,LSU,Marcel Reed,Rusher,0,0,0.0,0,0,0,5,16.5,0,0,0,0.0,0
442,A,Texas A&M,LSU,Amari Daniels,Rusher,0,0,0.0,0,0,0,1,-0.2,0,0,0,0.0,0
442,A,Texas A&M,LSU,Jamarion Morrow,Rusher,0,0,0.0,0,0,0,1,11.6,1,0,0,0.0,0
442,A,Texas A&M,LSU,E.J. Smith,Rusher,0,0,0.0,0,0,0,2,3.2,1,0,0,0.0,0
442,A,Texas A&M,LSU,Theo Melin Ohrstrom,Receiver,0,0,0.0,0,0,0,0,0.0,0,4,5,36.2,0
442,A,Texas A&M,LSU,Ashton Bethel-Roman,Receiver,0,0,0.0,0,0,0,0,0.0,0,5,6,35.5,0
442,A,Texas A&M,LSU,Kevin Concepcion,Receiver,0,0,0.0,0,0,0,0,0.0,0,3,5,23.7,0
442,A,Texas A&M,LSU,Other WR,Receiver,0,0,0.0,0,0,0,0,0.0,0,6,10,88.7,1
442,A,Texas A&M,LSU,Mario Craver,Receiver,0,0,0.0,0,0,0,0,0.0,0,7,9,88.4,0
442,A,Texas A&M,LSU,Nate Boerkircher,Receiver,0,0,0.0,0,0,0,0,0.0,0,0,1,0.0,0
442,A,Texas A&M,LSU,Amari Niblack,Receiver,0,0,0.0,0,0,0,0,0.0,0,0,1,0.0,0
443,B,Texas A&M,LSU,Marcel Reed,QB,21,12,115.4,0,0,4,0,0.0,0,0,0,0.0,0
443,B,Texas A&M,LSU,Rueben Owens,Rusher,0,0,0.0,0,0,0,3,8.1,0,0,0,0.0,0
443,B,Texas A&M,LSU,Le'Veon Moss,Rusher,0,0,0.0,0,0,0,13,52.7,0,0,0,0.0,0
443,B,Texas A&M,LSU,E.J. Smith,Rusher,0,0,0.0,0,0,0,3,20.1,0,0,0,0.0,0
443,B,Texas A&M,LSU,Marcel Reed,Rusher,0,0,0.0,0,0,0,8,72.5,2,0,0,0.0,0
443,B,Texas A&M,LSU,Amari Daniels,Rusher,0,0,0.0,0,0,0,6,17.5,0,0,0,0.0,0
443,B,Texas A&M,LSU,Kevin Concepcion,Receiver,0,0,0.0,0,0,0,0,0.0,0,3,5,36.7,0
443,B,Texas A&M,LSU,Theo Melin Ohrstrom,Receiver,0,0,0.0,0,0,0,0,0.0,0,2,3,24.8,0
443,B,Texas A&M,LSU,Other WR,Receiver,0,0,0.0,0,0,0,0,0.0,0,0,1,0.0,0
443,B,Texas A&M,LSU,Nate Boerkircher,Receiver,0,0,0.0,0,0,0,0,0.0,0,0,0,0.0,0
443,B,Texas A&M,LSU,Mario Craver,Receiver,0,0,0.0,0,0,0,0,0.0,0,4,6,37.1,0
443,B,Texas A&M,LSU,Ashton Bethel-Roman,Receiver,0,0,0.0,0,0,0,0,0.0,0,2,4,13.0,0
443,B,Texas A&M,LSU,Terry Bussey,Receiver,0,0,0.0,0,0,0,0,0.0,0,1,2,3.8,0
443,B,LSU,Texas A&M,Garrett Nussmeier,QB,36,15,167.1,0,0,2,0,0.0,0,0,0,0.0,0
443,B,LSU,Texas A&M,Other RB,Rusher,0,0,0.0,0,0,0,2,8.2,0,0,0,0.0,0
443,B,LSU,Texas A&M,Garrett Nussmeier,Rusher,0,0,0.0,0,0,0,3,20.1,0,0,0,0.0,0
443,B,LSU,Texas A&M,Kaleb Jackson,Rusher,0,0,0.0,0,0,0,2,10.1,0,0,0,0.0,0
443,B,LSU,Texas A&M,Harlem Berry,Rusher,0,0,0.0,0,0,0,4,11.5,0,0,0,0.0,0
443,B,LSU,Texas A&M,Caden Durham,Rusher,0,0,0.0,0,0,0,14,16.0,0,0,0,0.0,0
443,B,LSU,Texas A&M,Aaron Anderson,Receiver,0,0,0.0,0,0,0,0,0.0,0,3,7,7.4,0
443,B,LSU,Texas A&M,Barion Brown,Receiver,0,0,0.0,0,0,0,0,0.0,0,1,7,0.0,0
443,B,LSU,Texas A&M,Bauer Sharp,Receiver,0,0,0.0,0,0,0,0,0.0,0,1,6,0.0,0
443,B,LSU,Texas A&M,Zavion Thomas,Receiver,0,0,0.0,0,0,0,0,0.0,0,1,3,17.4,0
443,B,LSU,Texas A&M,Other WR,Receiver,0,0,0.0,0,0,0,0,0.0,0,1,2,33.2,0
443,B,LSU,Texas A&M,Trey'Dez Green,Receiver,0,0,0.0,0,0,0,0,0.0,0,3,4,69.4,0
443,B,LSU,Texas A&M,Kyle Parker,Receiver,0,0,0.0,0,0,0,0,0.0,0,2,2,13.2,0
443,B,LSU,Texas A&M,Chris Hilton Jr.,Receiver,0,0,0.0,0,0,0,0,0.0,0,1,3,19.2,0
443,B,LSU,Texas A&M,Nic Anderson,Receiver,0,0,0.0,0,0,0,0,0.0,0,2,2,7.2,0
444,A,LSU,Texas A&M,Garrett Nussmeier,QB,34,15,123.5,0,1,7,0,0.0,0,0,0,0.0,0
444,A,LSU,Texas A&M,Kaleb Jackson,Rusher,0,0,0.0,0,0,0,2,5.5,0,0,0,0.0,0
444,A,LSU,Texas A&M,Harlem Berry,Rusher,0,0,0.0,0,0,0,4,5.8,0,0,0,0.0,0
444,A,LSU,Texas A&M,Ju'Juan Johnson,Rusher,0,0,0.0,0,0,0,1,4.6,0,0,0,0.0,0
444,A,LSU,Texas A&M,Caden Durham,Rusher,0,0,0.0,0,0,0,14,75.1,0,0,0,0.0,0
444,A,LSU,Texas A&M,Other RB,Rusher,0,0,0.0,0,0,0,5,25.3,0,0,0,0.0,0
444,A,LSU,Texas A&M,Garrett Nussmeier,Rusher,0,0,0.0,0,0,0,3,16.3,1,0,0,0.0,0
444,A,LSU,Texas A&M,Aaron Anderson,Receiver,0,0,0.0,0,0,0,0,0.0,0,4,7,52.0,0
444,A,LSU,Texas A&M,Kyle Parker,Receiver,0,0,0.0,0,0,0,0,0.0,0,4,6,20.6,0
444,A,LSU,Texas A&M,Zavion Thomas,Receiver,0,0,0.0,0,0,0,0,0.0,0,2,4,17.7,0
444,A,LSU,Texas A&M,Bauer Sharp,Receiver,0,0,0.0,0,0,0,0,0.0,0,1,5,23.1,0
444,A,LSU,Texas A&M,Other WR,Receiver,0,0,0.0,0,0,0,0,0.0,0,0,1,0.0,0
444,A,LSU,Texas A&M,Barion Brown,Receiver,0,0,0.0,0,0,0,0,0.0,0,3,6,3.5,0
444,A,LSU,Texas A&M,Trey'Dez Green,Receiver,0,0,0.0,0,0,0,0,0.0,0,0,2,0.0,0
444,A,LSU,Texas A&M,Chris Hilton Jr.,Receiver,0,0,0.0,0,0,0,0,0.0,0,1,2,6.7,0
444,A,LSU,Texas A&M,Nic Anderson,Receiver,0,0,0.0,0,0,0,0,0.0,0,0,1,0.0,0
444,A,Texas A&M,LSU,Marcel Reed,QB,19,12,114.6,2,0,3,0,0.0,0,0,0,0.0,0
444,A,Texas A&M,LSU,Le'Veon Moss,Rusher,0,0,0.0,0,0,0,13,63.4,1,0,0,0.0,0
444,A,Texas A&M,LSU,Rueben Owens,Rusher,0,0,0.0,0,0,0,6,38.2,0,0,0,0.0,0
444,A,Texas A&M,LSU,Marcel Reed,Rusher,0,0,0.0,0,0,0,3,23.1,1,0,0,0.0,0
444,A,Texas A&M,LSU,Amari Daniels,Rusher,0,0,0.0,0,0,0,5,11.3,0,0,0,0.0,0
444,A,Texas A&M,LSU,E.J. Smith,Rusher,0,0,0.0,0,0,0,2,8.0,0,0,0,0.0,0
444,A,Texas A&M,LSU,Jamarion Morrow,Rusher,0,0,0.0,0,0,0,2,0.2,0,0,0,0.0,0
444,A,Texas A&M,LSU,Theo Melin Ohrstrom,Receiver,0,0,0.0,0,0,0,0,0.0,0,1,1,10.3,0
444,A,Texas A&M,LSU,Mario Craver,Receiver,0,0,0.0,0,0,0,0,0.0,0,1,4,9.1,0
444,A,Texas A&M,LSU,Ashton Bethel-Roman,Receiver,0,0,0.0,0,0,0,0,0.0,0,1,2,18.9,0
444,A,Texas A&M,LSU,Other WR,Receiver,0,0,0.0,0,0,0,0,0.0,0,3,4,22.4,2
444,A,Texas A&M,LSU,Terry Bussey,Receiver,0,0,0.0,0,0,0,0,0.0,0,2,3,0.7,0
444,A,Texas A&M,LSU,Kevin Concepcion,Receiver,0,0,0.0,0,0,0,0,0.0,0,4,5,53.2,0
445,B,Texas A&M,LSU,Marcel Reed,QB,23,15,151.5,1,0,7,0,0.0,0,0,0,0.0,0
445,B,Texas A&M,LSU,Marcel Reed,Rusher,0,0,0.0,0,0,0,7,47.9,0,0,0,0.0,0
445,B,Texas A&M,LSU,Le'Veon Moss,Rusher,0,0,0.0,0,0,0,16,42.8,0,0,0,0.0,0
445,B,Texas A&M,LSU,Jamarion Morrow,Rusher,0,0,0.0,0,0,0,1,2.7,0,0,0,0.0,0
445,B,Texas A&M,LSU,Rueben Owens,Rusher,0,0,0.0,0,0,0,6,6.1,1,0,0,0.0,0
445,B,Texas A&M,LSU,Miles O'Neill,Rusher,0,0,0.0,0,0,0,1,9.7,0,0,0,0.0,0
445,B,Texas A&M,LSU,E.J. Smith,Rusher,0,0,0.0,0,0,0,1,4.7,0,0,0,0.0,0
445,B,Texas A&M,LSU,Amari Daniels,Rusher,0,0,0.0,0,0,0,1,5.2,0,0,0,0.0,0
445,B,Texas A&M,LSU,Kevin Concepcion,Receiver,0,0,0.0,0,0,0,0,0.0,0,4,5,29.0,0
445,B,Texas A&M,LSU,Ashton Bethel-Roman,Receiver,0,0,0.0,0,0,0,0,0.0,0,1,2,0.0,0
445,B,Texas A&M,LSU,Amari Niblack,Receiver,0,0,0.0,0,0,0,0,0.0,0,0,1,0.0,0
445,B,Texas A&M,LSU,Mario Craver,Receiver,0,0,0.0,0,0,0,0,0.0,0,5,7,66.9,0
445,B,Texas A&M,LSU,Other WR,Receiver,0,0,0.0,0,0,0,0,0.0,0,3,3,31.9,0
445,B,Texas A&M,LSU,Nate Boerkircher,Receiver,0,0,0.0,0,0,0,0,0.0,0,1,2,0.0,0
445,B,Texas A&M,LSU,Terry Bussey,Receiver,0,0,0.0,0,0,0,0,0.0,0,0,2,0.0,0
445,B,Texas A&M,LSU,Theo Melin Ohrstrom,Receiver,0,0,0.0,0,0,0,0,0.0,0,1,1,23.8,1
445,B,LSU,Texas A&M,Garrett Nussmeier,QB,33,18,123.1,0,0,1,0,0.0,0,0,0,0.0,0
445,B,LSU,Texas A&M,Kaleb Jackson,Rusher,0,0,0.0,0,0,0,2,8.9,0,0,0,0.0,0
445,B,LSU,Texas A&M,Caden Durham,Rusher,0,0,0.0,0,0,0,12,39.9,0,0,0,0.0,0
445,B,LSU,Texas A&M,Ju'Juan Johnson,Rusher,0,0,0.0,0,0,0,4,12.8,0,0,0,0.0,0
445,B,LSU,Texas A&M,Other RB,Rusher,0,0,0.0,0,0,0,2,21.8,1,0,0,0.0,0
445,B,LSU,Texas A&M,Garrett Nussmeier,Rusher,0,0,0.0,0,0,0,3,17.2,0,0,0,0.0,0
445,B,LSU,Texas A&M,Harlem Berry,Rusher,0,0,0.0,0,0,0,2,11.3,0,0,0,0.0,0
445,B,LSU,Texas A&M,Zavion Thomas,Receiver,0,0,0.0,0,0,0,0,0.0,0,2,4,15.8,0
445,B,LSU,Texas A&M,Aaron Anderson,Receiver,0,0,0.0,0,0,0,0,0.0,0,7,9,60.5,0
445,B,LSU,Texas A&M,Barion Brown,Receiver,0,0,0.0,0,0,0,0,0.0,0,3,5,12.2,0
445,B,LSU,Texas A&M,Chris Hilton Jr.,Receiver,0,0,0.0,0,0,0,0,0.0,0,2,4,8.8,0
445,B,LSU,Texas A&M,Trey'Dez Green,Receiver,0,0,0.0,0,0,0,0,0.0,0,3,6,7.3,0
445,B,LSU,Texas A&M,Kyle Parker,Receiver,0,0,0.0,0,0,0,0,0.0,0,0,1,0.0,0
445,B,LSU,Texas A&M,Nic Anderson,Receiver,0,0,0.0,0,0,0,0,0.0,0,1,3,18.5,0
445,B,LSU,Texas A&M,Bauer Sharp,Receiver,0,0,0.0,0,0,0,0,0.0,0,0,1,0.0,0
446,A,LSU,Texas A&M,Garrett Nussmeier,QB,24,18,187.7,0,0,0,0,0.0,0,0,0,0.0,0
446,A,LSU,Texas A&M,Caden Durham,Rusher,0,0,0.0,0,0,0,14,59.5,2,0,0,0.0,0
446,A,LSU,Texas A&M,Ju'Juan Johnson,Rusher,0,0,0.0,0,0,0,8,28.8,1,0,0,0.0,0
446,A,LSU,Texas A&M,Other RB,Rusher,0,0,0.0,0,0,0,6,-4.6,0,0,0,0.0,0
446,A,LSU,Texas A&M,Kaleb Jackson,Rusher,0,0,0.0,0,0,0,2,-2.7,0,0,0,0.0,0
446,A,LSU,Texas A&M,Harlem Berry,Rusher,0,0,0.0,0,0,0,4,7.1,0,0,0,0.0,0
446,A,LSU,Texas A&M,Garrett Nussmeier,Rusher,0,0,0.0,0,0,0,3,22.4,0,0,0,0.0,0
446,A,LSU,Texas A&M,Other WR,Receiver,0,0,0.0,0,0,0,0,0.0,0,3,3,16.9,0
446,A,LSU,Texas A&M,Bauer Sharp,Receiver,0,0,0.0,0,0,0,0,0.0,0,2,2,30.5,0
446,A,LSU,Texas A&M,Barion Brown,Receiver,0,0,0.0,0,0,0,0,0.0,0,2,4,10.5,0
446,A,LSU,Texas A&M,Kyle Parker,Receiver,0,0,0.0,0,0,0,0,0.0,0,3,4,35.7,0
446,A,LSU,Texas A&M,Nic Anderson,Receiver,0,0,0.0,0,0,0,0,0.0,0,1,2,1.1,0
446,A,LSU,Texas A&M,Aaron Anderson,Receiver,0,0,0.0,0,0,0,0,0.0,0,4,4,57.6,0
446,A,LSU,Texas A&M,Trey'Dez Green,Receiver,0,0,0.0,0,0,0,0,0.0,0,0,1,0.0,0
446,A,LSU,Texas A&M,Zavion Thomas,Receiver,0,0,0.0,0,0,0,0,0.0,0,3,4,35.4,0
446,A,Texas A&M,LSU,Marcel Reed,QB,19,14,129.8,0,0,5,0,0.0,0,0,0,0.0,0
446,A,Texas A&M,LSU,Marcel Reed,Rusher,0,0,0.0,0,0,0,9,8.7,0,0,0,0.0,0
446,A,Texas A&M,LSU,Rueben Owens,Rusher,0,0,0.0,0,0,0,5,9.7,0,0,0,0.0,0
446,A,Texas A&M,LSU,Miles O'Neill,Rusher,0,0,0.0,0,0,0,3,23.0,0,0,0,0.0,0
446,A,Texas A&M,LSU,Le'Veon Moss,Rusher,0,0,0.0,0,0,0,9,47.1,1,0,0,0.0,0
446,A,Texas A&M,LSU,E.J. Smith,Rusher,0,0,0.0,0,0,0,1,-4.0,0,0,0,0.0,0
446,A,Texas A&M,LSU,Other WR,Receiver,0,0,0.0,0,0,0,0,0.0,0,6,7,75.8,0
446,A,Texas A&M,LSU,Mario Craver,Receiver,0,0,0.0,0,0,0,0,0.0,0,1,2,0.0,0
446,A,Texas A&M,LSU,Terry Bussey,Receiver,0,0,0.0,0,0,0,0,0.0,0,1,2,18.7,0
446,A,Texas A&M,LSU,Ashton Bethel-Roman,Receiver,0,0,0.0,0,0,0,0,0.0,0,3,4,24.3,0
446,A,Texas A&M,LSU,Amari Niblack,Receiver,0,0,0.0,0,0,0,0,0.0,0,1,1,4.3,0
446,A,Texas A&M,LSU,Theo Melin Ohrstrom,Receiver,0,0,0.0,0,0,0,0,0.0,0,1,2,1.3,0
446,A,Texas A&M,LSU,Nate Boerkircher,Receiver,0,0,0.0,0,0,0,0,0.0,0,0,0,0.0,0
446,A,Texas A&M,LSU,Kevin Concepcion,Receiver,0,0,0.0,0,0,0,0,0.0,0,1,1,5.3,0
447,B,Texas A&M,LSU,Marcel Reed,QB,23,14,170.5,0,0,4,0,0.0,0,0,0,0.0,0
447,B,Texas A&M,LSU,Amari Daniels,Rusher,0,0,0.0,0,0,0,6,29.3,0,0,0,0.0,0
447,B,Texas A&M,LSU,Le'Veon Moss,Rusher,0,0,0.0,0,0,0,12,82.1,1,0,0,0.0,0
447,B,Texas A&M,LSU,Rueben Owens,Rusher,0,0,0.0,0,0,0,8,31.7,0,0,0,0.0,0
447,B,Texas A&M,LSU,Marcel Reed,Rusher,0,0,0.0,0,0,0,10,37.4,0,0,0,0.0,0
447,B,Texas A&M,LSU,E.J. Smith,Rusher,0,0,0.0,0,0,0,4,28.2,1,0,0,0.0,0
447,B,Texas A&M,LSU,Miles O'Neill,Rusher,0,0,0.0,0,0,0,1,12.1,0,0,0,0.0,0
447,B,Texas A&M,LSU,Mario Craver,Receiver,0,0,0.0,0,0,0,0,0.0,0,9,11,86.3,0
447,B,Texas A&M,LSU,Other WR,Receiver,0,0,0.0,0,0,0,0,0.0,0,1,2,24.2,0
447,B,Texas A&M,LSU,Kevin Concepcion,Receiver,0,0,0.0,0,0,0,0,0.0,0,2,4,29.2,0
447,B,Texas A&M,LSU,Ashton Bethel-Roman,Receiver,0,0,0.0,0,0,0,0,0.0,0,1,2,28.0,0
447,B,Texas A&M,LSU,Theo Melin Ohrstrom,Receiver,0,0,0.0,0,0,0,0,0.0,0,0,3,0.0,0
447,B,Texas A&M,LSU,Terry Bussey,Receiver,0,0,0.0,0,0,0,0,0.0,0,1,1,2.8,0
447,B,LSU,Texas A&M,Garrett Nussmeier,QB,33,16,176.9,0,0,1,0,0.0,0,0,0,0.0,0
447,B,LSU,Texas A&M,Caden Durham,Rusher,0,0,0.0,0,0,0,12,59.0,1,0,0,0.0,0
447,B,LSU,Texas A&M,Kaleb Jackson,Rusher,0,0,0.0,0,0,0,1,-1.7,0,0,0,0.0,0
447,B,LSU,Texas A&M,Harlem Berry,Rusher,0,0,0.0,0,0,0,4,2.4,0,0,0,0.0,0
447,B,LSU,Texas A&M,Ju'Juan Johnson,Rusher,0,0,0.0,0,0,0,3,-3.1,0,0,0,0.0,0
447,B,LSU,Texas A&M,Zavion Thomas,Receiver,0,0,0.0,0,0,0,0,0.0,0,5,11,74.0,0
447,B,LSU,Texas A&M,Bauer Sharp,Receiver,0,0,0.0,0,0,0,0,0.0,0,0,3,0.0,0
447,B,LSU,Texas A&M,Aaron Anderson,Receiver,0,0,0.0,0,0,0,0,0.0,0,3,8,20.3,0
447,B,LSU,Texas A&M,Kyle Parker,Receiver,0,0,0.0,0,0,0,0,0.0,0,3,4,49.4,0
447,B,LSU,Texas A&M,Barion Brown,Receiver,0,0,0.0,0,0,0,0,0.0,0,3,3,26.4,0
447,B,LSU,Texas A&M,Nic Anderson,Receiver,0,0,0.0,0,0,0,0,0.0,0,1,2,6.7,0
447,B,LSU,Texas A&M,Other WR,Receiver,0,0,0.0,0,0,0,0,0.0,0,0,1,0.0,0
447,B,LSU,Texas A&M,Chris Hilton Jr.,Receiver,0,0,0.0,0,0,0,0,0.0,0,1,1,0.0,0
416,A,LSU,Texas A&M,Garrett Nussmeier,QB,35,19,192.8,1,0,0,0,0.0,0,0,0,0.0,0
416,A,LSU,Texas A&M,Caden Durham,Rusher,0,0,0.0,0,0,0,12,69.6,0,0,0,0.0,0
416,A,LSU,Texas A&M,Harlem Berry,Rusher,0,0,0.0,0,0,0,8,49.8,1,0,0,0.0,0
416,A,LSU,Texas A&M,Garrett Nussmeier,Rusher,0,0,0.0,0,0,0,3,9.4,1,0,0,0.0,0
416,A,LSU,Texas A&M,Other RB,Rusher,0,0,0.0,0,0,0,2,1.9,0,0,0,0.0,0
416,A,LSU,Texas A&M,Kaleb Jackson,Rusher,0,0,0.0,0,0,0,2,14.6,0,0,0,0.0,0
416,A,LSU,Texas A&M,Ju'Juan Johnson,Rusher,0,0,0.0,0,0,0,4,6.8,0,0,0,0.0,0
416,A,LSU,Texas A&M,Bauer Sharp,Receiver,0,0,0.0,0,0,0,0,0.0,0,1,2,20.6,0
416,A,LSU,Texas A&M,Kyle Parker,Receiver,0,0,0.0,0,0,0,0,0.0,0,2,5,24.3,0
416,A,LSU,Texas A&M,Aaron Anderson,Receiver,0,0,0.0,0,0,0,0,0.0,0,4,8,24.7,0
416,A,LSU,Texas A&M,Barion Brown,Receiver,0,0,0.0,0,0,0,0,0.0,0,7,10,59.9,1
416,A,LSU,Texas A&M,Other WR,Receiver,0,0,0.0,0,0,0,0,0.0,0,1,3,21.0,0
416,A,LSU,Texas A&M,Trey'Dez Green,Receiver,0,0,0.0,0,0,0,0,0.0,0,1,2,9.4,0
416,A,LSU,Texas A&M,Zavion Thomas,Receiver,0,0,0.0,0,0,0,0,0.0,0,1,3,21.2,0
416,A,LSU,Texas A&M,Nic Anderson,Receiver,0,0,0.0,0,0,0,0,0.0,0,2,2,11.9,0
416,A,Texas A&M,LSU,Marcel Reed,QB,24,21,186.7,1,0,0,0,0.0,0,0,0,0.0,0
416,A,Texas A&M,LSU,Le'Veon Moss,Rusher,0,0,0.0,0,0,0,15,82.6,3,0,0,0.0,0
416,A,Texas A&M,LSU,Marcel Reed,Rusher,0,0,0.0,0,0,0,7,23.0,0,0,0,0.0,0
416,A,Texas A&M,LSU,Rueben Owens,Rusher,0,0,0.0,0,0,0,6,17.6,0,0,0,0.0,0
416,A,Texas A&M,LSU,Miles O'Neill,Rusher,0,0,0.0,0,0,0,1,7.1,0,0,0,0.0,0
416,A,Texas A&M,LSU,Amari Daniels,Rusher,0,0,0.0,0,0,0,4,7.5,0,0,0,0.0,0
416,A,Texas A&M,LSU,Mario Craver,Receiver,0,0,0.0,0,0,0,0,0.0,0,5,7,82.0,0
416,A,Texas A&M,LSU,Ashton Bethel-Roman,Receiver,0,0,0.0,0,0,0,0,0.0,0,6,6,26.1,0
416,A,Texas A&M,LSU,Kevin Concepcion,Receiver,0,0,0.0,0,0,0,0,0.0,0,5,6,41.9,1
416,A,Texas A&M,LSU,Terry Bussey,Receiver,0,0,0.0,0,0,0,0,0.0,0,1,1,17.0,0
416,A,Texas A&M,LSU,Theo Melin Ohrstrom,Receiver,0,0,0.0,0,0,0,0,0.0,0,2,2,11.5,0
416,A,Texas A&M,LSU,Other WR,Receiver,0,0,0.0,0,0,0,0,0.0,0,1,1,8.1,0
416,A,Texas A&M,LSU,Amari Niblack,Receiver,0,0,0.0,0,0,0,0,0.0,0,1,1,0.0,0
417,B,Texas A&M,LSU,Marcel Reed,QB,26,19,191.6,0,0,1,0,0.0,0,0,0,0.0,0
417,B,Texas A&M,LSU,Miles O'Neill,Rusher,0,0,0.0,0,0,0,1,-1.0,0,0,0,0.0,0
417,B,Texas A&M,LSU,Marcel Reed,Rusher,0,0,0.0,0,0,0,11,58.8,2,0,0,0.0,0
417,B,Texas A&M,LSU,Rueben Owens,Rusher,0,0,0.0,0,0,0,7,48.6,0,0,0,0.0,0
417,B,Texas A&M,LSU,Le'Veon Moss,Rusher,0,0,0.0,0,0,0,19,108.7,2,0,0,0.0,0
417,B,Texas A&M,LSU,Amari Daniels,Rusher,0,0,0.0,0,0,0,4,18.1,0,0,0,0.0,0
417,B,Texas A&M,LSU,E.J. Smith,Rusher,0,0,0.0,0,0,0,1,15.9,0,0,0,0.0,0
417,B,Texas A&M,LSU,Jamarion Morrow,Rusher,0,0,0.0,0,0,0,1,7.0,0,0,0,0.0,0
417,B,Texas A&M,LSU,Terry Bussey,Receiver,0,0,0.0,0,0,0,0,0.0,0,2,2,9.9,0
417,B,Texas A&M,LSU,Mario Craver,Receiver,0,0,0.0,0,0,0,0,0.0,0,6,9,62.4,0
417,B,Texas A&M,LSU,Other WR,Receiver,0,0,0.0,0,0,0,0,0.0,0,4,6,76.1,0
417,B,Texas A&M,LSU,Kevin Concepcion,Receiver,0,0,0.0,0,0,0,0,0.0,0,5,5,24.2,0
417,B,Texas A&M,LSU,Ashton Bethel-Roman,Receiver,0,0,0.0,0,0,0,0,0.0,0,1,2,7.4,0
417,B,Texas A&M,LSU,Nate Boerkircher,Receiver,0,0,0.0,0,0,0,0,0.0,0,1,1,11.6,0
417,B,Texas A&M,LSU,Amari Niblack,Receiver,0,0,0.0,0,0,0,0,0.0,0,0,1,0.0,0
417,B,LSU,Texas A&M,Garrett Nussmeier,QB,30,18,161.0,1,0,4,0,0.0,0,0,0,0.0,0
417,B,LSU,Texas A&M,Harlem Berry,Rusher,0,0,0.0,0,0,0,1,0.9,0,0,0,0.0,0
417,B,LSU,Texas A&M,Kaleb Jackson,Rusher,0,0,0.0,0,0,0,1,-1.6,0,0,0,0.0,0
417,B,LSU,Texas A&M,Caden Durham,Rusher,0,0,0.0,0,0,0,8,27.5,0,0,0,0.0,0
417,B,LSU,Texas A&M,Ju'Juan Johnson,Rusher,0,0,0.0,0,0,0,2,17.7,0,0,0,0.0,0
417,B,LSU,Texas A&M,Garrett Nussmeier,Rusher,0,0,0.0,0,0,0,4,23.4,1,0,0,0.0,0
417,B,LSU,Texas A&M,Nic Anderson,Receiver,0,0,0.0,0,0,0,0,0.0,0,1,2,2.3,0
417,B,LSU,Texas A&M,Other WR,Receiver,0,0,0.0,0,0,0,0,0.0,0,3,3,15.7,0
417,B,LSU,Texas A&M,Barion Brown,Receiver,0,0,0.0,0,0,0,0,0.0,0,2,3,19.6,1
417,B,LSU,Texas A&M,Zavion Thomas,Receiver,0,0,0.0,0,0,0,0,0.0,0,3,4,49.3,0
417,B,LSU,Texas A&M,Trey'Dez Green,Receiver,0,0,0.0,0,0,0,0,0.0,0,2,5,0.0,0
417,B,LSU,Texas A&M,Aaron Anderson,Receiver,0,0,0.0,0,0,0,0,0.0,0,3,7,35.4,0
417,B,LSU,Texas A&M,Chris Hilton Jr.,Receiver,0,0,0.0,0,0,0,0,0.0,0,2,3,20.5,0
417,B,LSU,Texas A&M,Kyle Parker,Receiver,0,0,0.0,0,0,0,0,0.0,0,2,3,18.0,0
418,A,LSU,Texas A&M,Garrett Nussmeier,QB,23,15,172.3,1,0,1,0,0.0,0,0,0,0.0,0
418,A,LSU,Texas A&M,Ju'Juan Johnson,Rusher,0,0,0.0,0,0,0,4,21.0,0,0,0,0.0,0
418,A,LSU,Texas A&M,Harlem Berry,Rusher,0,0,0.0,0,0,0,5,4.9,1,0,0,0.0,0
418,A,LSU,Texas A&M,Caden Durham,Rusher,0,0,0.0,0,0,0,13,51.3,0,0,0,0.0,0
418,A,LSU,Texas A&M,Other RB,Rusher,0,0,0.0,0,0,0,3,3.9,0,0,0,0.0,0
418,A,LSU,Texas A&M,Kaleb Jackson,Rusher,0,0,0.0,0,0,0,3,8.0,0,0,0,0.0,0
418,A,LSU,Texas A&M,Garrett Nussmeier,Rusher,0,0,0.0,0,0,0,2,2.5,0,0,0,0.0,0
418,A,LSU,Texas A&M,Aaron Anderson,Receiver,0,0,0.0,0,0,0,0,0.0,0,5,8,55.9,0
418,A,LSU,Texas A&M,Trey'Dez Green,Receiver,0,0,0.0,0,0,0,0,0.0,0,0,3,0.0,0
418,A,LSU,Texas A&M,Barion Brown,Receiver,0,0,0.0,0,0,0,0,0.0,0,3,5,42.8,0
418,A,LSU,Texas A&M,Bauer Sharp,Receiver,0,0,0.0,0,0,0,0,0.0,0,2,2,22.9,1
418,A,LSU,Texas A&M,Kyle Parker,Receiver,0,0,0.0,0,0,0,0,0.0,0,2,2,20.2,0
418,A,LSU,Texas A&M,Nic Anderson,Receiver,0,0,0.0,0,0,0,0,0.0,0,0,0,0.0,0
418,A,LSU,Texas A&M,Other WR,Receiver,0,0,0.0,0,0,0,0,0.0,0,1,1,0.0,0
418,A,LSU,Texas A&M,Zavion Thomas,Receiver,0,0,0.0,0,0,0,0,0.0,0,2,2,30.5,0
418,A,Texas A&M,LSU,Marcel Reed,QB,31,23,279.6,1,0,8,0,0.0,0,0,0,0.0,0
418,A,Texas A&M,LSU,E.J. Smith,Rusher,0,0,0.0,0,0,0,2,-1.3,0,0,0,0.0,0
418,A,Texas A&M,LSU,Le'Veon Moss,Rusher,0,0,0.0,0,0,0,14,78.3,1,0,0,0.0,0
418,A,Texas A&M,LSU,Amari Daniels,Rusher,0,0,0.0,0,0,0,4,8.2,0,0,0,0.0,0
418,A,Texas A&M,LSU,Miles O'Neill,Rusher,0,0,0.0,0,0,0,1,9.8,0,0,0,0.0,0
418,A,Texas A&M,LSU,Rueben Owens,Rusher,0,0,0.0,0,0,0,3,15.8,0,0,0,0.0,0
418,A,Texas A&M,LSU,Jamarion Morrow,Rusher,0,0,0.0,0,0,0,1,-1.7,0,0,0,0.0,0
418,A,Texas A&M,LSU,Marcel Reed,Rusher,0,0,0.0,0,0,0,2,0.9,0,0,0,0.0,0
418,A,Texas A&M,LSU,Kevin Concepcion,Receiver,0,0,0.0,0,0,0,0,0.0,0,5,7,80.4,0
418,A,Texas A&M,LSU,Ashton Bethel-Roman,Receiver,0,0,0.0,0,0,0,0,0.0,0,3,5,24.6,0
418,A,Texas A&M,LSU,Mario Craver,Receiver,0,0,0.0,0,0,0,0,0.0,0,5,7,33.0,0
418,A,Texas A&M,LSU,Other WR,Receiver,0,0,0.0,0,0,0,0,0.0,0,6,6,111.7,1
418,A,Texas A&M,LSU,Theo Melin Ohrstrom,Receiver,0,0,0.0,0,0,0,0,0.0,0,0,1,0.0,0
418,A,Texas A&M,LSU,Nate Boerkircher,Receiver,0,0,0.0,0,0,0,0,0.0,0,2,3,17.7,0
418,A,Texas A&M,LSU,Terry Bussey,Receiver,0,0,0.0,0,0,0,0,0.0,0,2,2,12.1,0
419,B,Texas A&M,LSU,Marcel Reed,QB,16,12,76.1,1,0,5,0,0.0,0,0,0,0.0,0
419,B,Texas A&M,LSU,Le'Veon Moss,Rusher,0,0,0.0,0,0,0,16,92.7,0,0,0,0.0,0
419,B,Texas A&M,LSU,Miles O'Neill,Rusher,0,0,0.0,0,0,0,1,-4.0,0,0,0,0.0,0
419,B,Texas A&M,LSU,Rueben Owens,Rusher,0,0,0.0,0,0,0,6,42.2,0,0,0,0.0,0
419,B,Texas A&M,LSU,Marcel Reed,Rusher,0,0,0.0,0,0,0,4,4.2,0,0,0,0.0,0
419,B,Texas A&M,LSU,Amari Daniels,Rusher,0,0,0.0,0,0,0,3,27.4,0,0,0,0.0,0
419,B,Texas A&M,LSU,E.J. Smith,Rusher,0,0,0.0,0,0,0,1,0.8,0,0,0,0.0,0
419,B,Texas A&M,LSU,Kevin Concepcion,Receiver,0,0,0.0,0,0,0,0,0.0,0,6,7,30.2,0
419,B,Texas A&M,LSU,Mario Craver,Receiver,0,0,0.0,0,0,0,0,0.0,0,2,4,41.8,0
419,B,Texas A&M,LSU,Other WR,Receiver,0,0,0.0,0,0,0,0,0.0,0,2,3,0.0,0
419,B,Texas A&M,LSU,Theo Melin Ohrstrom,Receiver,0,0,0.0,0,0,0,0,0.0,0,2,2,4.1,1
419,B,Texas A&M,LSU,Ashton Bethel-Roman,Receiver,0,0,0.0,0,0,0,0,0.0,0,0,0,0.0,0
419,B,LSU,Texas A&M,Garrett Nussmeier,QB,28,20,220.3,1,0,0,0,0.0,0,0,0,0.0,0
419,B,LSU,Texas A&M,Caden Durham,Rusher,0,0,0.0,0,0,0,14,53.0,0,0,0,0.0,0
419,B,LSU,Texas A&M,Other RB,Rusher,0,0,0.0,0,0,0,2,7.9,0,0,0,0.0,0
419,B,LSU,Texas A&M,Harlem Berry,Rusher,0,0,0.0,0,0,0,5,34.6,1,0,0,0.0,0
419,B,LSU,Texas A&M,Ju'Juan Johnson,Rusher,0,0,0.0,0,0,0,8,1.5,0,0,0,0.0,0
419,B,LSU,Texas A&M,Garrett Nussmeier,Rusher,0,0,0.0,0,0,0,3,21.1,0,0,0,0.0,0
419,B,LSU,Texas A&M,Kaleb Jackson,Rusher,0,0,0.0,0,0,0,2,17.0,0,0,0,0.0,0
419,B,LSU,Texas A&M,Trey'Dez Green,Receiver,0,0,0.0,0,0,0,0,0.0,0,5,6,82.4,1
419,B,LSU,Texas A&M,Barion Brown,Receiver,0,0,0.0,0,0,0,0,0.0,0,5,7,46.3,0
419,B,LSU,Texas A&M,Aaron Anderson,Receiver,0,0,0.0,0,0,0,0,0.0,0,2,4,20.8,0
419,B,LSU,Texas A&M,Nic Anderson,Receiver,0,0,0.0,0,0,0,0,0.0,0,2,3,15.3,0
419,B,LSU,Texas A&M,Zavion Thomas,Receiver,0,0,0.0,0,0,0,0,0.0,0,3,3,23.7,0
419,B,LSU,Texas A&M,Other WR,Receiver,0,0,0.0,0,0,0,0,0.0,0,1,2,8.4,0
419,B,LSU,Texas A&M,Kyle Parker,Receiver,0,0,0.0,0,0,0,0,0.0,0,2,2,23.4,0
419,B,LSU,Texas A&M,Chris Hilton Jr.,Receiver,0,0,0.0,0,0,0,0,0.0,0,0,1,0.0,0
420,A,LSU,Texas A&M,Garrett Nussmeier,QB,26,17,186.4,0,0,3,0,0.0,0,0,0,0.0,0
420,A,LSU,Texas A&M,Harlem Berry,Rusher,0,0,0.0,0,0,0,2,11.0,0,0,0,0.0,0
420,A,LSU,Texas A&M,Caden Durham,Rusher,0,0,0.0,0,0,0,16,88.6,1,0,0,0.0,0
420,A,LSU,Texas A&M,Garrett Nussmeier,Rusher,0,0,0.0,0,0,0,1,-0.7,0,0,0,0.0,0
420,A,LSU,Texas A&M,Kaleb Jackson,Rusher,0,0,0.0,0,0,0,4,17.3,1,0,0,0.0,0
420,A,LSU,Texas A&M,Other RB,Rusher,0,0,0.0,0,0,0,3,17.0,1,0,0,0.0,0
420,A,LSU,Texas A&M,Ju'Juan Johnson,Rusher,0,0,0.0,0,0,0,4,5.3,0,0,0,0.0,0
420,A,LSU,Texas A&M,Aaron Anderson,Receiver,0,0,0.0,0,0,0,0,0.0,0,4,7,34.9,0
420,A,LSU,Texas A&M,Zavion Thomas,Receiver,0,0,0.0,0,0,0,0,0.0,0,4,7,37.8,0
420,A,LSU,Texas A&M,Other WR,Receiver,0,0,0.0,0,0,0,0,0.0,0,1,1,14.0,0
420,A,LSU,Texas A&M,Trey'Dez Green,Receiver,0,0,0.0,0,0,0,0,0.0,0,2,2,17.5,0
420,A,LSU,Texas A&M,Barion Brown,Receiver,0,0,0.0,0,0,0,0,0.0,0,1,2,10.5,0
420,A,LSU,Texas A&M,Bauer Sharp,Receiver,0,0,0.0,0,0,0,0,0.0,0,1,2,2.4,0
420,A,LSU,Texas A&M,Nic Anderson,Receiver,0,0,0.0,0,0,0,0,0.0,0,3,3,66.5,0
420,A,LSU,Texas A&M,Kyle Parker,Receiver,0,0,0.0,0,0,0,0,0.0,0,1,2,2.8,0
420,A,Texas A&M,LSU,Marcel Reed,QB,28,20,242.7,2,0,2,0,0.0,0,0,0,0.0,0
420,A,Texas A&M,LSU,Jamarion Morrow,Rusher,0,0,0.0,0,0,0,3,13.9,0,0,0,0.0,0
420,A,Texas A&M,LSU,Le'Veon Moss,Rusher,0,0,0.0,0,0,0,10,44.1,0,0,0,0.0,0
420,A,Texas A&M,LSU,Amari Daniels,Rusher,0,0,0.0,0,0,0,5,12.4,1,0,0,0.0,0
420,A,Texas A&M,LSU,Marcel Reed,Rusher,0,0,0.0,0,0,0,7,24.5,0,0,0,0.0,0
420,A,Texas A&M,LSU,Rueben Owens,Rusher,0,0,0.0,0,0,0,7,10.5,0,0,0,0.0,0
420,A,Texas A&M,LSU,Miles O'Neill,Rusher,0,0,0.0,0,0,0,2,16.4,0,0,0,0.0,0
420,A,Texas A&M,LSU,Mario Craver,Receiver,0,0,0.0,0,0,0,0,0.0,0,5,8,20.8,0
420,A,Texas A&M,LSU,Other WR,Receiver,0,0,0.0,0,0,0,0,0.0,0,5,6,81.1,1
420,A,Texas A&M,LSU,Terry Bussey,Receiver,0,0,0.0,0,0,0,0,0.0,0,0,1,0.0,0
420,A,Texas A&M,LSU,Kevin Concepcion,Receiver,0,0,0.0,0,0,0,0,0.0,0,4,4,77.4,0
420,A,Texas A&M,LSU,Ashton Bethel-Roman,Receiver,0,0,0.0,0,0,0,0,0.0,0,4,5,42.4,1
420,A,Texas A&M,LSU,Amari Niblack,Receiver,0,0,0.0,0,0,0,0,0.0,0,1,2,6.3,0
420,A,Texas A&M,LSU,Theo Melin Ohrstrom,Receiver,0,0,0.0,0,0,0,0,0.0,0,1,2,14.6,0
421,B,Texas A&M,LSU,Marcel Reed,QB,27,15,140.3,0,0,1,0,0.0,0,0,0,0.0,0
421,B,Texas A&M,LSU,Le'Veon Moss,Rusher,0,0,0.0,0,0,0,16,60.9,1,0,0,0.0,0
421,B,Texas A&M,LSU,Rueben Owens,Rusher,0,0,0.0,0,0,0,3,21.0,0,0,0,0.0,0
421,B,Texas A&M,LSU,Jamarion Morrow,Rusher,0,0,0.0,0,0,0,2,10.0,0,0,0,0.0,0
421,B,Texas A&M,LSU,Amari Daniels,Rusher,0,0,0.0,0,0,0,7,24.6,1,0,0,0.0,0
421,B,Texas A&M,LSU,Marcel Reed,Rusher,0,0,0.0,0,0,0,9,29.8,1,0,0,0.0,0
421,B,Texas A&M,LSU,E.J. Smith,Rusher,0,0,0.0,0,0,0,3,11.1,0,0,0,0.0,0
421,B,Texas A&M,LSU,Mario Craver,Receiver,0,0,0.0,0,0,0,0,0.0,0,2,6,17.4,0
421,B,Texas A&M,LSU,Other WR,Receiver,0,0,0.0,0,0,0,0,0.0,0,2,5,39.8,0
421,B,Texas A&M,LSU,Amari Niblack,Receiver,0,0,0.0,0,0,0,0,0.0,0,0,1,0.0,0
421,B,Texas A&M,LSU,Kevin Concepcion,Receiver,0,0,0.0,0,0,0,0,0.0,0,3,4,38.6,0
421,B,Texas A&M,LSU,Nate Boerkircher,Receiver,0,0,0.0,0,0,0,0,0.0,0,2,2,6.4,0
421,B,Texas A&M,LSU,Ashton Bethel-Roman,Receiver,0,0,0.0,0,0,0,0,0.0,0,3,4,25.2,0
421,B,Texas A&M,LSU,Terry Bussey,Receiver,0,0,0.0,0,0,0,0,0.0,0,2,3,8.1,0
421,B,Texas A&M,LSU,Theo Melin Ohrstrom,Receiver,0,0,0.0,0,0,0,0,0.0,0,1,2,4.8,0
421,B,LSU,Texas A&M,Garrett Nussmeier,QB,27,14,112.3,0,0,2,0,0.0,0,0,0,0.0,0
421,B,LSU,Texas A&M,Ju'Juan Johnson,Rusher,0,0,0.0,0,0,0,2,-1.0,0,0,0,0.0,0
421,B,LSU,Texas A&M,Garrett Nussmeier,Rusher,0,0,0.0,0,0,0,2,4.6,1,0,0,0.0,0
421,B,LSU,Texas A&M,Harlem Berry,Rusher,0,0,0.0,0,0,0,2,13.6,0,0,0,0.0,0
421,B,LSU,Texas A&M,Caden Durham,Rusher,0,0,0.0,0,0,0,17,47.7,0,0,0,0.0,0
421,B,LSU,Texas A&M,Kaleb Jackson,Rusher,0,0,0.0,0,0,0,1,4.3,0,0,0,0.0,0
421,B,LSU,Texas A&M,Other RB,Rusher,0,0,0.0,0,0,0,3,5.8,0,0,0,0.0,0
421,B,LSU,Texas A&M,Chris Hilton Jr.,Receiver,0,0,0.0,0,0,0,0,0.0,0,1,2,4.3,0
421,B,LSU,Texas A&M,Trey'Dez Green,Receiver,0,0,0.0,0,0,0,0,0.0,0,2,3,23.2,0
421,B,LSU,Texas A&M,Bauer Sharp,Receiver,0,0,0.0,0,0,0,0,0.0,0,1,1,6.5,0
421,B,LSU,Texas A&M,Barion Brown,Receiver,0,0,0.0,0,0,0,0,0.0,0,2,4,11.1,0
421,B,LSU,Texas A&M,Nic Anderson,Receiver,0,0,0.0,0,0,0,0,0.0,0,1,1,21.6,0
421,B,LSU,Texas A&M,Zavion Thomas,Receiver,0,0,0.0,0,0,0,0,0.0,0,4,6,39.2,0
421,B,LSU,Texas A&M,Aaron Anderson,Receiver,0,0,0.0,0,0,0,0,0.0,0,2,8,6.4,0
421,B,LSU,Texas A&M,Kyle Parker,Receiver,0,0,0.0,0,0,0,0,0.0,0,1,2,0.0,0
422,A,LSU,Texas A&M,Garrett Nussmeier,QB,26,20,169.6,0,0,2,0,0.0,0,0,0,0.0,0
422,A,LSU,Texas A&M,Harlem Berry,Rusher,0,0,0.0,0,0,0,5,26.2,0,0,0,0.0,0
422,A,LSU,Texas A&M,Other RB,Rusher,0,0,0.0,0,0,0,3,22.4,0,0,0,0.0,0
422,A,LSU,Texas A&M,Caden Durham,Rusher,0,0,0.0,0,0,0,15,57.3,1,0,0,0.0,0
422,A,LSU,Texas A&M,Ju'Juan Johnson,Rusher,0,0,0.0,0,0,0,4,25.6,1,0,0,0.0,0
422,A,LSU,Texas A&M,Kaleb Jackson,Rusher,0,0,0.0,0,0,0,1,12.7,1,0,0,0.0,0
422,A,LSU,Texas A&M,Bauer Sharp,Receiver,0,0,0.0,0,0,0,0,0.0,0,3,4,16.1,0
422,A,LSU,Texas A&M,Nic Anderson,Receiver,0,0,0.0,0,0,0,0,0.0,0,5,5,49.1,0
422,A,LSU,Texas A&M,Aaron Anderson,Receiver,0,0,0.0,0,0,0,0,0.0,0,0,3,0.0,0
422,A,LSU,Texas A&M,Trey'Dez Green,Receiver,0,0,0.0,0,0,0,0,0.0,0,2,2,30.0,0
422,A,LSU,Texas A&M,Kyle Parker,Receiver,0,0,0.0,0,0,0,0,0.0,0,2,2,17.7,0
422,A,LSU,Texas A&M,Chris Hilton Jr.,Receiver,0,0,0.0,0,0,0,0,0.0,0,2,2,25.7,0
422,A,LSU,Texas A&M,Barion Brown,Receiver,0,0,0.0,0,0,0,0,0.0,0,3,3,11.1,0
422,A,LSU,Texas A&M,Other WR,Receiver,0,0,0.0,0,0,0,0,0.0,0,1,3,0.0,0
422,A,LSU,Texas A&M,Zavion Thomas,Receiver,0,0,0.0,0,0,0,0,0.0,0,2,2,20.0,0
422,A,Texas A&M,LSU,Marcel Reed,QB,22,18,225.4,2,1,4,0,0.0,0,0,0,0.0,0
422,A,Texas A&M,LSU,Le'Veon Moss,Rusher,0,0,0.0,0,0,0,19,100.1,0,0,0,0.0,0
422,A,Texas A&M,LSU,Marcel Reed,Rusher,0,0,0.0,0,0,0,9,28.6,1,0,0,0.0,0
422,A,Texas A&M,LSU,Jamarion Morrow,Rusher,0,0,0.0,0,0,0,3,12.8,0,0,0,0.0,0
422,A,Texas A&M,LSU,E.J. Smith,Rusher,0,0,0.0,0,0,0,1,8.3,0,0,0,0.0,0
422,A,Texas A&M,LSU,Rueben Owens,Rusher,0,0,0.0,0,0,0,3,7.5,0,0,0,0.0,0
422,A,Texas A&M,LSU,Amari Daniels,Rusher,0,0,0.0,0,0,0,3,6.7,0,0,0,0.0,0
422,A,Texas A&M,LSU,Other WR,Receiver,0,0,0.0,0,0,0,0,0.0,0,3,4,39.3,0
422,A,Texas A&M,LSU,Theo Melin Ohrstrom,Receiver,0,0,0.0,0,0,0,0,0.0,0,4,4,58.4,1
422,A,Texas A&M,LSU,Nate Boerkircher,Receiver,0,0,0.0,0,0,0,0,0.0,0,2,2,26.7,0
422,A,Texas A&M,LSU,Terry Bussey,Receiver,0,0,0.0,0,0,0,0,0.0,0,1,2,21.3,0
422,A,Texas A&M,LSU,Kevin Concepcion,Receiver,0,0,0.0,0,0,0,0,0.0,0,4,5,33.0,0
422,A,Texas A&M,LSU,Mario Craver,Receiver,0,0,0.0,0,0,0,0,0.0,0,2,3,24.9,1
422,A,Texas A&M,LSU,Ashton Bethel-Roman,Receiver,0,0,0.0,0,0,0,0,0.0,0,1,1,2.1,0
422,A,Texas A&M,LSU,Amari Niblack,Receiver,0,0,0.0,0,0,0,0,0.0,0,1,1,19.8,0
423,B,Texas A&M,LSU,Marcel Reed,QB,21,16,241.3,2,0,1,0,0.0,0,0,0,0.0,0
423,B,Texas A&M,LSU,Amari Daniels,Rusher,0,0,0.0,0,0,0,5,19.0,1,0,0,0.0,0
423,B,Texas A&M,LSU,Marcel Reed,Rusher,0,0,0.0,0,0,0,8,31.9,0,0,0,0.0,0
423,B,Texas A&M,LSU,Le'Veon Moss,Rusher,0,0,0.0,0,0,0,19,66.2,2,0,0,0.0,0
423,B,Texas A&M,LSU,Rueben Owens,Rusher,0,0,0.0,0,0,0,4,7.9,0,0,0,0.0,0
423,B,Texas A&M,LSU,E.J. Smith,Rusher,0,0,0.0,0,0,0,2,0.9,0,0,0,0.0,0
423,B,Texas A&M,LSU,Jamarion Morrow,Rusher,0,0,0.0,0,0,0,2,10.5,0,0,0,0.0,0
423,B,Texas A&M,LSU,Mario Craver,Receiver,0,0,0.0,0,0,0,0,0.0,0,4,4,81.2,1
423,B,Texas A&M,LSU,Other WR,Receiver,0,0,0.0,0,0,0,0,0.0,0,4,6,75.6,1
423,B,Texas A&M,LSU,Ashton Bethel-Roman,Receiver,0,0,0.0,0,0,0,0,0.0,0,0,1,0.0,0
423,B,Texas A&M,LSU,Kevin Concepcion,Receiver,0,0,0.0,0,0,0,0,0.0,0,1,3,23.3,0
423,B,Texas A&M,LSU,Terry Bussey,Receiver,0,0,0.0,0,0,0,0,0.0,0,4,4,45.7,0
423,B,Texas A&M,LSU,Nate Boerkircher,Receiver,0,0,0.0,0,0,0,0,0.0,0,1,1,8.9,0
423,B,Texas A&M,LSU,Theo Melin Ohrstrom,Receiver,0,0,0.0,0,0,0,0,0.0,0,1,1,0.4,0
423,B,Texas A&M,LSU,Amari Niblack,Receiver,0,0,0.0,0,0,0,0,0.0,0,1,1,6.2,0
423,B,LSU,Texas A&M,Garrett Nussmeier,QB,36,23,165.7,0,0,1,0,0.0,0,0,0,0.0,0
423,B,LSU,Texas A&M,Harlem Berry,Rusher,0,0,0.0,0,0,0,3,5.6,0,0,0,0.0,0
423,B,LSU,Texas A&M,Caden Durham,Rusher,0,0,0.0,0,0,0,17,67.4,2,0,0,0.0,0
423,B,LSU,Texas A&M,Ju'Juan Johnson,Rusher,0,0,0.0,0,0,0,6,22.6,0,0,0,0.0,0
423,B,LSU,Texas A&M,Other RB,Rusher,0,0,0.0,0,0,0,1,7.2,0,0,0,0.0,0
423,B,LSU,Texas A&M,Garrett Nussmeier,Rusher,0,0,0.0,0,0,0,1,-3.8,0,0,0,0.0,0
423,B,LSU,Texas A&M,Nic Anderson,Receiver,0,0,0.0,0,0,0,0,0.0,0,3,5,15.2,0
423,B,LSU,Texas A&M,Barion Brown,Receiver,0,0,0.0,0,0,0,0,0.0,0,3,4,19.0,0
423,B,LSU,Texas A&M,Bauer Sharp,Receiver,0,0,0.0,0,0,0,0,0.0,0,2,3,9.5,0
423,B,LSU,Texas A&M,Aaron Anderson,Receiver,0,0,0.0,0,0,0,0,0.0,0,7,10,52.9,0
423,B,LSU,Texas A&M,Kyle Parker,Receiver,0,0,0.0,0,0,0,0,0.0,0,3,3,29.9,0
423,B,LSU,Texas A&M,Zavion Thomas,Receiver,0,0,0.0,0,0,0,0,0.0,0,2,3,4.3,0
423,B,LSU,Texas A&M,Other WR,Receiver,0,0,0.0,0,0,0,0,0.0,0,0,2,0.0,0
423,B,LSU,Texas A&M,Trey'Dez Green,Receiver,0,0,0.0,0,0,0,0,0.0,0,2,4,12.3,0
423,B,LSU,Texas A&M,Chris Hilton Jr.,Receiver,0,0,0.0,0,0,0,0,0.0,0,1,2,22.5,0
424,A,LSU,Texas A&M,Garrett Nussmeier,QB,24,12,175.8,1,0,1,0,0.0,0,0,0,0.0,0
424,A,LSU,Texas A&M,Garrett Nussmeier,Rusher,0,0,0.0,0,0,0,5,17.0,0,0,0,0.0,0
424,A,LSU,Texas A&M,Caden Durham,Rusher,0,0,0.0,0,0,0,27,123.0,1,0,0,0.0,0
424,A,LSU,Texas A&M,Ju'Juan Johnson,Rusher,0,0,0.0,0,0,0,8,25.7,0,0,0,0.0,0
424,A,LSU,Texas A&M,Harlem Berry,Rusher,0,0,0.0,0,0,0,4,11.4,0,0,0,0.0,0
424,A,LSU,Texas A&M,Trey'Dez Green,Receiver,0,0,0.0,0,0,0,0,0.0,0,1,2,8.9,0
424,A,LSU,Texas A&M,Aaron Anderson,Receiver,0,0,0.0,0,0,0,0,0.0,0,6,10,93.2,0
424,A,LSU,Texas A&M,Bauer Sharp,Receiver,0,0,0.0,0,0,0,0,0.0,0,1,2,25.6,0
424,A,LSU,Texas A&M,Chris Hilton Jr.,Receiver,0,0,0.0,0,0,0,0,0.0,0,0,2,0.0,0
424,A,LSU,Texas A&M,Zavion Thomas,Receiver,0,0,0.0,0,0,0,0,0.0,0,2,4,27.0,0
424,A,LSU,Texas A&M,Nic Anderson,Receiver,0,0,0.0,0,0,0,0,0.0,0,0,2,0.0,0
424,A,LSU,Texas A&M,Kyle Parker,Receiver,0,0,0.0,0,0,0,0,0.0,0,1,1,5.4,0
424,A,LSU,Texas A&M,Barion Brown,Receiver,0,0,0.0,0,0,0,0,0.0,0,1,1,15.8,1
424,A,Texas A&M,LSU,Marcel Reed,QB,31,17,171.3,1,0,2,0,0.0,0,0,0,0.0,0
424,A,Texas A&M,LSU,E.J. Smith,Rusher,0,0,0.0,0,0,0,2,4.6,0,0,0,0.0,0
424,A,Texas A&M,LSU,Marcel Reed,Rusher,0,0,0.0,0,0,0,6,29.8,0,0,0,0.0,0
424,A,Texas A&M,LSU,Le'Veon Moss,Rusher,0,0,0.0,0,0,0,13,34.4,0,0,0,0.0,0
424,A,Texas A&M,LSU,Amari Daniels,Rusher,0,0,0.0,0,0,0,1,1.8,0,0,0,0.0,0
424,A,Texas A&M,LSU,Jamarion Morrow,Rusher,0,0,0.0,0,0,0,1,4.5,0,0,0,0.0,0
424,A,Texas A&M,LSU,Rueben Owens,Rusher,0,0,0.0,0,0,0,1,-4.0,0,0,0,0.0,0
424,A,Texas A&M,LSU,Kevin Concepcion,Receiver,0,0,0.0,0,0,0,0,0.0,0,5,9,57.9,0
424,A,Texas A&M,LSU,Ashton Bethel-Roman,Receiver,0,0,0.0,0,0,0,0,0.0,0,3,4,48.1,0
424,A,Texas A&M,LSU,Other WR,Receiver,0,0,0.0,0,0,0,0,0.0,0,6,10,50.8,1
424,A,Texas A&M,LSU,Mario Craver,Receiver,0,0,0.0,0,0,0,0,0.0,0,3,7,14.6,0
424,A,Texas A&M,LSU,Terry Bussey,Receiver,0,0,0.0,0,0,0,0,0.0,0,0,1,0.0,0
425,B,Texas A&M,LSU,Marcel Reed,QB,18,11,129.9,1,0,7,0,0.0,0,0,0,0.0,0
425,B,Texas A&M,LSU,Le'Veon Moss,Rusher,0,0,0.0,0,0,0,28,140.9,0,0,0,0.0,0
425,B,Texas A&M,LSU,Rueben Owens,Rusher,0,0,0.0,0,0,0,9,10.2,0,0,0,0.0,0
425,B,Texas A&M,LSU,Marcel Reed,Rusher,0,0,0.0,0,0,0,5,19.4,0,0,0,0.0,0
425,B,Texas A&M,LSU,E.J. Smith,Rusher,0,0,0.0,0,0,0,2,20.5,1,0,0,0.0,0
425,B,Texas A&M,LSU,Amari Daniels,Rusher,0,0,0.0,0,0,0,3,-0.5,0,0,0,0.0,0
425,B,Texas A&M,LSU,Jamarion Morrow,Rusher,0,0,0.0,0,0,0,1,7.1,0,0,0,0.0,0
425,B,Texas A&M,LSU,Terry Bussey,Receiver,0,0,0.0,0,0,0,0,0.0,0,2,3,23.2,0
425,B,Texas A&M,LSU,Ashton Bethel-Roman,Receiver,0,0,0.0,0,0,0,0,0.0,0,1,2,10.6,0
425,B,Texas A&M,LSU,Amari Niblack,Receiver,0,0,0.0,0,0,0,0,0.0,0,0,0,0.0,0
425,B,Texas A&M,LSU,Other WR,Receiver,0,0,0.0,0,0,0,0,0.0,0,1,4,18.2,1
425,B,Texas A&M,LSU,Kevin Concepcion,Receiver,0,0,0.0,0,0,0,0,0.0,0,3,3,31.4,0
425,B,Texas A&M,LSU,Mario Craver,Receiver,0,0,0.0,0,0,0,0,0.0,0,3,4,37.0,0
425,B,Texas A&M,LSU,Theo Melin Ohrstrom,Receiver,0,0,0.0,0,0,0,0,0.0,0,0,1,0.0,0
425,B,Texas A&M,LSU,Nate Boerkircher,Receiver,0,0,0.0,0,0,0,0,0.0,0,1,1,9.6,0
425,B,LSU,Texas A&M,Garrett Nussmeier,QB,26,15,193.2,2,1,2,0,0.0,0,0,0,0.0,0
425,B,LSU,Texas A&M,Caden Durham,Rusher,0,0,0.0,0,0,0,11,60.1,0,0,0,0.0,0
425,B,LSU,Texas A&M,Garrett Nussmeier,Rusher,0,0,0.0,0,0,0,3,12.4,0,0,0,0.0,0
425,B,LSU,Texas A&M,Kaleb Jackson,Rusher,0,0,0.0,0,0,0,1,8.5,0,0,0,0.0,0
425,B,LSU,Texas A&M,Harlem Berry,Rusher,0,0,0.0,0,0,0,1,7.5,0,0,0,0.0,0
425,B,LSU,Texas A&M,Other RB,Rusher,0,0,0.0,0,0,0,2,-2.2,0,0,0,0.0,0
425,B,LSU,Texas A&M,Ju'Juan Johnson,Rusher,0,0,0.0,0,0,0,1,1.2,0,0,0,0.0,0
425,B,LSU,Texas A&M,Other WR,Receiver,0,0,0.0,0,0,0,0,0.0,0,3,4,47.6,0
425,B,LSU,Texas A&M,Nic Anderson,Receiver,0,0,0.0,0,0,0,0,0.0,0,2,3,21.2,1
425,B,LSU,Texas A&M,Aaron Anderson,Receiver,0,0,0.0,0,0,0,0,0.0,0,3,4,20.3,0
425,B,LSU,Texas A&M,Zavion Thomas,Receiver,0,0,0.0,0,0,0,0,0.0,0,2,6,39.4,0
425,B,LSU,Texas A&M,Barion Brown,Receiver,0,0,0.0,0,0,0,0,0.0,0,2,2,20.9,1
425,B,LSU,Texas A&M,Trey'Dez Green,Receiver,0,0,0.0,0,0,0,0,0.0,0,0,1,0.0,0
425,B,LSU,Texas A&M,Kyle Parker,Receiver,0,0,0.0,0,0,0,0,0.0,0,1,3,13.2,0
425,B,LSU,Texas A&M,Bauer Sharp,Receiver,0,0,0.0,0,0,0,0,0.0,0,2,3,30.6,0
426,A,LSU,Texas A&M,Garrett Nussmeier,QB,30,18,206.5,1,0,3,0,0.0,0,0,0,0.0,0
426,A,LSU,Texas A&M,Ju'Juan Johnson,Rusher,0,0,0.0,0,0,0,10,54.8,0,0,0,0.0,0
426,A,LSU,Texas A&M,Harlem Berry,Rusher,0,0,0.0,0,0,0,3,-5.5,0,0,0,0.0,0
426,A,LSU,Texas A&M,Garrett Nussmeier,Rusher,0,0,0.0,0,0,0,5,39.6,0,0,0,0.0,0
426,A,LSU,Texas A&M,Caden Durham,Rusher,0,0,0.0,0,0,0,18,118.7,2,0,0,0.0,0
426,A,LSU,Texas A&M,Other RB,Rusher,0,0,0.0,0,0,0,3,-9.6,0,0,0,0.0,0
426,A,LSU,Texas A&M,Other WR,Receiver,0,0,0.0,0,0,0,0,0.0,0,4,6,20.9,1
426,A,LSU,Texas A&M,Barion Brown,Receiver,0,0,0.0,0,0,0,0,0.0,0,5,7,82.3,0
426,A,LSU,Texas A&M,Aaron Anderson,Receiver,0,0,0.0,0,0,0,0,0.0,0,3,5,30.4,0
426,A,LSU,Texas A&M,Kyle Parker,Receiver,0,0,0.0,0,0,0,0,0.0,0,2,3,43.4,0
426,A,LSU,Texas A&M,Bauer Sharp,Receiver,0,0,0.0,0,0,0,0,0.0,0,3,7,16.9,0
426,A,LSU,Texas A&M,Zavion Thomas,Receiver,0,0,0.0,0,0,0,0,0.0,0,1,1,12.6,0
426,A,LSU,Texas A&M,Trey'Dez Green,Receiver,0,0,0.0,0,0,0,0,0.0,0,0,1,0.0,0
426,A,Texas A&M,LSU,Marcel Reed,QB,24,18,205.9,1,0,6,0,0.0,0,0,0,0.0,0
426,A,Texas A&M,LSU,Rueben Owens,Rusher,0,0,0.0,0,0,0,5,35.5,0,0,0,0.0,0
426,A,Texas A&M,LSU,Marcel Reed,Rusher,0,0,0.0,0,0,0,4,11.7,0,0,0,0.0,0
426,A,Texas A&M,LSU,Amari Daniels,Rusher,0,0,0.0,0,0,0,8,23.4,0,0,0,0.0,0
426,A,Texas A&M,LSU,Miles O'Neill,Rusher,0,0,0.0,0,0,0,1,11.3,0,0,0,0.0,0
426,A,Texas A&M,LSU,Le'Veon Moss,Rusher,0,0,0.0,0,0,0,2,-1.8,0,0,0,0.0,0
426,A,Texas A&M,LSU,E.J. Smith,Rusher,0,0,0.0,0,0,0,1,12.3,0,0,0,0.0,0
426,A,Texas A&M,LSU,Ashton Bethel-Roman,Receiver,0,0,0.0,0,0,0,0,0.0,0,3,3,28.3,0
426,A,Texas A&M,LSU,Kevin Concepcion,Receiver,0,0,0.0,0,0,0,0,0.0,0,6,8,64.0,1
426,A,Texas A&M,LSU,Other WR,Receiver,0,0,0.0,0,0,0,0,0.0,0,4,6,82.0,0
426,A,Texas A&M,LSU,Theo Melin Ohrstrom,Receiver,0,0,0.0,0,0,0,0,0.0,0,1,1,0.0,0
426,A,Texas A&M,LSU,Terry Bussey,Receiver,0,0,0.0,0,0,0,0,0.0,0,1,2,0.0,0
426,A,Texas A&M,LSU,Mario Craver,Receiver,0,0,0.0,0,0,0,0,0.0,0,3,4,31.6,0
426,A,Texas A&M,LSU,Amari Niblack,Receiver,0,0,0.0,0,0,0,0,0.0,0,0,0,0.0,0
427,B,Texas A&M,LSU,Marcel Reed,QB,27,13,136.4,0,1,4,0,0.0,0,0,0,0.0,0
427,B,Texas A&M,LSU,Le'Veon Moss,Rusher,0,0,0.0,0,0,0,13,50.8,0,0,0,0.0,0
427,B,Texas A&M,LSU,Marcel Reed,Rusher,0,0,0.0,0,0,0,11,35.5,2,0,0,0.0,0
427,B,Texas A&M,LSU,Rueben Owens,Rusher,0,0,0.0,0,0,0,4,10.4,0,0,0,0.0,0
427,B,Texas A&M,LSU,Amari Daniels,Rusher,0,0,0.0,0,0,0,1,-4.0,0,0,0,0.0,0
427,B,Texas A&M,LSU,E.J. Smith,Rusher,0,0,0.0,0,0,0,1,8.6,0,0,0,0.0,0
427,B,Texas A&M,LSU,Other WR,Receiver,0,0,0.0,0,0,0,0,0.0,0,6,8,73.1,0
427,B,Texas A&M,LSU,Ashton Bethel-Roman,Receiver,0,0,0.0,0,0,0,0,0.0,0,1,5,0.8,0
427,B,Texas A&M,LSU,Mario Craver,Receiver,0,0,0.0,0,0,0,0,0.0,0,1,5,2.3,0
427,B,Texas A&M,LSU,Kevin Concepcion,Receiver,0,0,0.0,0,0,0,0,0.0,0,3,3,39.6,0
427,B,Texas A&M,LSU,Theo Melin Ohrstrom,Receiver,0,0,0.0,0,0,0,0,0.0,0,1,3,0.0,0
427,B,Texas A&M,LSU,Amari Niblack,Receiver,0,0,0.0,0,0,0,0,0.0,0,1,2,20.6,0
427,B,Texas A&M,LSU,Terry Bussey,Receiver,0,0,0.0,0,0,0,0,0.0,0,0,1,0.0,0
427,B,LSU,Texas A&M,Garrett Nussmeier,QB,27,16,179.0,1,0,1,0,0.0,0,0,0,0.0,0
427,B,LSU,Texas A&M,Harlem Berry,Rusher,0,0,0.0,0,0,0,8,41.9,1,0,0,0.0,0
427,B,LSU,Texas A&M,Caden Durham,Rusher,0,0,0.0,0,0,0,16,59.0,0,0,0,0.0,0
427,B,LSU,Texas A&M,Garrett Nussmeier,Rusher,0,0,0.0,0,0,0,2,6.9,0,0,0,0.0,0
427,B,LSU,Texas A&M,Ju'Juan Johnson,Rusher,0,0,0.0,0,0,0,3,17.0,0,0,0,0.0,0
427,B,LSU,Texas A&M,Other RB,Rusher,0,0,0.0,0,0,0,6,14.6,0,0,0,0.0,0
427,B,LSU,Texas A&M,Kaleb Jackson,Rusher,0,0,0.0,0,0,0,2,9.5,0,0,0,0.0,0
427,B,LSU,Texas A&M,Trey'Dez Green,Receiver,0,0,0.0,0,0,0,0,0.0,0,3,6,41.0,0
427,B,LSU,Texas A&M,Aaron Anderson,Receiver,0,0,0.0,0,0,0,0,0.0,0,3,3,20.2,0
427,B,LSU,Texas A&M,Chris Hilton Jr.,Receiver,0,0,0.0,0,0,0,0,0.0,0,1,2,19.0,0
427,B,LSU,Texas A&M,Zavion Thomas,Receiver,0,0,0.0,0,0,0,0,0.0,0,2,4,19.9,0
427,B,LSU,Texas A&M,Nic Anderson,Receiver,0,0,0.0,0,0,0,0,0.0,0,2,5,28.7,1
427,B,LSU,Texas A&M,Other WR,Receiver,0,0,0.0,0,0,0,0,0.0,0,1,2,0.0,0
427,B,LSU,Texas A&M,Kyle Parker,Receiver,0,0,0.0,0,0,0,0,0.0,0,1,1,13.7,0
427,B,LSU,Texas A&M,Barion Brown,Receiver,0,0,0.0,0,0,0,0,0.0,0,3,4,36.5,0
428,A,LSU,Texas A&M,Garrett Nussmeier,QB,34,21,233.2,1,0,1,0,0.0,0,0,0,0.0,0
428,A,LSU,Texas A&M,Caden Durham,Rusher,0,0,0.0,0,0,0,15,58.4,1,0,0,0.0,0
428,A,LSU,Texas A&M,Harlem Berry,Rusher,0,0,0.0,0,0,0,2,12.0,1,0,0,0.0,0
428,A,LSU,Texas A&M,Garrett Nussmeier,Rusher,0,0,0.0,0,0,0,4,12.7,0,0,0,0.0,0
428,A,LSU,Texas A&M,Kaleb Jackson,Rusher,0,0,0.0,0,0,0,2,-0.3,0,0,0,0.0,0
428,A,LSU,Texas A&M,Ju'Juan Johnson,Rusher,0,0,0.0,0,0,0,4,21.4,0,0,0,0.0,0
428,A,LSU,Texas A&M,Chris Hilton Jr.,Receiver,0,0,0.0,0,0,0,0,0.0,0,3,4,30.6,0
428,A,LSU,Texas A&M,Aaron Anderson,Receiver,0,0,0.0,0,0,0,0,0.0,0,4,8,73.7,1
428,A,LSU,Texas A&M,Barion Brown,Receiver,0,0,0.0,0,0,0,0,0.0,0,4,6,41.6,0
428,A,LSU,Texas A&M,Nic Anderson,Receiver,0,0,0.0,0,0,0,0,0.0,0,1,3,0.4,0
428,A,LSU,Texas A&M,Zavion Thomas,Receiver,0,0,0.0,0,0,0,0,0.0,0,2,3,17.2,0
428,A,LSU,Texas A&M,Bauer Sharp,Receiver,0,0,0.0,0,0,0,0,0.0,0,0,2,0.0,0
428,A,LSU,Texas A&M,Trey'Dez Green,Receiver,0,0,0.0,0,0,0,0,0.0,0,2,3,29.7,0
428,A,LSU,Texas A&M,Kyle Parker,Receiver,0,0,0.0,0,0,0,0,0.0,0,2,2,14.3,0
428,A,LSU,Texas A&M,Other WR,Receiver,0,0,0.0,0,0,0,0,0.0,0,3,3,25.6,0
428,A,Texas A&M,LSU,Marcel Reed,QB,22,15,156.7,0,0,1,0,0.0,0,0,0,0.0,0
428,A,Texas A&M,LSU,Amari Daniels,Rusher,0,0,0.0,0,0,0,7,35.3,1,0,0,0.0,0
428,A,Texas A&M,LSU,Le'Veon Moss,Rusher,0,0,0.0,0,0,0,12,80.0,0,0,0,0.0,0
428,A,Texas A&M,LSU,E.J. Smith,Rusher,0,0,0.0,0,0,0,3,16.4,1,0,0,0.0,0
428,A,Texas A&M,LSU,Marcel Reed,Rusher,0,0,0.0,0,0,0,10,28.9,1,0,0,0.0,0
428,A,Texas A&M,LSU,Rueben Owens,Rusher,0,0,0.0,0,0,0,4,16.1,0,0,0,0.0,0
428,A,Texas A&M,LSU,Jamarion Morrow,Rusher,0,0,0.0,0,0,0,1,-0.7,0,0,0,0.0,0
428,A,Texas A&M,LSU,Mario Craver,Receiver,0,0,0.0,0,0,0,0,0.0,0,2,4,14.9,0
428,A,Texas A&M,LSU,Kevin Concepcion,Receiver,0,0,0.0,0,0,0,0,0.0,0,4,6,38.9,0
428,A,Texas A&M,LSU,Terry Bussey,Receiver,0,0,0.0,0,0,0,0,0.0,0,4,4,35.8,0
428,A,Texas A&M,LSU,Other WR,Receiver,0,0,0.0,0,0,0,0,0.0,0,1,2,11.1,0
428,A,Texas A&M,LSU,Theo Melin Ohrstrom,Receiver,0,0,0.0,0,0,0,0,0.0,0,1,2,16.5,0
428,A,Texas A&M,LSU,Ashton Bethel-Roman,Receiver,0,0,0.0,0,0,0,0,0.0,0,2,3,20.9,0
428,A,Texas A&M,LSU,Amari Niblack,Receiver,0,0,0.0,0,0,0,0,0.0,0,1,1,18.7,0
429,B,Texas A&M,LSU,Marcel Reed,QB,23,15,190.2,1,0,4,0,0.0,0,0,0,0.0,0
429,B,Texas A&M,LSU,Le'Veon Moss,Rusher,0,0,0.0,0,0,0,14,38.5,0,0,0,0.0,0
429,B,Texas A&M,LSU,Rueben Owens,Rusher,0,0,0.0,0,0,0,3,5.7,0,0,0,0.0,0
429,B,Texas A&M,LSU,Amari Daniels,Rusher,0,0,0.0,0,0,0,7,42.4,1,0,0,0.0,0
429,B,Texas A&M,LSU,Marcel Reed,Rusher,0,0,0.0,0,0,0,4,26.2,0,0,0,0.0,0
429,B,Texas A&M,LSU,Miles O'Neill,Rusher,0,0,0.0,0,0,0,1,5.9,0,0,0,0.0,0
429,B,Texas A&M,LSU,E.J. Smith,Rusher,0,0,0.0,0,0,0,2,13.9,0,0,0,0.0,0
429,B,Texas A&M,LSU,Ashton Bethel-Roman,Receiver,0,0,0.0,0,0,0,0,0.0,0,1,1,18.9,0
429,B,Texas A&M,LSU,Theo Melin Ohrstrom,Receiver,0,0,0.0,0,0,0,0,0.0,0,2,4,35.3,0
429,B,Texas A&M,LSU,Kevin Concepcion,Receiver,0,0,0.0,0,0,0,0,0.0,0,5,5,47.4,0
429,B,Texas A&M,LSU,Mario Craver,Receiver,0,0,0.0,0,0,0,0,0.0,0,5,7,75.8,1
429,B,Texas A&M,LSU,Nate Boerkircher,Receiver,0,0,0.0,0,0,0,0,0.0,0,1,2,1.6,0
429,B,Texas A&M,LSU,Terry Bussey,Receiver,0,0,0.0,0,0,0,0,0.0,0,0,3,0.0,0
429,B,Texas A&M,LSU,Other WR,Receiver,0,0,0.0,0,0,0,0,0.0,0,0,0,0.0,0
429,B,Texas A&M,LSU,Amari Niblack,Receiver,0,0,0.0,0,0,0,0,0.0,0,1,1,11.2,0
429,B,LSU,Texas A&M,Garrett Nussmeier,QB,22,10,112.9,2,0,2,0,0.0,0,0,0,0.0,0
429,B,LSU,Texas A&M,Caden Durham,Rusher,0,0,0.0,0,0,0,23,92.2,0,0,0,0.0,0
429,B,LSU,Texas A&M,Ju'Juan Johnson,Rusher,0,0,0.0,0,0,0,6,28.6,0,0,0,0.0,0
429,B,LSU,Texas A&M,Harlem Berry,Rusher,0,0,0.0,0,0,0,7,17.9,0,0,0,0.0,0
429,B,LSU,Texas A&M,Garrett Nussmeier,Rusher,0,0,0.0,0,0,0,1,8.3,0,0,0,0.0,0
429,B,LSU,Texas A&M,Other RB,Rusher,0,0,0.0,0,0,0,2,-1.9,0,0,0,0.0,0
429,B,LSU,Texas A&M,Bauer Sharp,Receiver,0,0,0.0,0,0,0,0,0.0,0,3,4,18.5,0
429,B,LSU,Texas A&M,Aaron Anderson,Receiver,0,0,0.0,0,0,0,0,0.0,0,2,4,35.0,1
429,B,LSU,Texas A&M,Barion Brown,Receiver,0,0,0.0,0,0,0,0,0.0,0,0,3,0.0,0
429,B,LSU,Texas A&M,Other WR,Receiver,0,0,0.0,0,0,0,0,0.0,0,3,4,12.9,0
429,B,LSU,Texas A&M,Zavion Thomas,Receiver,0,0,0.0,0,0,0,0,0.0,0,1,4,25.2,0
429,B,LSU,Texas A&M,Trey'Dez Green,Receiver,0,0,0.0,0,0,0,0,0.0,0,1,2,21.4,1
429,B,LSU,Texas A&M,Nic Anderson,Receiver,0,0,0.0,0,0,0,0,0.0,0,0,0,0.0,0
429,B,LSU,Texas A&M,Chris Hilton Jr.,Receiver,0,0,0.0,0,0,0,0,0.0,0,0,1,0.0,0
430,A,LSU,Texas A&M,Garrett Nussmeier,QB,38,22,197.0,0,0,3,0,0.0,0,0,0,0.0,0
430,A,LSU,Texas A&M,Caden Durham,Rusher,0,0,0.0,0,0,0,8,26.4,0,0,0,0.0,0
430,A,LSU,Texas A&M,Other RB,Rusher,0,0,0.0,0,0,0,3,22.4,1,0,0,0.0,0
430,A,LSU,Texas A&M,Harlem Berry,Rusher,0,0,0.0,0,0,0,7,51.5,2,0,0,0.0,0
430,A,LSU,Texas A&M,Ju'Juan Johnson,Rusher,0,0,0.0,0,0,0,5,31.3,0,0,0,0.0,0
430,A,LSU,Texas A&M,Kaleb Jackson,Rusher,0,0,0.0,0,0,0,2,9.1,0,0,0,0.0,0
430,A,LSU,Texas A&M,Barion Brown,Receiver,0,0,0.0,0,0,0,0,0.0,0,2,8,12.2,0
430,A,LSU,Texas A&M,Zavion Thomas,Receiver,0,0,0.0,0,0,0,0,0.0,0,5,8,46.6,0
430,A,LSU,Texas A&M,Trey'Dez Green,Receiver,0,0,0.0,0,0,0,0,0.0,0,3,3,22.0,0
430,A,LSU,Texas A&M,Other WR,Receiver,0,0,0.0,0,0,0,0,0.0,0,1,2,0.0,0
430,A,LSU,Texas A&M,Aaron Anderson,Receiver,0,0,0.0,0,0,0,0,0.0,0,6,8,75.0,0
430,A,LSU,Texas A&M,Bauer Sharp,Receiver,0,0,0.0,0,0,0,0,0.0,0,2,4,24.3,0
430,A,LSU,Texas A&M,Nic Anderson,Receiver,0,0,0.0,0,0,0,0,0.0,0,1,1,13.0,0
430,A,LSU,Texas A&M,Kyle Parker,Receiver,0,0,0.0,0,0,0,0,0.0,0,1,3,4.0,0
430,A,LSU,Texas A&M,Chris Hilton Jr.,Receiver,0,0,0.0,0,0,0,0,0.0,0,1,1,0.0,0
430,A,Texas A&M,LSU,Marcel Reed,QB,30,20,281.4,3,0,7,0,0.0,0,0,0,0.0,0
430,A,Texas A&M,LSU,Marcel Reed,Rusher,0,0,0.0,0,0,0,7,20.1,0,0,0,0.0,0
430,A,Texas A&M,LSU,Le'Veon Moss,Rusher,0,0,0.0,0,0,0,11,40.6,1,0,0,0.0,0
430,A,Texas A&M,LSU,Amari Daniels,Rusher,0,0,0.0,0,0,0,4,13.3,0,0,0,0.0,0
430,A,Texas A&M,LSU,Rueben Owens,Rusher,0,0,0.0,0,0,0,4,29.6,0,0,0,0.0,0
430,A,Texas A&M,LSU,Miles O'Neill,Rusher,0,0,0.0,0,0,0,1,-1.9,0,0,0,0.0,0
430,A,Texas A&M,LSU,Amari Niblack,Receiver,0,0,0.0,0,0,0,0,0.0,0,3,5,36.1,0
430,A,Texas A&M,LSU,Mario Craver,Receiver,0,0,0.0,0,0,0,0,0.0,0,2,4,22.2,0
430,A,Texas A&M,LSU,Ashton Bethel-Roman,Receiver,0,0,0.0,0,0,0,0,0.0,0,4,4,73.9,2
430,A,Texas A&M,LSU,Kevin Concepcion,Receiver,0,0,0.0,0,0,0,0,0.0,0,7,12,91.4,0
430,A,Texas A&M,LSU,Other WR,Receiver,0,0,0.0,0,0,0,0,0.0,0,2,2,42.4,1
430,A,Texas A&M,LSU,Theo Melin Ohrstrom,Receiver,0,0,0.0,0,0,0,0,0.0,0,1,1,10.3,0
430,A,Texas A&M,LSU,Nate Boerkircher,Receiver,0,0,0.0,0,0,0,0,0.0,0,1,1,5.1,0
430,A,Texas A&M,LSU,Terry Bussey,Receiver,0,0,0.0,0,0,0,0,0.0,0,0,1,0.0,0
431,B,Texas A&M,LSU,Marcel Reed,QB,32,17,167.3,0,1,4,0,0.0,0,0,0,0.0,0
431,B,Texas A&M,LSU,Marcel Reed,Rusher,0,0,0.0,0,0,0,4,16.2,0,0,0,0.0,0
431,B,Texas A&M,LSU,Rueben Owens,Rusher,0,0,0.0,0,0,0,3,-6.2,0,0,0,0.0,0
431,B,Texas A&M,LSU,Amari Daniels,Rusher,0,0,0.0,0,0,0,5,24.9,0,0,0,0.0,0
431,B,Texas A&M,LSU,Le'Veon Moss,Rusher,0,0,0.0,0,0,0,9,41.7,0,0,0,0.0,0
431,B,Texas A&M,LSU,E.J. Smith,Rusher,0,0,0.0,0,0,0,1,-4.0,0,0,0,0.0,0
431,B,Texas A&M,LSU,Kevin Concepcion,Receiver,0,0,0.0,0,0,0,0,0.0,0,8,12,73.1,0
431,B,Texas A&M,LSU,Nate Boerkircher,Receiver,0,0,0.0,0,0,0,0,0.0,0,1,2,11.8,0
431,B,Texas A&M,LSU,Theo Melin Ohrstrom,Receiver,0,0,0.0,0,0,0,0,0.0,0,3,5,23.2,0
431,B,Texas A&M,LSU,Mario Craver,Receiver,0,0,0.0,0,0,0,0,0.0,0,2,6,21.0,0
431,B,Texas A&M,LSU,Ashton Bethel-Roman,Receiver,0,0,0.0,0,0,0,0,0.0,0,0,1,0.0,0
431,B,Texas A&M,LSU,Other WR,Receiver,0,0,0.0,0,0,0,0,0.0,0,3,4,38.3,0
431,B,Texas A&M,LSU,Terry Bussey,Receiver,0,0,0.0,0,0,0,0,0.0,0,0,2,0.0,0
431,B,LSU,Texas A&M,Garrett Nussmeier,QB,27,18,132.0,1,0,1,0,0.0,0,0,0,0.0,0
431,B,LSU,Texas A&M,Harlem Berry,Rusher,0,0,0.0,0,0,0,8,10.1,0,0,0,0.0,0
431,B,LSU,Texas A&M,Caden Durham,Rusher,0,0,0.0,0,0,0,15,61.5,0,0,0,0.0,0
431,B,LSU,Texas A&M,Ju'Juan Johnson,Rusher,0,0,0.0,0,0,0,8,40.2,0,0,0,0.0,0
431,B,LSU,Texas A&M,Kaleb Jackson,Rusher,0,0,0.0,0,0,0,3,27.9,0,0,0,0.0,0
431,B,LSU,Texas A&M,Garrett Nussmeier,Rusher,0,0,0.0,0,0,0,2,19.7,0,0,0,0.0,0
431,B,LSU,Texas A&M,Other RB,Rusher,0,0,0.0,0,0,0,1,4.1,0,0,0,0.0,0
431,B,LSU,Texas A&M,Nic Anderson,Receiver,0,0,0.0,0,0,0,0,0.0,0,2,3,11.6,0
431,B,LSU,Texas A&M,Bauer Sharp,Receiver,0,0,0.0,0,0,0,0,0.0,0,4,5,26.6,0
431,B,LSU,Texas A&M,Zavion Thomas,Receiver,0,0,0.0,0,0,0,0,0.0,0,3,3,29.1,1
431,B,LSU,Texas A&M,Other WR,Receiver,0,0,0.0,0,0,0,0,0.0,0,2,3,16.9,0
431,B,LSU,Texas A&M,Aaron Anderson,Receiver,0,0,0.0,0,0,0,0,0.0,0,3,6,11.3,0
431,B,LSU,Texas A&M,Chris Hilton Jr.,Receiver,0,0,0.0,0,0,0,0,0.0,0,1,3,13.1,0
431,B,LSU,Texas A&M,Barion Brown,Receiver,0,0,0.0,0,0,0,0,0.0,0,2,3,20.9,0
431,B,LSU,Texas A&M,Kyle Parker,Receiver,0,0,0.0,0,0,0,0,0.0,0,1,1,2.6,0
496,A,LSU,Texas A&M,Garrett Nussmeier,QB,26,18,176.5,2,0,1,0,0.0,0,0,0,0.0,0
496,A,LSU,Texas A&M,Other RB,Rusher,0,0,0.0,0,0,0,6,14.5,0,0,0,0.0,0
496,A,LSU,Texas A&M,Kaleb Jackson,Rusher,0,0,0.0,0,0,0,4,15.4,0,0,0,0.0,0
496,A,LSU,Texas A&M,Caden Durham,Rusher,0,0,0.0,0,0,0,17,87.3,1,0,0,0.0,0
496,A,LSU,Texas A&M,Harlem Berry,Rusher,0,0,0.0,0,0,0,2,17.9,0,0,0,0.0,0
496,A,LSU,Texas A&M,Ju'Juan Johnson,Rusher,0,0,0.0,0,0,0,4,34.6,0,0,0,0.0,0
496,A,LSU,Texas A&M,Garrett Nussmeier,Rusher,0,0,0.0,0,0,0,2,18.6,0,0,0,0.0,0
496,A,LSU,Texas A&M,Aaron Anderson,Receiver,0,0,0.0,0,0,0,0,0.0,0,4,9,20.3,1
496,A,LSU,Texas A&M,Bauer Sharp,Receiver,0,0,0.0,0,0,0,0,0.0,0,4,4,62.7,0
496,A,LSU,Texas A&M,Nic Anderson,Receiver,0,0,0.0,0,0,0,0,0.0,0,2,2,31.4,1
496,A,LSU,Texas A&M,Trey'Dez Green,Receiver,0,0,0.0,0,0,0,0,0.0,0,3,3,2.1,0
496,A,LSU,Texas A&M,Barion Brown,Receiver,0,0,0.0,0,0,0,0,0.0,0,4,5,50.4,0
496,A,LSU,Texas A&M,Chris Hilton Jr.,Receiver,0,0,0.0,0,0,0,0,0.0,0,0,1,0.0,0
496,A,LSU,Texas A&M,Zavion Thomas,Receiver,0,0,0.0,0,0,0,0,0.0,0,1,2,9.5,0
496,A,Texas A&M,LSU,Marcel Reed,QB,33,21,212.7,0,0,8,0,0.0,0,0,0,0.0,0
496,A,Texas A&M,LSU,Miles O'Neill,Rusher,0,0,0.0,0,0,0,1,8.1,0,0,0,0.0,0
496,A,Texas A&M,LSU,Le'Veon Moss,Rusher,0,0,0.0,0,0,0,10,29.3,0,0,0,0.0,0
496,A,Texas A&M,LSU,E.J. Smith,Rusher,0,0,0.0,0,0,0,1,4.1,0,0,0,0.0,0
496,A,Texas A&M,LSU,Marcel Reed,Rusher,0,0,0.0,0,0,0,7,21.2,1,0,0,0.0,0
496,A,Texas A&M,LSU,Amari Daniels,Rusher,0,0,0.0,0,0,0,2,17.6,0,0,0,0.0,0
496,A,Texas A&M,LSU,Rueben Owens,Rusher,0,0,0.0,0,0,0,1,2.1,0,0,0,0.0,0
496,A,Texas A&M,LSU,Jamarion Morrow,Rusher,0,0,0.0,0,0,0,1,-4.0,0,0,0,0.0,0
496,A,Texas A&M,LSU,Mario Craver,Receiver,0,0,0.0,0,0,0,0,0.0,0,5,7,21.3,0
496,A,Texas A&M,LSU,Kevin Concepcion,Receiver,0,0,0.0,0,0,0,0,0.0,0,8,9,79.5,0
496,A,Texas A&M,LSU,Ashton Bethel-Roman,Receiver,0,0,0.0,0,0,0,0,0.0,0,1,5,21.4,0
496,A,Texas A&M,LSU,Terry Bussey,Receiver,0,0,0.0,0,0,0,0,0.0,0,3,3,34.5,0
496,A,Texas A&M,LSU,Theo Melin Ohrstrom,Receiver,0,0,0.0,0,0,0,0,0.0,0,1,1,23.2,0
496,A,Texas A&M,LSU,Other WR,Receiver,0,0,0.0,0,0,0,0,0.0,0,1,6,31.8,0
496,A,Texas A&M,LSU,Nate Boerkircher,Receiver,0,0,0.0,0,0,0,0,0.0,0,1,1,0.0,0
496,A,Texas A&M,LSU,Amari Niblack,Receiver,0,0,0.0,0,0,0,0,0.0,0,1,1,0.9,0
497,B,Texas A&M,LSU,Marcel Reed,QB,29,18,180.9,0,0,5,0,0.0,0,0,0,0.0,0
497,B,Texas A&M,LSU,Marcel Reed,Rusher,0,0,0.0,0,0,0,2,1.9,0,0,0,0.0,0
497,B,Texas A&M,LSU,Rueben Owens,Rusher,0,0,0.0,0,0,0,3,-7.6,0,0,0,0.0,0
497,B,Texas A&M,LSU,Le'Veon Moss,Rusher,0,0,0.0,0,0,0,10,39.2,0,0,0,0.0,0
497,B,Texas A&M,LSU,Jamarion Morrow,Rusher,0,0,0.0,0,0,0,1,-0.3,0,0,0,0.0,0
497,B,Texas A&M,LSU,Other WR,Receiver,0,0,0.0,0,0,0,0,0.0,0,1,3,0.0,0
497,B,Texas A&M,LSU,Kevin Concepcion,Receiver,0,0,0.0,0,0,0,0,0.0,0,6,8,81.2,0
497,B,Texas A&M,LSU,Mario Craver,Receiver,0,0,0.0,0,0,0,0,0.0,0,4,7,51.6,0
497,B,Texas A&M,LSU,Terry Bussey,Receiver,0,0,0.0,0,0,0,0,0.0,0,4,5,16.9,0
497,B,Texas A&M,LSU,Amari Niblack,Receiver,0,0,0.0,0,0,0,0,0.0,0,0,1,0.0,0
497,B,Texas A&M,LSU,Ashton Bethel-Roman,Receiver,0,0,0.0,0,0,0,0,0.0,0,2,2,24.7,0
497,B,Texas A&M,LSU,Theo Melin Ohrstrom,Receiver,0,0,0.0,0,0,0,0,0.0,0,1,3,6.5,0
497,B,LSU,Texas A&M,Garrett Nussmeier,QB,26,17,193.5,1,0,0,0,0.0,0,0,0,0.0,0
497,B,LSU,Texas A&M,Caden Durham,Rusher,0,0,0.0,0,0,0,20,121.0,2,0,0,0.0,0
497,B,LSU,Texas A&M,Harlem Berry,Rusher,0,0,0.0,0,0,0,8,64.3,1,0,0,0.0,0
497,B,LSU,Texas A&M,Ju'Juan Johnson,Rusher,0,0,0.0,0,0,0,8,26.6,0,0,0,0.0,0
497,B,LSU,Texas A&M,Other RB,Rusher,0,0,0.0,0,0,0,6,27.6,1,0,0,0.0,0
497,B,LSU,Texas A&M,Garrett Nussmeier,Rusher,0,0,0.0,0,0,0,4,15.3,0,0,0,0.0,0
497,B,LSU,Texas A&M,Kaleb Jackson,Rusher,0,0,0.0,0,0,0,2,15.0,0,0,0,0.0,0
497,B,LSU,Texas A&M,Aaron Anderson,Receiver,0,0,0.0,0,0,0,0,0.0,0,3,4,34.7,1
497,B,LSU,Texas A&M,Trey'Dez Green,Receiver,0,0,0.0,0,0,0,0,0.0,0,3,3,44.1,0
497,B,LSU,Texas A&M,Other WR,Receiver,0,0,0.0,0,0,0,0,0.0,0,2,3,17.3,0
497,B,LSU,Texas A&M,Bauer Sharp,Receiver,0,0,0.0,0,0,0,0,0.0,0,2,4,10.1,0
497,B,LSU,Texas A&M,Zavion Thomas,Receiver,0,0,0.0,0,0,0,0,0.0,0,3,4,41.8,0
497,B,LSU,Texas A&M,Barion Brown,Receiver,0,0,0.0,0,0,0,0,0.0,0,2,4,16.2,0
497,B,LSU,Texas A&M,Kyle Parker,Receiver,0,0,0.0,0,0,0,0,0.0,0,1,1,29.4,0
497,B,LSU,Texas A&M,Chris Hilton Jr.,Receiver,0,0,0.0,0,0,0,0,0.0,0,1,2,0.0,0
497,B,LSU,Texas A&M,Nic Anderson,Receiver,0,0,0.0,0,0,0,0,0.0,0,0,1,0.0,0
498,A,LSU,Texas A&M,Garrett Nussmeier,QB,32,16,179.1,0,0,2,0,0.0,0,0,0,0.0,0
498,A,LSU,Texas A&M,Caden Durham,Rusher,0,0,0.0,0,0,0,18,71.7,1,0,0,0.0,0
498,A,LSU,Texas A&M,Ju'Juan Johnson,Rusher,0,0,0.0,0,0,0,5,27.7,1,0,0,0.0,0
498,A,LSU,Texas A&M,Harlem Berry,Rusher,0,0,0.0,0,0,0,4,23.3,0,0,0,0.0,0
498,A,LSU,Texas A&M,Other RB,Rusher,0,0,0.0,0,0,0,4,32.6,0,0,0,0.0,0
498,A,LSU,Texas A&M,Kaleb Jackson,Rusher,0,0,0.0,0,0,0,1,14.6,1,0,0,0.0,0
498,A,LSU,Texas A&M,Aaron Anderson,Receiver,0,0,0.0,0,0,0,0,0.0,0,1,6,9.8,0
498,A,LSU,Texas A&M,Barion Brown,Receiver,0,0,0.0,0,0,0,0,0.0,0,4,8,31.4,0
498,A,LSU,Texas A&M,Nic Anderson,Receiver,0,0,0.0,0,0,0,0,0.0,0,3,3,15.5,0
498,A,LSU,Texas A&M,Trey'Dez Green,Receiver,0,0,0.0,0,0,0,0,0.0,0,2,4,25.1,0
498,A,LSU,Texas A&M,Bauer Sharp,Receiver,0,0,0.0,0,0,0,0,0.0,0,3,3,40.1,0
498,A,LSU,Texas A&M,Other WR,Receiver,0,0,0.0,0,0,0,0,0.0,0,2,4,43.6,0
498,A,LSU,Texas A&M,Zavion Thomas,Receiver,0,0,0.0,0,0,0,0,0.0,0,1,4,13.6,0
498,A,Texas A&M,LSU,Marcel Reed,QB,22,18,257.1,1,0,2,0,0.0,0,0,0,0.0,0
498,A,Texas A&M,LSU,Amari Daniels,Rusher,0,0,0.0,0,0,0,5,3.9,0,0,0,0.0,0
498,A,Texas A&M,LSU,Le'Veon Moss,Rusher,0,0,0.0,0,0,0,17,84.2,3,0,0,0.0,0
498,A,Texas A&M,LSU,Rueben Owens,Rusher,0,0,0.0,0,0,0,5,30.4,0,0,0,0.0,0
498,A,Texas A&M,LSU,Marcel Reed,Rusher,0,0,0.0,0,0,0,5,17.4,1,0,0,0.0,0
498,A,Texas A&M,LSU,E.J. Smith,Rusher,0,0,0.0,0,0,0,2,11.2,0,0,0,0.0,0
498,A,Texas A&M,LSU,Terry Bussey,Receiver,0,0,0.0,0,0,0,0,0.0,0,4,4,62.6,0
498,A,Texas A&M,LSU,Mario Craver,Receiver,0,0,0.0,0,0,0,0,0.0,0,4,5,65.7,0
498,A,Texas A&M,LSU,Kevin Concepcion,Receiver,0,0,0.0,0,0,0,0,0.0,0,6,6,91.4,1
498,A,Texas A&M,LSU,Other WR,Receiver,0,0,0.0,0,0,0,0,0.0,0,2,4,15.7,0
498,A,Texas A&M,LSU,Ashton Bethel-Roman,Receiver,0,0,0.0,0,0,0,0,0.0,0,0,1,0.0,0
498,A,Texas A&M,LSU,Amari Niblack,Receiver,0,0,0.0,0,0,0,0,0.0,0,1,1,8.1,0
498,A,Texas A&M,LSU,Theo Melin Ohrstrom,Receiver,0,0,0.0,0,0,0,0,0.0,0,1,1,13.6,0
499,B,Texas A&M,LSU,Marcel Reed,QB,28,18,182.9,0,0,3,0,0.0,0,0,0,0.0,0
499,B,Texas A&M,LSU,Marcel Reed,Rusher,0,0,0.0,0,0,0,12,28.7,0,0,0,0.0,0
499,B,Texas A&M,LSU,Le'Veon Moss,Rusher,0,0,0.0,0,0,0,11,9.5,1,0,0,0.0,0
499,B,Texas A&M,LSU,Miles O'Neill,Rusher,0,0,0.0,0,0,0,1,9.1,0,0,0,0.0,0
499,B,Texas A&M,LSU,Amari Daniels,Rusher,0,0,0.0,0,0,0,4,9.4,0,0,0,0.0,0
499,B,Texas A&M,LSU,E.J. Smith,Rusher,0,0,0.0,0,0,0,2,22.4,1,0,0,0.0,0
499,B,Texas A&M,LSU,Jamarion Morrow,Rusher,0,0,0.0,0,0,0,1,2.8,0,0,0,0.0,0
499,B,Texas A&M,LSU,Other WR,Receiver,0,0,0.0,0,0,0,0,0.0,0,2,6,24.8,0
499,B,Texas A&M,LSU,Mario Craver,Receiver,0,0,0.0,0,0,0,0,0.0,0,7,8,70.6,0
499,B,Texas A&M,LSU,Kevin Concepcion,Receiver,0,0,0.0,0,0,0,0,0.0,0,4,6,17.3,0
499,B,Texas A&M,LSU,Theo Melin Ohrstrom,Receiver,0,0,0.0,0,0,0,0,0.0,0,3,4,31.8,0
499,B,Texas A&M,LSU,Ashton Bethel-Roman,Receiver,0,0,0.0,0,0,0,0,0.0,0,1,2,19.7,0
499,B,Texas A&M,LSU,Terry Bussey,Receiver,0,0,0.0,0,0,0,0,0.0,0,0,1,0.0,0
499,B,Texas A&M,LSU,Amari Niblack,Receiver,0,0,0.0,0,0,0,0,0.0,0,1,1,18.6,0
499,B,LSU,Texas A&M,Garrett Nussmeier,QB,26,18,196.5,1,1,2,0,0.0,0,0,0,0.0,0
499,B,LSU,Texas A&M,Other RB,Rusher,0,0,0.0,0,0,0,3,5.7,0,0,0,0.0,0
499,B,LSU,Texas A&M,Ju'Juan Johnson,Rusher,0,0,0.0,0,0,0,6,48.8,1,0,0,0.0,0
499,B,LSU,Texas A&M,Caden Durham,Rusher,0,0,0.0,0,0,0,16,51.8,0,0,0,0.0,0
499,B,LSU,Texas A&M,Garrett Nussmeier,Rusher,0,0,0.0,0,0,0,2,-6.7,0,0,0,0.0,0
499,B,LSU,Texas A&M,Harlem Berry,Rusher,0,0,0.0,0,0,0,2,2.3,0,0,0,0.0,0
499,B,LSU,Texas A&M,Zavion Thomas,Receiver,0,0,0.0,0,0,0,0,0.0,0,3,6,12.5,0
499,B,LSU,Texas A&M,Aaron Anderson,Receiver,0,0,0.0,0,0,0,0,0.0,0,3,4,8.9,0
499,B,LSU,Texas A&M,Chris Hilton Jr.,Receiver,0,0,0.0,0,0,0,0,0.0,0,0,1,0.0,0
499,B,LSU,Texas A&M,Barion Brown,Receiver,0,0,0.0,0,0,0,0,0.0,0,3,3,54.4,1
499,B,LSU,Texas A&M,Trey'Dez Green,Receiver,0,0,0.0,0,0,0,0,0.0,0,1,2,19.2,0
499,B,LSU,Texas A&M,Bauer Sharp,Receiver,0,0,0.0,0,0,0,0,0.0,0,3,3,44.0,0
499,B,LSU,Texas A&M,Kyle Parker,Receiver,0,0,0.0,0,0,0,0,0.0,0,2,2,13.5,0
499,B,LSU,Texas A&M,Nic Anderson,Receiver,0,0,0.0,0,0,0,0,0.0,0,2,3,9.8,0
499,B,LSU,Texas A&M,Other WR,Receiver,0,0,0.0,0,0,0,0,0.0,0,1,2,34.2,0
448,A,LSU,Texas A&M,Garrett Nussmeier,QB,24,13,120.5,0,0,1,0,0.0,0,0,0,0.0,0
448,A,LSU,Texas A&M,Ju'Juan Johnson,Rusher,0,0,0.0,0,0,0,6,8.4,0,0,0,0.0,0
448,A,LSU,Texas A&M,Caden Durham,Rusher,0,0,0.0,0,0,0,16,32.3,1,0,0,0.0,0
448,A,LSU,Texas A&M,Garrett Nussmeier,Rusher,0,0,0.0,0,0,0,3,3.5,0,0,0,0.0,0
448,A,LSU,Texas A&M,Kaleb Jackson,Rusher,0,0,0.0,0,0,0,1,3.1,0,0,0,0.0,0
448,A,LSU,Texas A&M,Harlem Berry,Rusher,0,0,0.0,0,0,0,2,21.4,1,0,0,0.0,0
448,A,LSU,Texas A&M,Other RB,Rusher,0,0,0.0,0,0,0,1,9.3,0,0,0,0.0,0
448,A,LSU,Texas A&M,Trey'Dez Green,Receiver,0,0,0.0,0,0,0,0,0.0,0,1,1,0.0,0
448,A,LSU,Texas A&M,Nic Anderson,Receiver,0,0,0.0,0,0,0,0,0.0,0,0,1,0.0,0
448,A,LSU,Texas A&M,Bauer Sharp,Receiver,0,0,0.0,0,0,0,0,0.0,0,1,4,9.0,0
448,A,LSU,Texas A&M,Aaron Anderson,Receiver,0,0,0.0,0,0,0,0,0.0,0,4,6,37.9,0
448,A,LSU,Texas A&M,Chris Hilton Jr.,Receiver,0,0,0.0,0,0,0,0,0.0,0,2,2,4.0,0
448,A,LSU,Texas A&M,Kyle Parker,Receiver,0,0,0.0,0,0,0,0,0.0,0,3,5,27.1,0
448,A,LSU,Texas A&M,Barion Brown,Receiver,0,0,0.0,0,0,0,0,0.0,0,1,3,20.4,0
448,A,LSU,Texas A&M,Zavion Thomas,Receiver,0,0,0.0,0,0,0,0,0.0,0,1,1,22.0,0
448,A,LSU,Texas A&M,Other WR,Receiver,0,0,0.0,0,0,0,0,0.0,0,0,1,0.0,0
448,A,Texas A&M,LSU,Marcel Reed,QB,29,15,178.9,0,0,6,0,0.0,0,0,0,0.0,0
448,A,Texas A&M,LSU,Le'Veon Moss,Rusher,0,0,0.0,0,0,0,9,41.9,2,0,0,0.0,0
448,A,Texas A&M,LSU,Marcel Reed,Rusher,0,0,0.0,0,0,0,8,21.7,0,0,0,0.0,0
448,A,Texas A&M,LSU,Amari Daniels,Rusher,0,0,0.0,0,0,0,8,47.5,0,0,0,0.0,0
448,A,Texas A&M,LSU,Rueben Owens,Rusher,0,0,0.0,0,0,0,5,-1.9,0,0,0,0.0,0
448,A,Texas A&M,LSU,Mario Craver,Receiver,0,0,0.0,0,0,0,0,0.0,0,6,9,64.5,0
448,A,Texas A&M,LSU,Kevin Concepcion,Receiver,0,0,0.0,0,0,0,0,0.0,0,3,7,58.0,0
448,A,Texas A&M,LSU,Terry Bussey,Receiver,0,0,0.0,0,0,0,0,0.0,0,0,2,0.0,0
448,A,Texas A&M,LSU,Amari Niblack,Receiver,0,0,0.0,0,0,0,0,0.0,0,1,2,20.6,0
448,A,Texas A&M,LSU,Theo Melin Ohrstrom,Receiver,0,0,0.0,0,0,0,0,0.0,0,2,2,20.0,0
448,A,Texas A&M,LSU,Ashton Bethel-Roman,Receiver,0,0,0.0,0,0,0,0,0.0,0,2,3,15.9,0
448,A,Texas A&M,LSU,Nate Boerkircher,Receiver,0,0,0.0,0,0,0,0,0.0,0,1,1,0.0,0
448,A,Texas A&M,LSU,Other WR,Receiver,0,0,0.0,0,0,0,0,0.0,0,0,3,0.0,0
449,B,Texas A&M,LSU,Marcel Reed,QB,27,22,253.8,3,0,2,0,0.0,0,0,0,0.0,0
449,B,Texas A&M,LSU,Le'Veon Moss,Rusher,0,0,0.0,0,0,0,13,35.7,0,0,0,0.0,0
449,B,Texas A&M,LSU,Jamarion Morrow,Rusher,0,0,0.0,0,0,0,1,-2.2,0,0,0,0.0,0
449,B,Texas A&M,LSU,E.J. Smith,Rusher,0,0,0.0,0,0,0,3,15.3,0,0,0,0.0,0
449,B,Texas A&M,LSU,Marcel Reed,Rusher,0,0,0.0,0,0,0,12,49.7,1,0,0,0.0,0
449,B,Texas A&M,LSU,Amari Daniels,Rusher,0,0,0.0,0,0,0,1,9.4,0,0,0,0.0,0
449,B,Texas A&M,LSU,Rueben Owens,Rusher,0,0,0.0,0,0,0,2,5.3,0,0,0,0.0,0
449,B,Texas A&M,LSU,Miles O'Neill,Rusher,0,0,0.0,0,0,0,1,9.7,0,0,0,0.0,0
449,B,Texas A&M,LSU,Ashton Bethel-Roman,Receiver,0,0,0.0,0,0,0,0,0.0,0,3,3,49.2,0
449,B,Texas A&M,LSU,Theo Melin Ohrstrom,Receiver,0,0,0.0,0,0,0,0,0.0,0,2,4,26.9,0
449,B,Texas A&M,LSU,Other WR,Receiver,0,0,0.0,0,0,0,0,0.0,0,2,2,9.7,0
449,B,Texas A&M,LSU,Kevin Concepcion,Receiver,0,0,0.0,0,0,0,0,0.0,0,6,8,51.1,0
449,B,Texas A&M,LSU,Mario Craver,Receiver,0,0,0.0,0,0,0,0,0.0,0,9,9,116.9,3
449,B,Texas A&M,LSU,Terry Bussey,Receiver,0,0,0.0,0,0,0,0,0.0,0,0,1,0.0,0
449,B,LSU,Texas A&M,Garrett Nussmeier,QB,29,18,157.6,0,0,2,0,0.0,0,0,0,0.0,0
449,B,LSU,Texas A&M,Ju'Juan Johnson,Rusher,0,0,0.0,0,0,0,4,20.1,0,0,0,0.0,0
449,B,LSU,Texas A&M,Caden Durham,Rusher,0,0,0.0,0,0,0,18,96.3,0,0,0,0.0,0
449,B,LSU,Texas A&M,Harlem Berry,Rusher,0,0,0.0,0,0,0,4,5.8,0,0,0,0.0,0
449,B,LSU,Texas A&M,Other RB,Rusher,0,0,0.0,0,0,0,2,11.9,0,0,0,0.0,0
449,B,LSU,Texas A&M,Nic Anderson,Receiver,0,0,0.0,0,0,0,0,0.0,0,3,5,34.1,0
449,B,LSU,Texas A&M,Aaron Anderson,Receiver,0,0,0.0,0,0,0,0,0.0,0,4,4,55.1,0
449,B,LSU,Texas A&M,Barion Brown,Receiver,0,0,0.0,0,0,0,0,0.0,0,3,5,40.5,0
449,B,LSU,Texas A&M,Other WR,Receiver,0,0,0.0,0,0,0,0,0.0,0,2,3,0.0,0
449,B,LSU,Texas A&M,Trey'Dez Green,Receiver,0,0,0.0,0,0,0,0,0.0,0,2,5,25.4,0
449,B,LSU,Texas A&M,Kyle Parker,Receiver,0,0,0.0,0,0,0,0,0.0,0,2,2,0.0,0
449,B,LSU,Texas A&M,Bauer Sharp,Receiver,0,0,0.0,0,0,0,0,0.0,0,1,2,0.0,0
449,B,LSU,Texas A&M,Zavion Thomas,Receiver,0,0,0.0,0,0,0,0,0.0,0,0,2,0.0,0
449,B,LSU,Texas A&M,Chris Hilton Jr.,Receiver,0,0,0.0,0,0,0,0,0.0,0,1,1,2.5,0
450,A,LSU,Texas A&M,Garrett Nussmeier,QB,30,18,232.0,2,0,2,0,0.0,0,0,0,0.0,0
450,A,LSU,Texas A&M,Caden Durham,Rusher,0,0,0.0,0,0,0,23,59.2,1,0,0,0.0,0
450,A,LSU,Texas A&M,Harlem Berry,Rusher,0,0,0.0,0,0,0,3,22.9,0,0,0,0.0,0
450,A,LSU,Texas A&M,Kaleb Jackson,Rusher,0,0,0.0,0,0,0,2,6.1,0,0,0,0.0,0
450,A,LSU,Texas A&M,Ju'Juan Johnson,Rusher,0,0,0.0,0,0,0,8,44.2,0,0,0,0.0,0
450,A,LSU,Texas A&M,Other RB,Rusher,0,0,0.0,0,0,0,2,19.0,0,0,0,0.0,0
450,A,LSU,Texas A&M,Garrett Nussmeier,Rusher,0,0,0.0,0,0,0,2,20.1,0,0,0,0.0,0
450,A,LSU,Texas A&M,Other WR,Receiver,0,0,0.0,0,0,0,0,0.0,0,3,4,32.4,0
450,A,LSU,Texas A&M,Trey'Dez Green,Receiver,0,0,0.0,0,0,0,0,0.0,0,4,4,29.4,0
450,A,LSU,Texas A&M,Nic Anderson,Receiver,0,0,0.0,0,0,0,0,0.0,0,1,3,11.7,0
450,A,LSU,Texas A&M,Aaron Anderson,Receiver,0,0,0.0,0,0,0,0,0.0,0,3,6,47.5,1
450,A,LSU,Texas A&M,Zavion Thomas,Receiver,0,0,0.0,0,0,0,0,0.0,0,2,3,39.1,0
450,A,LSU,Texas A&M,Barion Brown,Receiver,0,0,0.0,0,0,0,0,0.0,0,3,6,51.0,1
450,A,LSU,Texas A&M,Kyle Parker,Receiver,0,0,0.0,0,0,0,0,0.0,0,0,2,0.0,0
450,A,LSU,Texas A&M,Bauer Sharp,Receiver,0,0,0.0,0,0,0,0,0.0,0,2,2,21.0,0
450,A,Texas A&M,LSU,Marcel Reed,QB,27,12,137.9,0,0,8,0,0.0,0,0,0,0.0,0
450,A,Texas A&M,LSU,Le'Veon Moss,Rusher,0,0,0.0,0,0,0,5,-0.5,0,0,0,0.0,0
450,A,Texas A&M,LSU,Jamarion Morrow,Rusher,0,0,0.0,0,0,0,2,7.3,0,0,0,0.0,0
450,A,Texas A&M,LSU,Rueben Owens,Rusher,0,0,0.0,0,0,0,2,-7.1,0,0,0,0.0,0
450,A,Texas A&M,LSU,Marcel Reed,Rusher,0,0,0.0,0,0,0,6,0.7,0,0,0,0.0,0
450,A,Texas A&M,LSU,Amari Daniels,Rusher,0,0,0.0,0,0,0,2,7.6,0,0,0,0.0,0
450,A,Texas A&M,LSU,Ashton Bethel-Roman,Receiver,0,0,0.0,0,0,0,0,0.0,0,0,3,0.0,0
450,A,Texas A&M,LSU,Kevin Concepcion,Receiver,0,0,0.0,0,0,0,0,0.0,0,4,7,61.6,0
450,A,Texas A&M,LSU,Amari Niblack,Receiver,0,0,0.0,0,0,0,0,0.0,0,1,2,15.3,0
450,A,Texas A&M,LSU,Other WR,Receiver,0,0,0.0,0,0,0,0,0.0,0,2,6,0.0,0
450,A,Texas A&M,LSU,Nate Boerkircher,Receiver,0,0,0.0,0,0,0,0,0.0,0,0,2,0.0,0
450,A,Texas A&M,LSU,Theo Melin Ohrstrom,Receiver,0,0,0.0,0,0,0,0,0.0,0,1,1,13.0,0
450,A,Texas A&M,LSU,Mario Craver,Receiver,0,0,0.0,0,0,0,0,0.0,0,4,6,48.0,0
450,A,Texas A&M,LSU,Terry Bussey,Receiver,0,0,0.0,0,0,0,0,0.0,0,0,0,0.0,0
451,B,Texas A&M,LSU,Marcel Reed,QB,33,22,270.8,1,0,5,0,0.0,0,0,0,0.0,0
451,B,Texas A&M,LSU,Le'Veon Moss,Rusher,0,0,0.0,0,0,0,18,91.9,1,0,0,0.0,0
451,B,Texas A&M,LSU,Amari Daniels,Rusher,0,0,0.0,0,0,0,5,5.9,0,0,0,0.0,0
451,B,Texas A&M,LSU,E.J. Smith,Rusher,0,0,0.0,0,0,0,3,5.7,0,0,0,0.0,0
451,B,Texas A&M,LSU,Marcel Reed,Rusher,0,0,0.0,0,0,0,4,12.3,0,0,0,0.0,0
451,B,Texas A&M,LSU,Rueben Owens,Rusher,0,0,0.0,0,0,0,1,7.1,0,0,0,0.0,0
451,B,Texas A&M,LSU,Other WR,Receiver,0,0,0.0,0,0,0,0,0.0,0,7,8,155.1,1
451,B,Texas A&M,LSU,Theo Melin Ohrstrom,Receiver,0,0,0.0,0,0,0,0,0.0,0,3,3,7.0,0
451,B,Texas A&M,LSU,Mario Craver,Receiver,0,0,0.0,0,0,0,0,0.0,0,7,11,65.5,0
451,B,Texas A&M,LSU,Kevin Concepcion,Receiver,0,0,0.0,0,0,0,0,0.0,0,4,7,36.9,0
451,B,Texas A&M,LSU,Terry Bussey,Receiver,0,0,0.0,0,0,0,0,0.0,0,0,1,0.0,0
451,B,Texas A&M,LSU,Nate Boerkircher,Receiver,0,0,0.0,0,0,0,0,0.0,0,1,2,6.3,0
451,B,Texas A&M,LSU,Ashton Bethel-Roman,Receiver,0,0,0.0,0,0,0,0,0.0,0,0,1,0.0,0
451,B,LSU,Texas A&M,Garrett Nussmeier,QB,25,16,193.5,1,0,1,0,0.0,0,0,0,0.0,0
451,B,LSU,Texas A&M,Caden Durham,Rusher,0,0,0.0,0,0,0,12,26.0,0,0,0,0.0,0
451,B,LSU,Texas A&M,Other RB,Rusher,0,0,0.0,0,0,0,3,26.4,1,0,0,0.0,0
451,B,LSU,Texas A&M,Kaleb Jackson,Rusher,0,0,0.0,0,0,0,3,20.5,0,0,0,0.0,0
451,B,LSU,Texas A&M,Garrett Nussmeier,Rusher,0,0,0.0,0,0,0,2,19.3,0,0,0,0.0,0
451,B,LSU,Texas A&M,Harlem Berry,Rusher,0,0,0.0,0,0,0,4,3.2,0,0,0,0.0,0
451,B,LSU,Texas A&M,Ju'Juan Johnson,Rusher,0,0,0.0,0,0,0,3,12.7,0,0,0,0.0,0
451,B,LSU,Texas A&M,Barion Brown,Receiver,0,0,0.0,0,0,0,0,0.0,0,1,4,17.6,0
451,B,LSU,Texas A&M,Trey'Dez Green,Receiver,0,0,0.0,0,0,0,0,0.0,0,5,5,75.1,0
451,B,LSU,Texas A&M,Bauer Sharp,Receiver,0,0,0.0,0,0,0,0,0.0,0,3,4,39.9,0
451,B,LSU,Texas A&M,Aaron Anderson,Receiver,0,0,0.0,0,0,0,0,0.0,0,2,3,21.4,0
451,B,LSU,Texas A&M,Zavion Thomas,Receiver,0,0,0.0,0,0,0,0,0.0,0,2,4,16.0,0
451,B,LSU,Texas A&M,Other WR,Receiver,0,0,0.0,0,0,0,0,0.0,0,0,1,0.0,0
451,B,LSU,Texas A&M,Kyle Parker,Receiver,0,0,0.0,0,0,0,0,0.0,0,2,3,23.5,1
451,B,LSU,Texas A&M,Nic Anderson,Receiver,0,0,0.0,0,0,0,0,0.0,0,1,1,0.0,0
452,A,LSU,Texas A&M,Garrett Nussmeier,QB,32,17,218.2,1,0,0,0,0.0,0,0,0,0.0,0
452,A,LSU,Texas A&M,Caden Durham,Rusher,0,0,0.0,0,0,0,23,92.0,2,0,0,0.0,0
452,A,LSU,Texas A&M,Ju'Juan Johnson,Rusher,0,0,0.0,0,0,0,5,21.0,0,0,0,0.0,0
452,A,LSU,Texas A&M,Harlem Berry,Rusher,0,0,0.0,0,0,0,5,20.8,0,0,0,0.0,0
452,A,LSU,Texas A&M,Kaleb Jackson,Rusher,0,0,0.0,0,0,0,1,10.2,0,0,0,0.0,0
452,A,LSU,Texas A&M,Other RB,Rusher,0,0,0.0,0,0,0,2,-5.5,0,0,0,0.0,0
452,A,LSU,Texas A&M,Garrett Nussmeier,Rusher,0,0,0.0,0,0,0,2,12.3,0,0,0,0.0,0
452,A,LSU,Texas A&M,Zavion Thomas,Receiver,0,0,0.0,0,0,0,0,0.0,0,3,6,39.0,0
452,A,LSU,Texas A&M,Nic Anderson,Receiver,0,0,0.0,0,0,0,0,0.0,0,1,2,0.0,0
452,A,LSU,Texas A&M,Trey'Dez Green,Receiver,0,0,0.0,0,0,0,0,0.0,0,3,3,47.4,0
452,A,LSU,Texas A&M,Kyle Parker,Receiver,0,0,0.0,0,0,0,0,0.0,0,1,3,8.9,0
452,A,LSU,Texas A&M,Barion Brown,Receiver,0,0,0.0,0,0,0,0,0.0,0,2,7,19.0,1
452,A,LSU,Texas A&M,Aaron Anderson,Receiver,0,0,0.0,0,0,0,0,0.0,0,5,7,70.8,0
452,A,LSU,Texas A&M,Bauer Sharp,Receiver,0,0,0.0,0,0,0,0,0.0,0,1,3,12.9,0
452,A,LSU,Texas A&M,Other WR,Receiver,0,0,0.0,0,0,0,0,0.0,0,1,1,20.4,0
452,A,Texas A&M,LSU,Marcel Reed,QB,30,16,192.7,2,1,5,0,0.0,0,0,0,0.0,0
452,A,Texas A&M,LSU,Marcel Reed,Rusher,0,0,0.0,0,0,0,3,13.9,0,0,0,0.0,0
452,A,Texas A&M,LSU,Le'Veon Moss,Rusher,0,0,0.0,0,0,0,11,50.0,0,0,0,0.0,0
452,A,Texas A&M,LSU,Rueben Owens,Rusher,0,0,0.0,0,0,0,3,13.9,0,0,0,0.0,0
452,A,Texas A&M,LSU,Miles O'Neill,Rusher,0,0,0.0,0,0,0,2,6.1,0,0,0,0.0,0
452,A,Texas A&M,LSU,Jamarion Morrow,Rusher,0,0,0.0,0,0,0,1,11.1,0,0,0,0.0,0
452,A,Texas A&M,LSU,E.J. Smith,Rusher,0,0,0.0,0,0,0,2,5.9,0,0,0,0.0,0
452,A,Texas A&M,LSU,Amari Daniels,Rusher,0,0,0.0,0,0,0,2,18.3,0,0,0,0.0,0
452,A,Texas A&M,LSU,Kevin Concepcion,Receiver,0,0,0.0,0,0,0,0,0.0,0,5,9,21.6,0
452,A,Texas A&M,LSU,Mario Craver,Receiver,0,0,0.0,0,0,0,0,0.0,0,2,4,24.0,0
452,A,Texas A&M,LSU,Ashton Bethel-Roman,Receiver,0,0,0.0,0,0,0,0,0.0,0,0,2,0.0,0
452,A,Texas A&M,LSU,Other WR,Receiver,0,0,0.0,0,0,0,0,0.0,0,7,9,121.7,2
452,A,Texas A&M,LSU,Terry Bussey,Receiver,0,0,0.0,0,0,0,0,0.0,0,1,4,16.3,0
452,A,Texas A&M,LSU,Theo Melin Ohrstrom,Receiver,0,0,0.0,0,0,0,0,0.0,0,1,2,9.1,0
453,B,Texas A&M,LSU,Marcel Reed,QB,31,21,170.9,0,0,3,0,0.0,0,0,0,0.0,0
453,B,Texas A&M,LSU,Le'Veon Moss,Rusher,0,0,0.0,0,0,0,20,89.6,2,0,0,0.0,0
453,B,Texas A&M,LSU,Miles O'Neill,Rusher,0,0,0.0,0,0,0,1,11.7,0,0,0,0.0,0
453,B,Texas A&M,LSU,Amari Daniels,Rusher,0,0,0.0,0,0,0,6,26.4,0,0,0,0.0,0
453,B,Texas A&M,LSU,Marcel Reed,Rusher,0,0,0.0,0,0,0,5,28.4,0,0,0,0.0,0
453,B,Texas A&M,LSU,E.J. Smith,Rusher,0,0,0.0,0,0,0,1,2.4,0,0,0,0.0,0
453,B,Texas A&M,LSU,Jamarion Morrow,Rusher,0,0,0.0,0,0,0,3,15.8,0,0,0,0.0,0
453,B,Texas A&M,LSU,Rueben Owens,Rusher,0,0,0.0,0,0,0,1,0.4,0,0,0,0.0,0
453,B,Texas A&M,LSU,Ashton Bethel-Roman,Receiver,0,0,0.0,0,0,0,0,0.0,0,1,2,0.0,0
453,B,Texas A&M,LSU,Other WR,Receiver,0,0,0.0,0,0,0,0,0.0,0,5,6,52.8,0
453,B,Texas A&M,LSU,Kevin Concepcion,Receiver,0,0,0.0,0,0,0,0,0.0,0,7,13,44.1,0
453,B,Texas A&M,LSU,Mario Craver,Receiver,0,0,0.0,0,0,0,0,0.0,0,6,7,69.5,0
453,B,Texas A&M,LSU,Theo Melin Ohrstrom,Receiver,0,0,0.0,0,0,0,0,0.0,0,1,2,0.1,0
453,B,Texas A&M,LSU,Terry Bussey,Receiver,0,0,0.0,0,0,0,0,0.0,0,1,1,4.5,0
453,B,LSU,Texas A&M,Garrett Nussmeier,QB,27,16,186.3,2,1,0,0,0.0,0,0,0,0.0,0
453,B,LSU,Texas A&M,Ju'Juan Johnson,Rusher,0,0,0.0,0,0,0,6,17.4,0,0,0,0.0,0
453,B,LSU,Texas A&M,Caden Durham,Rusher,0,0,0.0,0,0,0,18,110.1,2,0,0,0.0,0
453,B,LSU,Texas A&M,Harlem Berry,Rusher,0,0,0.0,0,0,0,1,7.4,0,0,0,0.0,0
453,B,LSU,Texas A&M,Garrett Nussmeier,Rusher,0,0,0.0,0,0,0,3,13.0,0,0,0,0.0,0
453,B,LSU,Texas A&M,Other RB,Rusher,0,0,0.0,0,0,0,1,0.1,0,0,0,0.0,0
453,B,LSU,Texas A&M,Zavion Thomas,Receiver,0,0,0.0,0,0,0,0,0.0,0,4,8,26.4,1
453,B,LSU,Texas A&M,Other WR,Receiver,0,0,0.0,0,0,0,0,0.0,0,1,4,22.6,0
453,B,LSU,Texas A&M,Aaron Anderson,Receiver,0,0,0.0,0,0,0,0,0.0,0,3,6,31.5,0
453,B,LSU,Texas A&M,Trey'Dez Green,Receiver,0,0,0.0,0,0,0,0,0.0,0,4,4,57.5,0
453,B,LSU,Texas A&M,Nic Anderson,Receiver,0,0,0.0,0,0,0,0,0.0,0,1,1,0.0,0
453,B,LSU,Texas A&M,Barion Brown,Receiver,0,0,0.0,0,0,0,0,0.0,0,3,3,48.2,1
453,B,LSU,Texas A&M,Bauer Sharp,Receiver,0,0,0.0,0,0,0,0,0.0,0,0,1,0.0,0
454,A,LSU,Texas A&M,Garrett Nussmeier,QB,28,13,151.0,1,0,2,0,0.0,0,0,0,0.0,0
454,A,LSU,Texas A&M,Caden Durham,Rusher,0,0,0.0,0,0,0,23,136.1,1,0,0,0.0,0
454,A,LSU,Texas A&M,Harlem Berry,Rusher,0,0,0.0,0,0,0,6,10.5,0,0,0,0.0,0
454,A,LSU,Texas A&M,Ju'Juan Johnson,Rusher,0,0,0.0,0,0,0,2,9.7,0,0,0,0.0,0
454,A,LSU,Texas A&M,Garrett Nussmeier,Rusher,0,0,0.0,0,0,0,2,11.2,0,0,0,0.0,0
454,A,LSU,Texas A&M,Other RB,Rusher,0,0,0.0,0,0,0,6,34.8,1,0,0,0.0,0
454,A,LSU,Texas A&M,Bauer Sharp,Receiver,0,0,0.0,0,0,0,0,0.0,0,3,6,18.9,0
454,A,LSU,Texas A&M,Kyle Parker,Receiver,0,0,0.0,0,0,0,0,0.0,0,1,1,4.2,0
454,A,LSU,Texas A&M,Zavion Thomas,Receiver,0,0,0.0,0,0,0,0,0.0,0,1,3,5.9,0
454,A,LSU,Texas A&M,Trey'Dez Green,Receiver,0,0,0.0,0,0,0,0,0.0,0,2,4,20.1,0
454,A,LSU,Texas A&M,Chris Hilton Jr.,Receiver,0,0,0.0,0,0,0,0,0.0,0,3,4,57.5,1
454,A,LSU,Texas A&M,Nic Anderson,Receiver,0,0,0.0,0,0,0,0,0.0,0,0,2,0.0,0
454,A,LSU,Texas A&M,Other WR,Receiver,0,0,0.0,0,0,0,0,0.0,0,0,3,0.0,0
454,A,LSU,Texas A&M,Barion Brown,Receiver,0,0,0.0,0,0,0,0,0.0,0,3,5,44.5,0
454,A,Texas A&M,LSU,Marcel Reed,QB,22,14,186.7,0,0,4,0,0.0,0,0,0,0.0,0
454,A,Texas A&M,LSU,Amari Daniels,Rusher,0,0,0.0,0,0,0,7,2.1,1,0,0,0.0,0
454,A,Texas A&M,LSU,Le'Veon Moss,Rusher,0,0,0.0,0,0,0,10,62.5,0,0,0,0.0,0
454,A,Texas A&M,LSU,Marcel Reed,Rusher,0,0,0.0,0,0,0,7,39.4,1,0,0,0.0,0
454,A,Texas A&M,LSU,Rueben Owens,Rusher,0,0,0.0,0,0,0,5,22.0,0,0,0,0.0,0
454,A,Texas A&M,LSU,E.J. Smith,Rusher,0,0,0.0,0,0,0,1,6.0,0,0,0,0.0,0
454,A,Texas A&M,LSU,Nate Boerkircher,Receiver,0,0,0.0,0,0,0,0,0.0,0,1,1,7.7,0
454,A,Texas A&M,LSU,Kevin Concepcion,Receiver,0,0,0.0,0,0,0,0,0.0,0,5,8,39.3,0
454,A,Texas A&M,LSU,Mario Craver,Receiver,0,0,0.0,0,0,0,0,0.0,0,2,6,15.8,0
454,A,Texas A&M,LSU,Amari Niblack,Receiver,0,0,0.0,0,0,0,0,0.0,0,1,1,9.1,0
454,A,Texas A&M,LSU,Theo Melin Ohrstrom,Receiver,0,0,0.0,0,0,0,0,0.0,0,0,0,0.0,0
454,A,Texas A&M,LSU,Terry Bussey,Receiver,0,0,0.0,0,0,0,0,0.0,0,2,2,36.4,0
454,A,Texas A&M,LSU,Other WR,Receiver,0,0,0.0,0,0,0,0,0.0,0,3,4,78.4,0
454,A,Texas A&M,LSU,Ashton Bethel-Roman,Receiver,0,0,0.0,0,0,0,0,0.0,0,0,0,0.0,0
455,B,Texas A&M,LSU,Marcel Reed,QB,21,14,205.1,1,0,4,0,0.0,0,0,0,0.0,0
455,B,Texas A&M,LSU,Jamarion Morrow,Rusher,0,0,0.0,0,0,0,2,4.4,0,0,0,0.0,0
455,B,Texas A&M,LSU,Le'Veon Moss,Rusher,0,0,0.0,0,0,0,15,23.9,0,0,0,0.0,0
455,B,Texas A&M,LSU,Amari Daniels,Rusher,0,0,0.0,0,0,0,5,17.0,0,0,0,0.0,0
455,B,Texas A&M,LSU,Marcel Reed,Rusher,0,0,0.0,0,0,0,12,80.8,2,0,0,0.0,0
455,B,Texas A&M,LSU,Rueben Owens,Rusher,0,0,0.0,0,0,0,5,25.8,0,0,0,0.0,0
455,B,Texas A&M,LSU,E.J. Smith,Rusher,0,0,0.0,0,0,0,3,17.1,0,0,0,0.0,0
455,B,Texas A&M,LSU,Amari Niblack,Receiver,0,0,0.0,0,0,0,0,0.0,0,1,3,42.2,0
455,B,Texas A&M,LSU,Mario Craver,Receiver,0,0,0.0,0,0,0,0,0.0,0,1,3,21.8,1
455,B,Texas A&M,LSU,Kevin Concepcion,Receiver,0,0,0.0,0,0,0,0,0.0,0,3,4,27.2,0
455,B,Texas A&M,LSU,Other WR,Receiver,0,0,0.0,0,0,0,0,0.0,0,4,6,60.3,0
455,B,Texas A&M,LSU,Ashton Bethel-Roman,Receiver,0,0,0.0,0,0,0,0,0.0,0,2,2,17.7,0
455,B,Texas A&M,LSU,Terry Bussey,Receiver,0,0,0.0,0,0,0,0,0.0,0,1,1,8.1,0
455,B,Texas A&M,LSU,Theo Melin Ohrstrom,Receiver,0,0,0.0,0,0,0,0,0.0,0,2,2,27.9,0
455,B,LSU,Texas A&M,Garrett Nussmeier,QB,44,21,253.4,1,0,2,0,0.0,0,0,0,0.0,0
455,B,LSU,Texas A&M,Harlem Berry,Rusher,0,0,0.0,0,0,0,3,11.3,0,0,0,0.0,0
455,B,LSU,Texas A&M,Caden Durham,Rusher,0,0,0.0,0,0,0,5,13.7,0,0,0,0.0,0
455,B,LSU,Texas A&M,Ju'Juan Johnson,Rusher,0,0,0.0,0,0,0,6,29.5,1,0,0,0.0,0
455,B,LSU,Texas A&M,Other RB,Rusher,0,0,0.0,0,0,0,3,1.4,0,0,0,0.0,0
455,B,LSU,Texas A&M,Kaleb Jackson,Rusher,0,0,0.0,0,0,0,1,4.2,0,0,0,0.0,0
455,B,LSU,Texas A&M,Nic Anderson,Receiver,0,0,0.0,0,0,0,0,0.0,0,2,8,38.1,0
455,B,LSU,Texas A&M,Chris Hilton Jr.,Receiver,0,0,0.0,0,0,0,0,0.0,0,2,2,12.9,0
455,B,LSU,Texas A&M,Bauer Sharp,Receiver,0,0,0.0,0,0,0,0,0.0,0,3,6,24.0,0
455,B,LSU,Texas A&M,Kyle Parker,Receiver,0,0,0.0,0,0,0,0,0.0,0,3,5,52.9,0
455,B,LSU,Texas A&M,Barion Brown,Receiver,0,0,0.0,0,0,0,0,0.0,0,3,9,38.8,0
455,B,LSU,Texas A&M,Aaron Anderson,Receiver,0,0,0.0,0,0,0,0,0.0,0,4,6,25.7,0
455,B,LSU,Texas A&M,Zavion Thomas,Receiver,0,0,0.0,0,0,0,0,0.0,0,3,3,41.2,1
455,B,LSU,Texas A&M,Trey'Dez Green,Receiver,0,0,0.0,0,0,0,0,0.0,0,1,5,19.8,0
455,B,LSU,Texas A&M,Other WR,Receiver,0,0,0.0,0,0,0,0,0.0,0,0,0,0.0,0
456,A,LSU,Texas A&M,Garrett Nussmeier,QB,26,13,128.4,0,0,3,0,0.0,0,0,0,0.0,0
456,A,LSU,Texas A&M,Ju'Juan Johnson,Rusher,0,0,0.0,0,0,0,5,42.7,0,0,0,0.0,0
456,A,LSU,Texas A&M,Harlem Berry,Rusher,0,0,0.0,0,0,0,1,2.6,0,0,0,0.0,0
456,A,LSU,Texas A&M,Garrett Nussmeier,Rusher,0,0,0.0,0,0,0,3,8.8,0,0,0,0.0,0
456,A,LSU,Texas A&M,Caden Durham,Rusher,0,0,0.0,0,0,0,12,34.0,0,0,0,0.0,0
456,A,LSU,Texas A&M,Other RB,Rusher,0,0,0.0,0,0,0,6,22.1,1,0,0,0.0,0
456,A,LSU,Texas A&M,Kaleb Jackson,Rusher,0,0,0.0,0,0,0,1,0.0,0,0,0,0.0,0
456,A,LSU,Texas A&M,Zavion Thomas,Receiver,0,0,0.0,0,0,0,0,0.0,0,1,4,11.0,0
456,A,LSU,Texas A&M,Aaron Anderson,Receiver,0,0,0.0,0,0,0,0,0.0,0,0,3,0.0,0
456,A,LSU,Texas A&M,Kyle Parker,Receiver,0,0,0.0,0,0,0,0,0.0,0,0,1,0.0,0
456,A,LSU,Texas A&M,Barion Brown,Receiver,0,0,0.0,0,0,0,0,0.0,0,5,7,49.1,0
456,A,LSU,Texas A&M,Nic Anderson,Receiver,0,0,0.0,0,0,0,0,0.0,0,2,3,23.4,0
456,A,LSU,Texas A&M,Bauer Sharp,Receiver,0,0,0.0,0,0,0,0,0.0,0,1,2,0.0,0
456,A,LSU,Texas A&M,Other WR,Receiver,0,0,0.0,0,0,0,0,0.0,0,0,1,0.0,0
456,A,LSU,Texas A&M,Chris Hilton Jr.,Receiver,0,0,0.0,0,0,0,0,0.0,0,3,4,32.2,0
456,A,LSU,Texas A&M,Trey'Dez Green,Receiver,0,0,0.0,0,0,0,0,0.0,0,1,1,12.8,0
456,A,Texas A&M,LSU,Marcel Reed,QB,30,22,234.0,2,0,5,0,0.0,0,0,0,0.0,0
456,A,Texas A&M,LSU,Rueben Owens,Rusher,0,0,0.0,0,0,0,4,28.7,0,0,0,0.0,0
456,A,Texas A&M,LSU,Amari Daniels,Rusher,0,0,0.0,0,0,0,3,5.3,0,0,0,0.0,0
456,A,Texas A&M,LSU,Le'Veon Moss,Rusher,0,0,0.0,0,0,0,7,33.1,0,0,0,0.0,0
456,A,Texas A&M,LSU,Marcel Reed,Rusher,0,0,0.0,0,0,0,8,21.1,0,0,0,0.0,0
456,A,Texas A&M,LSU,E.J. Smith,Rusher,0,0,0.0,0,0,0,1,2.1,0,0,0,0.0,0
456,A,Texas A&M,LSU,Other RB,Rusher,0,0,0.0,0,0,0,1,5.5,0,0,0,0.0,0
456,A,Texas A&M,LSU,Miles O'Neill,Rusher,0,0,0.0,0,0,0,2,2.6,0,0,0,0.0,0
456,A,Texas A&M,LSU,Kevin Concepcion,Receiver,0,0,0.0,0,0,0,0,0.0,0,5,8,69.3,0
456,A,Texas A&M,LSU,Mario Craver,Receiver,0,0,0.0,0,0,0,0,0.0,0,6,7,62.1,0
456,A,Texas A&M,LSU,Other WR,Receiver,0,0,0.0,0,0,0,0,0.0,0,3,5,47.3,1
456,A,Texas A&M,LSU,Nate Boerkircher,Receiver,0,0,0.0,0,0,0,0,0.0,0,2,2,18.8,1
456,A,Texas A&M,LSU,Theo Melin Ohrstrom,Receiver,0,0,0.0,0,0,0,0,0.0,0,4,5,24.5,0
456,A,Texas A&M,LSU,Ashton Bethel-Roman,Receiver,0,0,0.0,0,0,0,0,0.0,0,2,3,12.0,0
456,A,Texas A&M,LSU,Terry Bussey,Receiver,0,0,0.0,0,0,0,0,0.0,0,0,0,0.0,0
457,B,Texas A&M,LSU,Marcel Reed,QB,19,12,70.9,0,0,4,0,0.0,0,0,0,0.0,0
457,B,Texas A&M,LSU,Rueben Owens,Rusher,0,0,0.0,0,0,0,6,-1.1,0,0,0,0.0,0
457,B,Texas A&M,LSU,Marcel Reed,Rusher,0,0,0.0,0,0,0,4,8.1,0,0,0,0.0,0
457,B,Texas A&M,LSU,E.J. Smith,Rusher,0,0,0.0,0,0,0,4,16.7,0,0,0,0.0,0
457,B,Texas A&M,LSU,Amari Daniels,Rusher,0,0,0.0,0,0,0,3,-1.7,0,0,0,0.0,0
457,B,Texas A&M,LSU,Le'Veon Moss,Rusher,0,0,0.0,0,0,0,7,18.9,0,0,0,0.0,0
457,B,Texas A&M,LSU,Jamarion Morrow,Rusher,0,0,0.0,0,0,0,1,7.0,0,0,0,0.0,0
457,B,Texas A&M,LSU,Other WR,Receiver,0,0,0.0,0,0,0,0,0.0,0,1,2,10.6,0
457,B,Texas A&M,LSU,Theo Melin Ohrstrom,Receiver,0,0,0.0,0,0,0,0,0.0,0,2,3,7.3,0
457,B,Texas A&M,LSU,Mario Craver,Receiver,0,0,0.0,0,0,0,0,0.0,0,5,8,30.1,0
457,B,Texas A&M,LSU,Amari Niblack,Receiver,0,0,0.0,0,0,0,0,0.0,0,0,1,0.0,0
457,B,Texas A&M,LSU,Ashton Bethel-Roman,Receiver,0,0,0.0,0,0,0,0,0.0,0,1,2,8.4,0
457,B,Texas A&M,LSU,Kevin Concepcion,Receiver,0,0,0.0,0,0,0,0,0.0,0,2,2,13.3,0
457,B,Texas A&M,LSU,Terry Bussey,Receiver,0,0,0.0,0,0,0,0,0.0,0,1,1,1.2,0
457,B,LSU,Texas A&M,Garrett Nussmeier,QB,29,17,136.7,2,0,1,0,0.0,0,0,0,0.0,0
457,B,LSU,Texas A&M,Caden Durham,Rusher,0,0,0.0,0,0,0,19,108.5,2,0,0,0.0,0
457,B,LSU,Texas A&M,Harlem Berry,Rusher,0,0,0.0,0,0,0,7,25.0,0,0,0,0.0,0
457,B,LSU,Texas A&M,Ju'Juan Johnson,Rusher,0,0,0.0,0,0,0,3,24.4,0,0,0,0.0,0
457,B,LSU,Texas A&M,Garrett Nussmeier,Rusher,0,0,0.0,0,0,0,3,30.5,0,0,0,0.0,0
457,B,LSU,Texas A&M,Other RB,Rusher,0,0,0.0,0,0,0,2,-0.5,0,0,0,0.0,0
457,B,LSU,Texas A&M,Kaleb Jackson,Rusher,0,0,0.0,0,0,0,3,21.2,0,0,0,0.0,0
457,B,LSU,Texas A&M,Kyle Parker,Receiver,0,0,0.0,0,0,0,0,0.0,0,2,5,26.4,0
457,B,LSU,Texas A&M,Other WR,Receiver,0,0,0.0,0,0,0,0,0.0,0,3,4,14.1,0
457,B,LSU,Texas A&M,Bauer Sharp,Receiver,0,0,0.0,0,0,0,0,0.0,0,1,2,3.1,0
457,B,LSU,Texas A&M,Zavion Thomas,Receiver,0,0,0.0,0,0,0,0,0.0,0,3,4,32.5,1
457,B,LSU,Texas A&M,Aaron Anderson,Receiver,0,0,0.0,0,0,0,0,0.0,0,3,5,23.1,0
457,B,LSU,Texas A&M,Barion Brown,Receiver,0,0,0.0,0,0,0,0,0.0,0,3,5,19.1,0
457,B,LSU,Texas A&M,Chris Hilton Jr.,Receiver,0,0,0.0,0,0,0,0,0.0,0,2,2,18.4,1
457,B,LSU,Texas A&M,Trey'Dez Green,Receiver,0,0,0.0,0,0,0,0,0.0,0,0,2,0.0,0
458,A,LSU,Texas A&M,Garrett Nussmeier,QB,27,13,113.0,0,0,2,0,0.0,0,0,0,0.0,0
458,A,LSU,Texas A&M,Harlem Berry,Rusher,0,0,0.0,0,0,0,7,28.8,0,0,0,0.0,0
458,A,LSU,Texas A&M,Ju'Juan Johnson,Rusher,0,0,0.0,0,0,0,11,37.2,1,0,0,0.0,0
458,A,LSU,Texas A&M,Caden Durham,Rusher,0,0,0.0,0,0,0,9,53.9,1,0,0,0.0,0
458,A,LSU,Texas A&M,Other RB,Rusher,0,0,0.0,0,0,0,1,-3.9,0,0,0,0.0,0
458,A,LSU,Texas A&M,Garrett Nussmeier,Rusher,0,0,0.0,0,0,0,1,7.6,0,0,0,0.0,0
458,A,LSU,Texas A&M,Kaleb Jackson,Rusher,0,0,0.0,0,0,0,1,-3.9,0,0,0,0.0,0
458,A,LSU,Texas A&M,Barion Brown,Receiver,0,0,0.0,0,0,0,0,0.0,0,1,3,0.0,0
458,A,LSU,Texas A&M,Aaron Anderson,Receiver,0,0,0.0,0,0,0,0,0.0,0,2,6,35.2,0
458,A,LSU,Texas A&M,Nic Anderson,Receiver,0,0,0.0,0,0,0,0,0.0,0,2,2,0.0,0
458,A,LSU,Texas A&M,Zavion Thomas,Receiver,0,0,0.0,0,0,0,0,0.0,0,2,4,4.2,0
458,A,LSU,Texas A&M,Trey'Dez Green,Receiver,0,0,0.0,0,0,0,0,0.0,0,2,4,25.5,0
458,A,LSU,Texas A&M,Kyle Parker,Receiver,0,0,0.0,0,0,0,0,0.0,0,1,3,0.0,0
458,A,LSU,Texas A&M,Other WR,Receiver,0,0,0.0,0,0,0,0,0.0,0,1,1,31.4,0
458,A,LSU,Texas A&M,Bauer Sharp,Receiver,0,0,0.0,0,0,0,0,0.0,0,2,4,16.7,0
458,A,Texas A&M,LSU,Marcel Reed,QB,21,15,126.6,1,0,4,0,0.0,0,0,0,0.0,0
458,A,Texas A&M,LSU,Rueben Owens,Rusher,0,0,0.0,0,0,0,5,8.7,0,0,0,0.0,0
458,A,Texas A&M,LSU,Le'Veon Moss,Rusher,0,0,0.0,0,0,0,11,32.1,1,0,0,0.0,0
458,A,Texas A&M,LSU,Marcel Reed,Rusher,0,0,0.0,0,0,0,9,21.8,0,0,0,0.0,0
458,A,Texas A&M,LSU,Amari Daniels,Rusher,0,0,0.0,0,0,0,9,33.5,1,0,0,0.0,0
458,A,Texas A&M,LSU,Miles O'Neill,Rusher,0,0,0.0,0,0,0,1,-0.7,0,0,0,0.0,0
458,A,Texas A&M,LSU,Mario Craver,Receiver,0,0,0.0,0,0,0,0,0.0,0,3,5,9.4,0
458,A,Texas A&M,LSU,Amari Niblack,Receiver,0,0,0.0,0,0,0,0,0.0,0,2,2,21.4,0
458,A,Texas A&M,LSU,Kevin Concepcion,Receiver,0,0,0.0,0,0,0,0,0.0,0,7,8,35.3,0
458,A,Texas A&M,LSU,Ashton Bethel-Roman,Receiver,0,0,0.0,0,0,0,0,0.0,0,1,1,23.5,1
458,A,Texas A&M,LSU,Terry Bussey,Receiver,0,0,0.0,0,0,0,0,0.0,0,0,2,0.0,0
458,A,Texas A&M,LSU,Other WR,Receiver,0,0,0.0,0,0,0,0,0.0,0,2,3,37.0,0
459,B,Texas A&M,LSU,Marcel Reed,QB,20,15,148.4,0,0,3,0,0.0,0,0,0,0.0,0
459,B,Texas A&M,LSU,Amari Daniels,Rusher,0,0,0.0,0,0,0,6,41.0,1,0,0,0.0,0
459,B,Texas A&M,LSU,Le'Veon Moss,Rusher,0,0,0.0,0,0,0,13,43.3,0,0,0,0.0,0
459,B,Texas A&M,LSU,Rueben Owens,Rusher,0,0,0.0,0,0,0,6,42.2,1,0,0,0.0,0
459,B,Texas A&M,LSU,Marcel Reed,Rusher,0,0,0.0,0,0,0,8,25.2,0,0,0,0.0,0
459,B,Texas A&M,LSU,Miles O'Neill,Rusher,0,0,0.0,0,0,0,2,18.8,1,0,0,0.0,0
459,B,Texas A&M,LSU,E.J. Smith,Rusher,0,0,0.0,0,0,0,1,7.6,0,0,0,0.0,0
459,B,Texas A&M,LSU,Ashton Bethel-Roman,Receiver,0,0,0.0,0,0,0,0,0.0,0,0,1,0.0,0
459,B,Texas A&M,LSU,Terry Bussey,Receiver,0,0,0.0,0,0,0,0,0.0,0,1,1,3.6,0
459,B,Texas A&M,LSU,Kevin Concepcion,Receiver,0,0,0.0,0,0,0,0,0.0,0,5,6,78.9,0
459,B,Texas A&M,LSU,Other WR,Receiver,0,0,0.0,0,0,0,0,0.0,0,3,5,6.4,0
459,B,Texas A&M,LSU,Amari Niblack,Receiver,0,0,0.0,0,0,0,0,0.0,0,1,2,7.1,0
459,B,Texas A&M,LSU,Mario Craver,Receiver,0,0,0.0,0,0,0,0,0.0,0,4,4,46.6,0
459,B,Texas A&M,LSU,Theo Melin Ohrstrom,Receiver,0,0,0.0,0,0,0,0,0.0,0,1,1,5.8,0
459,B,LSU,Texas A&M,Garrett Nussmeier,QB,35,19,188.6,0,0,2,0,0.0,0,0,0,0.0,0
459,B,LSU,Texas A&M,Ju'Juan Johnson,Rusher,0,0,0.0,0,0,0,4,12.8,0,0,0,0.0,0
459,B,LSU,Texas A&M,Caden Durham,Rusher,0,0,0.0,0,0,0,15,63.6,2,0,0,0.0,0
459,B,LSU,Texas A&M,Kaleb Jackson,Rusher,0,0,0.0,0,0,0,2,0.9,0,0,0,0.0,0
459,B,LSU,Texas A&M,Harlem Berry,Rusher,0,0,0.0,0,0,0,2,2.0,0,0,0,0.0,0
459,B,LSU,Texas A&M,Garrett Nussmeier,Rusher,0,0,0.0,0,0,0,1,3.4,0,0,0,0.0,0
459,B,LSU,Texas A&M,Other WR,Receiver,0,0,0.0,0,0,0,0,0.0,0,0,2,0.0,0
459,B,LSU,Texas A&M,Aaron Anderson,Receiver,0,0,0.0,0,0,0,0,0.0,0,6,9,55.2,0
459,B,LSU,Texas A&M,Bauer Sharp,Receiver,0,0,0.0,0,0,0,0,0.0,0,5,8,56.4,0
459,B,LSU,Texas A&M,Trey'Dez Green,Receiver,0,0,0.0,0,0,0,0,0.0,0,2,3,24.6,0
459,B,LSU,Texas A&M,Zavion Thomas,Receiver,0,0,0.0,0,0,0,0,0.0,0,2,4,5.7,0
459,B,LSU,Texas A&M,Barion Brown,Receiver,0,0,0.0,0,0,0,0,0.0,0,3,6,39.0,0
459,B,LSU,Texas A&M,Nic Anderson,Receiver,0,0,0.0,0,0,0,0,0.0,0,0,1,0.0,0
459,B,LSU,Texas A&M,Kyle Parker,Receiver,0,0,0.0,0,0,0,0,0.0,0,1,2,7.6,0
460,A,LSU,Texas A&M,Garrett Nussmeier,QB,34,19,188.9,1,0,3,0,0.0,0,0,0,0.0,0
460,A,LSU,Texas A&M,Caden Durham,Rusher,0,0,0.0,0,0,0,11,70.4,1,0,0,0.0,0
460,A,LSU,Texas A&M,Harlem Berry,Rusher,0,0,0.0,0,0,0,4,15.9,0,0,0,0.0,0
460,A,LSU,Texas A&M,Kaleb Jackson,Rusher,0,0,0.0,0,0,0,3,22.4,0,0,0,0.0,0
460,A,LSU,Texas A&M,Other RB,Rusher,0,0,0.0,0,0,0,3,-1.7,0,0,0,0.0,0
460,A,LSU,Texas A&M,Ju'Juan Johnson,Rusher,0,0,0.0,0,0,0,4,12.8,0,0,0,0.0,0
460,A,LSU,Texas A&M,Garrett Nussmeier,Rusher,0,0,0.0,0,0,0,1,9.4,0,0,0,0.0,0
460,A,LSU,Texas A&M,Trey'Dez Green,Receiver,0,0,0.0,0,0,0,0,0.0,0,2,3,7.3,0
460,A,LSU,Texas A&M,Kyle Parker,Receiver,0,0,0.0,0,0,0,0,0.0,0,1,2,20.2,0
460,A,LSU,Texas A&M,Barion Brown,Receiver,0,0,0.0,0,0,0,0,0.0,0,2,8,21.1,0
460,A,LSU,Texas A&M,Bauer Sharp,Receiver,0,0,0.0,0,0,0,0,0.0,0,3,3,33.8,1
460,A,LSU,Texas A&M,Nic Anderson,Receiver,0,0,0.0,0,0,0,0,0.0,0,3,5,21.2,0
460,A,LSU,Texas A&M,Other WR,Receiver,0,0,0.0,0,0,0,0,0.0,0,2,3,23.8,0
460,A,LSU,Texas A&M,Aaron Anderson,Receiver,0,0,0.0,0,0,0,0,0.0,0,2,3,28.9,0
460,A,LSU,Texas A&M,Zavion Thomas,Receiver,0,0,0.0,0,0,0,0,0.0,0,4,7,32.6,0
460,A,Texas A&M,LSU,Marcel Reed,QB,28,18,191.6,0,0,4,0,0.0,0,0,0,0.0,0
460,A,Texas A&M,LSU,Miles O'Neill,Rusher,0,0,0.0,0,0,0,4,14.4,1,0,0,0.0,0
460,A,Texas A&M,LSU,Jamarion Morrow,Rusher,0,0,0.0,0,0,0,2,11.2,0,0,0,0.0,0
460,A,Texas A&M,LSU,Le'Veon Moss,Rusher,0,0,0.0,0,0,0,8,50.9,2,0,0,0.0,0
460,A,Texas A&M,LSU,Marcel Reed,Rusher,0,0,0.0,0,0,0,8,14.4,0,0,0,0.0,0
460,A,Texas A&M,LSU,Amari Daniels,Rusher,0,0,0.0,0,0,0,4,22.5,0,0,0,0.0,0
460,A,Texas A&M,LSU,Rueben Owens,Rusher,0,0,0.0,0,0,0,2,6.9,0,0,0,0.0,0
460,A,Texas A&M,LSU,E.J. Smith,Rusher,0,0,0.0,0,0,0,1,18.8,0,0,0,0.0,0
460,A,Texas A&M,LSU,Mario Craver,Receiver,0,0,0.0,0,0,0,0,0.0,0,5,7,78.8,0
460,A,Texas A&M,LSU,Other WR,Receiver,0,0,0.0,0,0,0,0,0.0,0,1,3,11.1,0
460,A,Texas A&M,LSU,Kevin Concepcion,Receiver,0,0,0.0,0,0,0,0,0.0,0,8,12,57.9,0
460,A,Texas A&M,LSU,Terry Bussey,Receiver,0,0,0.0,0,0,0,0,0.0,0,1,2,0.6,0
460,A,Texas A&M,LSU,Theo Melin Ohrstrom,Receiver,0,0,0.0,0,0,0,0,0.0,0,2,3,25.9,0
460,A,Texas A&M,LSU,Ashton Bethel-Roman,Receiver,0,0,0.0,0,0,0,0,0.0,0,1,1,17.3,0
461,B,Texas A&M,LSU,Marcel Reed,QB,25,19,194.7,2,0,3,0,0.0,0,0,0,0.0,0
461,B,Texas A&M,LSU,Amari Daniels,Rusher,0,0,0.0,0,0,0,8,42.1,0,0,0,0.0,0
461,B,Texas A&M,LSU,Le'Veon Moss,Rusher,0,0,0.0,0,0,0,17,61.3,0,0,0,0.0,0
461,B,Texas A&M,LSU,Marcel Reed,Rusher,0,0,0.0,0,0,0,9,40.9,0,0,0,0.0,0
461,B,Texas A&M,LSU,E.J. Smith,Rusher,0,0,0.0,0,0,0,1,1.2,0,0,0,0.0,0
461,B,Texas A&M,LSU,Rueben Owens,Rusher,0,0,0.0,0,0,0,3,-2.2,0,0,0,0.0,0
461,B,Texas A&M,LSU,Kevin Concepcion,Receiver,0,0,0.0,0,0,0,0,0.0,0,2,4,43.3,0
461,B,Texas A&M,LSU,Mario Craver,Receiver,0,0,0.0,0,0,0,0,0.0,0,4,5,43.7,0
461,B,Texas A&M,LSU,Ashton Bethel-Roman,Receiver,0,0,0.0,0,0,0,0,0.0,0,6,6,42.6,1
461,B,Texas A&M,LSU,Other WR,Receiver,0,0,0.0,0,0,0,0,0.0,0,3,5,33.3,0
461,B,Texas A&M,LSU,Theo Melin Ohrstrom,Receiver,0,0,0.0,0,0,0,0,0.0,0,2,2,21.3,0
461,B,Texas A&M,LSU,Terry Bussey,Receiver,0,0,0.0,0,0,0,0,0.0,0,1,2,10.4,1
461,B,Texas A&M,LSU,Nate Boerkircher,Receiver,0,0,0.0,0,0,0,0,0.0,0,1,1,0.0,0
461,B,LSU,Texas A&M,Garrett Nussmeier,QB,28,18,207.0,3,0,1,0,0.0,0,0,0,0.0,0
461,B,LSU,Texas A&M,Garrett Nussmeier,Rusher,0,0,0.0,0,0,0,2,1.0,0,0,0,0.0,0
461,B,LSU,Texas A&M,Caden Durham,Rusher,0,0,0.0,0,0,0,14,59.3,0,0,0,0.0,0
461,B,LSU,Texas A&M,Harlem Berry,Rusher,0,0,0.0,0,0,0,2,8.3,0,0,0,0.0,0
461,B,LSU,Texas A&M,Ju'Juan Johnson,Rusher,0,0,0.0,0,0,0,3,7.5,0,0,0,0.0,0
461,B,LSU,Texas A&M,Other RB,Rusher,0,0,0.0,0,0,0,1,2.6,0,0,0,0.0,0
461,B,LSU,Texas A&M,Kaleb Jackson,Rusher,0,0,0.0,0,0,0,4,27.2,0,0,0,0.0,0
461,B,LSU,Texas A&M,Kyle Parker,Receiver,0,0,0.0,0,0,0,0,0.0,0,3,3,15.7,0
461,B,LSU,Texas A&M,Trey'Dez Green,Receiver,0,0,0.0,0,0,0,0,0.0,0,1,3,22.1,0
461,B,LSU,Texas A&M,Chris Hilton Jr.,Receiver,0,0,0.0,0,0,0,0,0.0,0,0,1,0.0,0
461,B,LSU,Texas A&M,Barion Brown,Receiver,0,0,0.0,0,0,0,0,0.0,0,2,4,16.9,0
461,B,LSU,Texas A&M,Aaron Anderson,Receiver,0,0,0.0,0,0,0,0,0.0,0,5,8,44.0,1
461,B,LSU,Texas A&M,Zavion Thomas,Receiver,0,0,0.0,0,0,0,0,0.0,0,3,4,27.1,1
461,B,LSU,Texas A&M,Nic Anderson,Receiver,0,0,0.0,0,0,0,0,0.0,0,2,2,48.7,0
461,B,LSU,Texas A&M,Other WR,Receiver,0,0,0.0,0,0,0,0,0.0,0,0,1,0.0,0
461,B,LSU,Texas A&M,Bauer Sharp,Receiver,0,0,0.0,0,0,0,0,0.0,0,2,2,32.5,1
462,A,LSU,Texas A&M,Garrett Nussmeier,QB,30,19,239.2,1,0,1,0,0.0,0,0,0,0.0,0
462,A,LSU,Texas A&M,Harlem Berry,Rusher,0,0,0.0,0,0,0,4,16.7,0,0,0,0.0,0
462,A,LSU,Texas A&M,Caden Durham,Rusher,0,0,0.0,0,0,0,15,66.2,2,0,0,0.0,0
462,A,LSU,Texas A&M,Ju'Juan Johnson,Rusher,0,0,0.0,0,0,0,9,30.0,0,0,0,0.0,0
462,A,LSU,Texas A&M,Kaleb Jackson,Rusher,0,0,0.0,0,0,0,1,5.6,0,0,0,0.0,0
462,A,LSU,Texas A&M,Other RB,Rusher,0,0,0.0,0,0,0,3,14.0,0,0,0,0.0,0
462,A,LSU,Texas A&M,Garrett Nussmeier,Rusher,0,0,0.0,0,0,0,1,-2.4,0,0,0,0.0,0
462,A,LSU,Texas A&M,Kyle Parker,Receiver,0,0,0.0,0,0,0,0,0.0,0,2,3,40.3,0
462,A,LSU,Texas A&M,Aaron Anderson,Receiver,0,0,0.0,0,0,0,0,0.0,0,3,5,23.8,0
462,A,LSU,Texas A&M,Barion Brown,Receiver,0,0,0.0,0,0,0,0,0.0,0,8,8,104.8,1
462,A,LSU,Texas A&M,Other WR,Receiver,0,0,0.0,0,0,0,0,0.0,0,0,3,0.0,0
462,A,LSU,Texas A&M,Nic Anderson,Receiver,0,0,0.0,0,0,0,0,0.0,0,1,2,16.3,0
462,A,LSU,Texas A&M,Zavion Thomas,Receiver,0,0,0.0,0,0,0,0,0.0,0,1,2,6.2,0
462,A,LSU,Texas A&M,Bauer Sharp,Receiver,0,0,0.0,0,0,0,0,0.0,0,0,2,0.0,0
462,A,LSU,Texas A&M,Trey'Dez Green,Receiver,0,0,0.0,0,0,0,0,0.0,0,3,4,42.3,0
462,A,LSU,Texas A&M,Chris Hilton Jr.,Receiver,0,0,0.0,0,0,0,0,0.0,0,1,1,5.6,0
462,A,Texas A&M,LSU,Marcel Reed,QB,22,11,152.8,1,0,5,0,0.0,0,0,0,0.0,0
462,A,Texas A&M,LSU,Marcel Reed,Rusher,0,0,0.0,0,0,0,5,12.1,0,0,0,0.0,0
462,A,Texas A&M,LSU,Rueben Owens,Rusher,0,0,0.0,0,0,0,3,15.6,0,0,0,0.0,0
462,A,Texas A&M,LSU,Jamarion Morrow,Rusher,0,0,0.0,0,0,0,1,2.2,0,0,0,0.0,0
462,A,Texas A&M,LSU,Amari Daniels,Rusher,0,0,0.0,0,0,0,6,13.2,0,0,0,0.0,0
462,A,Texas A&M,LSU,Le'Veon Moss,Rusher,0,0,0.0,0,0,0,14,99.1,1,0,0,0.0,0
462,A,Texas A&M,LSU,Miles O'Neill,Rusher,0,0,0.0,0,0,0,2,7.4,0,0,0,0.0,0
462,A,Texas A&M,LSU,E.J. Smith,Rusher,0,0,0.0,0,0,0,1,1.8,0,0,0,0.0,0
462,A,Texas A&M,LSU,Mario Craver,Receiver,0,0,0.0,0,0,0,0,0.0,0,5,7,72.8,0
462,A,Texas A&M,LSU,Other WR,Receiver,0,0,0.0,0,0,0,0,0.0,0,3,6,32.1,0
462,A,Texas A&M,LSU,Ashton Bethel-Roman,Receiver,0,0,0.0,0,0,0,0,0.0,0,1,3,21.0,0
462,A,Texas A&M,LSU,Kevin Concepcion,Receiver,0,0,0.0,0,0,0,0,0.0,0,1,3,10.0,0
462,A,Texas A&M,LSU,Terry Bussey,Receiver,0,0,0.0,0,0,0,0,0.0,0,0,1,0.0,0
462,A,Texas A&M,LSU,Theo Melin Ohrstrom,Receiver,0,0,0.0,0,0,0,0,0.0,0,0,1,0.0,0
462,A,Texas A&M,LSU,Amari Niblack,Receiver,0,0,0.0,0,0,0,0,0.0,0,1,1,17.0,1
463,B,Texas A&M,LSU,Marcel Reed,QB,30,20,199.8,0,0,8,0,0.0,0,0,0,0.0,0
463,B,Texas A&M,LSU,Marcel Reed,Rusher,0,0,0.0,0,0,0,8,3.0,0,0,0,0.0,0
463,B,Texas A&M,LSU,Amari Daniels,Rusher,0,0,0.0,0,0,0,4,17.7,0,0,0,0.0,0
463,B,Texas A&M,LSU,E.J. Smith,Rusher,0,0,0.0,0,0,0,2,12.7,0,0,0,0.0,0
463,B,Texas A&M,LSU,Le'Veon Moss,Rusher,0,0,0.0,0,0,0,9,32.9,0,0,0,0.0,0
463,B,Texas A&M,LSU,Rueben Owens,Rusher,0,0,0.0,0,0,0,7,10.1,0,0,0,0.0,0
463,B,Texas A&M,LSU,Jamarion Morrow,Rusher,0,0,0.0,0,0,0,1,11.1,0,0,0,0.0,0
463,B,Texas A&M,LSU,Miles O'Neill,Rusher,0,0,0.0,0,0,0,1,4.9,0,0,0,0.0,0
463,B,Texas A&M,LSU,Other WR,Receiver,0,0,0.0,0,0,0,0,0.0,0,2,4,29.9,0
463,B,Texas A&M,LSU,Mario Craver,Receiver,0,0,0.0,0,0,0,0,0.0,0,7,9,35.5,0
463,B,Texas A&M,LSU,Theo Melin Ohrstrom,Receiver,0,0,0.0,0,0,0,0,0.0,0,3,3,39.8,0
463,B,Texas A&M,LSU,Terry Bussey,Receiver,0,0,0.0,0,0,0,0,0.0,0,2,3,33.7,0
463,B,Texas A&M,LSU,Kevin Concepcion,Receiver,0,0,0.0,0,0,0,0,0.0,0,5,7,60.9,0
463,B,Texas A&M,LSU,Ashton Bethel-Roman,Receiver,0,0,0.0,0,0,0,0,0.0,0,0,3,0.0,0
463,B,Texas A&M,LSU,Amari Niblack,Receiver,0,0,0.0,0,0,0,0,0.0,0,1,1,0.0,0
463,B,LSU,Texas A&M,Garrett Nussmeier,QB,21,12,100.7,1,1,0,0,0.0,0,0,0,0.0,0
463,B,LSU,Texas A&M,Ju'Juan Johnson,Rusher,0,0,0.0,0,0,0,7,46.7,0,0,0,0.0,0
463,B,LSU,Texas A&M,Caden Durham,Rusher,0,0,0.0,0,0,0,10,28.3,0,0,0,0.0,0
463,B,LSU,Texas A&M,Other RB,Rusher,0,0,0.0,0,0,0,3,14.3,0,0,0,0.0,0
463,B,LSU,Texas A&M,Harlem Berry,Rusher,0,0,0.0,0,0,0,5,22.4,0,0,0,0.0,0
463,B,LSU,Texas A&M,Garrett Nussmeier,Rusher,0,0,0.0,0,0,0,2,0.1,0,0,0,0.0,0
463,B,LSU,Texas A&M,Kaleb Jackson,Rusher,0,0,0.0,0,0,0,1,-2.3,0,0,0,0.0,0
463,B,LSU,Texas A&M,Chris Hilton Jr.,Receiver,0,0,0.0,0,0,0,0,0.0,0,2,2,19.7,0
463,B,LSU,Texas A&M,Aaron Anderson,Receiver,0,0,0.0,0,0,0,0,0.0,0,4,7,59.6,0
463,B,LSU,Texas A&M,Bauer Sharp,Receiver,0,0,0.0,0,0,0,0,0.0,0,2,5,9.4,0
463,B,LSU,Texas A&M,Trey'Dez Green,Receiver,0,0,0.0,0,0,0,0,0.0,0,0,3,0.0,0
463,B,LSU,Texas A&M,Other WR,Receiver,0,0,0.0,0,0,0,0,0.0,0,1,1,0.6,0
463,B,LSU,Texas A&M,Zavion Thomas,Receiver,0,0,0.0,0,0,0,0,0.0,0,2,2,11.4,1
463,B,LSU,Texas A&M,Kyle Parker,Receiver,0,0,0.0,0,0,0,0,0.0,0,1,1,0.0,0
464,A,LSU,Texas A&M,Garrett Nussmeier,QB,33,17,179.4,0,0,2,0,0.0,0,0,0,0.0,0
464,A,LSU,Texas A&M,Garrett Nussmeier,Rusher,0,0,0.0,0,0,0,3,11.6,0,0,0,0.0,0
464,A,LSU,Texas A&M,Harlem Berry,Rusher,0,0,0.0,0,0,0,2,8.1,0,0,0,0.0,0
464,A,LSU,Texas A&M,Caden Durham,Rusher,0,0,0.0,0,0,0,9,23.3,0,0,0,0.0,0
464,A,LSU,Texas A&M,Ju'Juan Johnson,Rusher,0,0,0.0,0,0,0,6,31.3,1,0,0,0.0,0
464,A,LSU,Texas A&M,Kaleb Jackson,Rusher,0,0,0.0,0,0,0,1,7.2,0,0,0,0.0,0
464,A,LSU,Texas A&M,Other RB,Rusher,0,0,0.0,0,0,0,3,16.3,0,0,0,0.0,0
464,A,LSU,Texas A&M,Aaron Anderson,Receiver,0,0,0.0,0,0,0,0,0.0,0,4,8,29.4,0
464,A,LSU,Texas A&M,Barion Brown,Receiver,0,0,0.0,0,0,0,0,0.0,0,2,4,30.8,0
464,A,LSU,Texas A&M,Nic Anderson,Receiver,0,0,0.0,0,0,0,0,0.0,0,2,4,26.8,0
464,A,LSU,Texas A&M,Kyle Parker,Receiver,0,0,0.0,0,0,0,0,0.0,0,1,3,4.1,0
464,A,LSU,Texas A&M,Trey'Dez Green,Receiver,0,0,0.0,0,0,0,0,0.0,0,4,7,37.2,0
464,A,LSU,Texas A&M,Chris Hilton Jr.,Receiver,0,0,0.0,0,0,0,0,0.0,0,0,1,0.0,0
464,A,LSU,Texas A&M,Bauer Sharp,Receiver,0,0,0.0,0,0,0,0,0.0,0,2,2,19.8,0
464,A,LSU,Texas A&M,Zavion Thomas,Receiver,0,0,0.0,0,0,0,0,0.0,0,2,2,31.4,0
464,A,LSU,Texas A&M,Other WR,Receiver,0,0,0.0,0,0,0,0,0.0,0,0,2,0.0,0
464,A,Texas A&M,LSU,Marcel Reed,QB,16,12,122.5,0,0,3,0,0.0,0,0,0,0.0,0
464,A,Texas A&M,LSU,Le'Veon Moss,Rusher,0,0,0.0,0,0,0,20,83.8,0,0,0,0.0,0
464,A,Texas A&M,LSU,Amari Daniels,Rusher,0,0,0.0,0,0,0,3,2.9,0,0,0,0.0,0
464,A,Texas A&M,LSU,Jamarion Morrow,Rusher,0,0,0.0,0,0,0,2,13.4,0,0,0,0.0,0
464,A,Texas A&M,LSU,Marcel Reed,Rusher,0,0,0.0,0,0,0,8,53.2,2,0,0,0.0,0
464,A,Texas A&M,LSU,E.J. Smith,Rusher,0,0,0.0,0,0,0,3,19.6,0,0,0,0.0,0
464,A,Texas A&M,LSU,Rueben Owens,Rusher,0,0,0.0,0,0,0,4,25.6,1,0,0,0.0,0
464,A,Texas A&M,LSU,Miles O'Neill,Rusher,0,0,0.0,0,0,0,1,7.6,0,0,0,0.0,0
464,A,Texas A&M,LSU,Kevin Concepcion,Receiver,0,0,0.0,0,0,0,0,0.0,0,6,8,69.4,0
464,A,Texas A&M,LSU,Other WR,Receiver,0,0,0.0,0,0,0,0,0.0,0,2,3,30.3,0
464,A,Texas A&M,LSU,Terry Bussey,Receiver,0,0,0.0,0,0,0,0,0.0,0,1,2,7.9,0
464,A,Texas A&M,LSU,Mario Craver,Receiver,0,0,0.0,0,0,0,0,0.0,0,2,2,14.9,0
464,A,Texas A&M,LSU,Theo Melin Ohrstrom,Receiver,0,0,0.0,0,0,0,0,0.0,0,1,1,0.0,0
465,B,Texas A&M,LSU,Marcel Reed,QB,28,19,246.9,1,0,5,0,0.0,0,0,0,0.0,0
465,B,Texas A&M,LSU,Marcel Reed,Rusher,0,0,0.0,0,0,0,5,58.1,2,0,0,0.0,0
465,B,Texas A&M,LSU,Le'Veon Moss,Rusher,0,0,0.0,0,0,0,15,74.4,1,0,0,0.0,0
465,B,Texas A&M,LSU,Rueben Owens,Rusher,0,0,0.0,0,0,0,7,20.1,0,0,0,0.0,0
465,B,Texas A&M,LSU,Amari Daniels,Rusher,0,0,0.0,0,0,0,4,8.6,0,0,0,0.0,0
465,B,Texas A&M,LSU,E.J. Smith,Rusher,0,0,0.0,0,0,0,2,1.7,0,0,0,0.0,0
465,B,Texas A&M,LSU,Kevin Concepcion,Receiver,0,0,0.0,0,0,0,0,0.0,0,3,7,56.9,0
465,B,Texas A&M,LSU,Other WR,Receiver,0,0,0.0,0,0,0,0,0.0,0,8,10,116.7,0
465,B,Texas A&M,LSU,Ashton Bethel-Roman,Receiver,0,0,0.0,0,0,0,0,0.0,0,2,2,0.3,0
465,B,Texas A&M,LSU,Mario Craver,Receiver,0,0,0.0,0,0,0,0,0.0,0,2,5,34.8,1
465,B,Texas A&M,LSU,Theo Melin Ohrstrom,Receiver,0,0,0.0,0,0,0,0,0.0,0,3,3,21.6,0
465,B,Texas A&M,LSU,Nate Boerkircher,Receiver,0,0,0.0,0,0,0,0,0.0,0,1,1,16.5,0
465,B,LSU,Texas A&M,Garrett Nussmeier,QB,32,21,164.3,0,0,6,0,0.0,0,0,0,0.0,0
465,B,LSU,Texas A&M,Harlem Berry,Rusher,0,0,0.0,0,0,0,5,12.4,0,0,0,0.0,0
465,B,LSU,Texas A&M,Garrett Nussmeier,Rusher,0,0,0.0,0,0,0,2,3.4,0,0,0,0.0,0
465,B,LSU,Texas A&M,Ju'Juan Johnson,Rusher,0,0,0.0,0,0,0,3,20.4,0,0,0,0.0,0
465,B,LSU,Texas A&M,Caden Durham,Rusher,0,0,0.0,0,0,0,6,7.9,0,0,0,0.0,0
465,B,LSU,Texas A&M,Trey'Dez Green,Receiver,0,0,0.0,0,0,0,0,0.0,0,5,5,17.1,0
465,B,LSU,Texas A&M,Other WR,Receiver,0,0,0.0,0,0,0,0,0.0,0,1,2,13.7,0
465,B,LSU,Texas A&M,Aaron Anderson,Receiver,0,0,0.0,0,0,0,0,0.0,0,0,3,0.0,0
465,B,LSU,Texas A&M,Zavion Thomas,Receiver,0,0,0.0,0,0,0,0,0.0,0,0,1,0.0,0
465,B,LSU,Texas A&M,Barion Brown,Receiver,0,0,0.0,0,0,0,0,0.0,0,6,7,44.8,0
465,B,LSU,Texas A&M,Nic Anderson,Receiver,0,0,0.0,0,0,0,0,0.0,0,3,3,31.5,0
465,B,LSU,Texas A&M,Kyle Parker,Receiver,0,0,0.0,0,0,0,0,0.0,0,3,4,15.9,0
465,B,LSU,Texas A&M,Chris Hilton Jr.,Receiver,0,0,0.0,0,0,0,0,0.0,0,1,2,12.0,0
465,B,LSU,Texas A&M,Bauer Sharp,Receiver,0,0,0.0,0,0,0,0,0.0,0,2,5,29.3,0
466,A,LSU,Texas A&M,Garrett Nussmeier,QB,33,20,213.1,1,0,2,0,0.0,0,0,0,0.0,0
466,A,LSU,Texas A&M,Ju'Juan Johnson,Rusher,0,0,0.0,0,0,0,8,-3.6,0,0,0,0.0,0
466,A,LSU,Texas A&M,Garrett Nussmeier,Rusher,0,0,0.0,0,0,0,2,8.6,0,0,0,0.0,0
466,A,LSU,Texas A&M,Harlem Berry,Rusher,0,0,0.0,0,0,0,2,8.6,0,0,0,0.0,0
466,A,LSU,Texas A&M,Kaleb Jackson,Rusher,0,0,0.0,0,0,0,1,-0.8,0,0,0,0.0,0
466,A,LSU,Texas A&M,Other RB,Rusher,0,0,0.0,0,0,0,3,22.8,0,0,0,0.0,0
466,A,LSU,Texas A&M,Caden Durham,Rusher,0,0,0.0,0,0,0,5,19.8,0,0,0,0.0,0
466,A,LSU,Texas A&M,Barion Brown,Receiver,0,0,0.0,0,0,0,0,0.0,0,3,5,24.3,0
466,A,LSU,Texas A&M,Nic Anderson,Receiver,0,0,0.0,0,0,0,0,0.0,0,1,4,22.0,0
466,A,LSU,Texas A&M,Kyle Parker,Receiver,0,0,0.0,0,0,0,0,0.0,0,1,2,6.0,0
466,A,LSU,Texas A&M,Zavion Thomas,Receiver,0,0,0.0,0,0,0,0,0.0,0,4,4,23.5,0
466,A,LSU,Texas A&M,Chris Hilton Jr.,Receiver,0,0,0.0,0,0,0,0,0.0,0,0,3,0.0,0
466,A,LSU,Texas A&M,Other WR,Receiver,0,0,0.0,0,0,0,0,0.0,0,2,2,31.3,0
466,A,LSU,Texas A&M,Bauer Sharp,Receiver,0,0,0.0,0,0,0,0,0.0,0,3,4,30.9,0
466,A,LSU,Texas A&M,Aaron Anderson,Receiver,0,0,0.0,0,0,0,0,0.0,0,4,5,44.4,0
466,A,LSU,Texas A&M,Trey'Dez Green,Receiver,0,0,0.0,0,0,0,0,0.0,0,2,4,30.7,1
466,A,Texas A&M,LSU,Marcel Reed,QB,20,13,92.8,0,0,4,0,0.0,0,0,0,0.0,0
466,A,Texas A&M,LSU,Marcel Reed,Rusher,0,0,0.0,0,0,0,10,38.1,0,0,0,0.0,0
466,A,Texas A&M,LSU,Le'Veon Moss,Rusher,0,0,0.0,0,0,0,16,101.4,1,0,0,0.0,0
466,A,Texas A&M,LSU,Amari Daniels,Rusher,0,0,0.0,0,0,0,8,38.8,1,0,0,0.0,0
466,A,Texas A&M,LSU,Rueben Owens,Rusher,0,0,0.0,0,0,0,2,16.1,0,0,0,0.0,0
466,A,Texas A&M,LSU,E.J. Smith,Rusher,0,0,0.0,0,0,0,3,12.4,0,0,0,0.0,0
466,A,Texas A&M,LSU,Miles O'Neill,Rusher,0,0,0.0,0,0,0,1,3.3,0,0,0,0.0,0
466,A,Texas A&M,LSU,Kevin Concepcion,Receiver,0,0,0.0,0,0,0,0,0.0,0,2,5,17.6,0
466,A,Texas A&M,LSU,Ashton Bethel-Roman,Receiver,0,0,0.0,0,0,0,0,0.0,0,1,3,0.0,0
466,A,Texas A&M,LSU,Mario Craver,Receiver,0,0,0.0,0,0,0,0,0.0,0,4,4,47.7,0
466,A,Texas A&M,LSU,Other WR,Receiver,0,0,0.0,0,0,0,0,0.0,0,4,4,14.8,0
466,A,Texas A&M,LSU,Theo Melin Ohrstrom,Receiver,0,0,0.0,0,0,0,0,0.0,0,0,2,0.0,0
466,A,Texas A&M,LSU,Amari Niblack,Receiver,0,0,0.0,0,0,0,0,0.0,0,2,2,12.7,0
467,B,Texas A&M,LSU,Marcel Reed,QB,13,12,106.7,0,0,7,0,0.0,0,0,0,0.0,0
467,B,Texas A&M,LSU,Le'Veon Moss,Rusher,0,0,0.0,0,0,0,18,84.6,0,0,0,0.0,0
467,B,Texas A&M,LSU,Jamarion Morrow,Rusher,0,0,0.0,0,0,0,1,-1.3,0,0,0,0.0,0
467,B,Texas A&M,LSU,Rueben Owens,Rusher,0,0,0.0,0,0,0,4,23.5,0,0,0,0.0,0
467,B,Texas A&M,LSU,Marcel Reed,Rusher,0,0,0.0,0,0,0,7,10.7,0,0,0,0.0,0
467,B,Texas A&M,LSU,Amari Daniels,Rusher,0,0,0.0,0,0,0,6,29.9,0,0,0,0.0,0
467,B,Texas A&M,LSU,Other WR,Receiver,0,0,0.0,0,0,0,0,0.0,0,3,3,46.5,0
467,B,Texas A&M,LSU,Ashton Bethel-Roman,Receiver,0,0,0.0,0,0,0,0,0.0,0,0,0,0.0,0
467,B,Texas A&M,LSU,Mario Craver,Receiver,0,0,0.0,0,0,0,0,0.0,0,4,5,24.5,0
467,B,Texas A&M,LSU,Kevin Concepcion,Receiver,0,0,0.0,0,0,0,0,0.0,0,3,3,29.7,0
467,B,Texas A&M,LSU,Terry Bussey,Receiver,0,0,0.0,0,0,0,0,0.0,0,1,1,5.9,0
467,B,Texas A&M,LSU,Nate Boerkircher,Receiver,0,0,0.0,0,0,0,0,0.0,0,1,1,0.0,0
467,B,Texas A&M,LSU,Theo Melin Ohrstrom,Receiver,0,0,0.0,0,0,0,0,0.0,0,0,0,0.0,0
467,B,LSU,Texas A&M,Garrett Nussmeier,QB,21,12,123.4,0,0,3,0,0.0,0,0,0,0.0,0
467,B,LSU,Texas A&M,Caden Durham,Rusher,0,0,0.0,0,0,0,17,51.6,0,0,0,0.0,0
467,B,LSU,Texas A&M,Ju'Juan Johnson,Rusher,0,0,0.0,0,0,0,2,2.7,0,0,0,0.0,0
467,B,LSU,Texas A&M,Other RB,Rusher,0,0,0.0,0,0,0,1,1.3,0,0,0,0.0,0
467,B,LSU,Texas A&M,Kaleb Jackson,Rusher,0,0,0.0,0,0,0,3,14.3,0,0,0,0.0,0
467,B,LSU,Texas A&M,Garrett Nussmeier,Rusher,0,0,0.0,0,0,0,1,-0.6,0,0,0,0.0,0
467,B,LSU,Texas A&M,Harlem Berry,Rusher,0,0,0.0,0,0,0,3,12.1,0,0,0,0.0,0
467,B,LSU,Texas A&M,Aaron Anderson,Receiver,0,0,0.0,0,0,0,0,0.0,0,3,5,36.0,0
467,B,LSU,Texas A&M,Kyle Parker,Receiver,0,0,0.0,0,0,0,0,0.0,0,1,2,9.2,0
467,B,LSU,Texas A&M,Bauer Sharp,Receiver,0,0,0.0,0,0,0,0,0.0,0,2,3,18.9,0
467,B,LSU,Texas A&M,Chris Hilton Jr.,Receiver,0,0,0.0,0,0,0,0,0.0,0,1,1,3.6,0
467,B,LSU,Texas A&M,Nic Anderson,Receiver,0,0,0.0,0,0,0,0,0.0,0,1,2,3.9,0
467,B,LSU,Texas A&M,Zavion Thomas,Receiver,0,0,0.0,0,0,0,0,0.0,0,1,3,3.2,0
467,B,LSU,Texas A&M,Trey'Dez Green,Receiver,0,0,0.0,0,0,0,0,0.0,0,2,2,36.6,0
467,B,LSU,Texas A&M,Other WR,Receiver,0,0,0.0,0,0,0,0,0.0,0,1,2,12.0,0
467,B,LSU,Texas A&M,Barion Brown,Receiver,0,0,0.0,0,0,0,0,0.0,0,0,1,0.0,0
468,A,LSU,Texas A&M,Garrett Nussmeier,QB,42,26,223.4,0,0,1,0,0.0,0,0,0,0.0,0
468,A,LSU,Texas A&M,Ju'Juan Johnson,Rusher,0,0,0.0,0,0,0,4,12.9,0,0,0,0.0,0
468,A,LSU,Texas A&M,Caden Durham,Rusher,0,0,0.0,0,0,0,10,46.0,1,0,0,0.0,0
468,A,LSU,Texas A&M,Kaleb Jackson,Rusher,0,0,0.0,0,0,0,1,8.8,1,0,0,0.0,0
468,A,LSU,Texas A&M,Garrett Nussmeier,Rusher,0,0,0.0,0,0,0,4,13.9,0,0,0,0.0,0
468,A,LSU,Texas A&M,Harlem Berry,Rusher,0,0,0.0,0,0,0,2,-1.1,0,0,0,0.0,0
468,A,LSU,Texas A&M,Nic Anderson,Receiver,0,0,0.0,0,0,0,0,0.0,0,2,3,18.3,0
468,A,LSU,Texas A&M,Aaron Anderson,Receiver,0,0,0.0,0,0,0,0,0.0,0,7,12,38.0,0
468,A,LSU,Texas A&M,Barion Brown,Receiver,0,0,0.0,0,0,0,0,0.0,0,5,7,65.9,0
468,A,LSU,Texas A&M,Zavion Thomas,Receiver,0,0,0.0,0,0,0,0,0.0,0,6,8,30.6,0
468,A,LSU,Texas A&M,Chris Hilton Jr.,Receiver,0,0,0.0,0,0,0,0,0.0,0,1,2,27.3,0
468,A,LSU,Texas A&M,Bauer Sharp,Receiver,0,0,0.0,0,0,0,0,0.0,0,0,3,0.0,0
468,A,LSU,Texas A&M,Kyle Parker,Receiver,0,0,0.0,0,0,0,0,0.0,0,1,1,17.8,0
468,A,LSU,Texas A&M,Trey'Dez Green,Receiver,0,0,0.0,0,0,0,0,0.0,0,2,4,10.3,0
468,A,LSU,Texas A&M,Other WR,Receiver,0,0,0.0,0,0,0,0,0.0,0,2,2,15.2,0
468,A,Texas A&M,LSU,Marcel Reed,QB,14,9,101.2,1,0,5,0,0.0,0,0,0,0.0,0
468,A,Texas A&M,LSU,Amari Daniels,Rusher,0,0,0.0,0,0,0,4,15.9,0,0,0,0.0,0
468,A,Texas A&M,LSU,Marcel Reed,Rusher,0,0,0.0,0,0,0,9,64.3,2,0,0,0.0,0
468,A,Texas A&M,LSU,Le'Veon Moss,Rusher,0,0,0.0,0,0,0,18,53.3,0,0,0,0.0,0
468,A,Texas A&M,LSU,Rueben Owens,Rusher,0,0,0.0,0,0,0,4,20.2,0,0,0,0.0,0
468,A,Texas A&M,LSU,Miles O'Neill,Rusher,0,0,0.0,0,0,0,2,9.2,0,0,0,0.0,0
468,A,Texas A&M,LSU,E.J. Smith,Rusher,0,0,0.0,0,0,0,1,5.9,0,0,0,0.0,0
468,A,Texas A&M,LSU,Other WR,Receiver,0,0,0.0,0,0,0,0,0.0,0,2,3,27.3,0
468,A,Texas A&M,LSU,Theo Melin Ohrstrom,Receiver,0,0,0.0,0,0,0,0,0.0,0,0,0,0.0,0
468,A,Texas A&M,LSU,Mario Craver,Receiver,0,0,0.0,0,0,0,0,0.0,0,1,2,7.8,1
468,A,Texas A&M,LSU,Kevin Concepcion,Receiver,0,0,0.0,0,0,0,0,0.0,0,2,4,13.5,0
468,A,Texas A&M,LSU,Amari Niblack,Receiver,0,0,0.0,0,0,0,0,0.0,0,1,1,6.1,0
468,A,Texas A&M,LSU,Ashton Bethel-Roman,Receiver,0,0,0.0,0,0,0,0,0.0,0,2,2,18.3,0
468,A,Texas A&M,LSU,Nate Boerkircher,Receiver,0,0,0.0,0,0,0,0,0.0,0,0,1,0.0,0
468,A,Texas A&M,LSU,Terry Bussey,Receiver,0,0,0.0,0,0,0,0,0.0,0,1,1,28.3,0
469,B,Texas A&M,LSU,Marcel Reed,QB,24,16,158.9,0,0,3,0,0.0,0,0,0,0.0,0
469,B,Texas A&M,LSU,Le'Veon Moss,Rusher,0,0,0.0,0,0,0,10,29.1,0,0,0,0.0,0
469,B,Texas A&M,LSU,Marcel Reed,Rusher,0,0,0.0,0,0,0,7,12.9,0,0,0,0.0,0
469,B,Texas A&M,LSU,Miles O'Neill,Rusher,0,0,0.0,0,0,0,1,3.0,0,0,0,0.0,0
469,B,Texas A&M,LSU,Amari Daniels,Rusher,0,0,0.0,0,0,0,2,9.3,1,0,0,0.0,0
469,B,Texas A&M,LSU,E.J. Smith,Rusher,0,0,0.0,0,0,0,1,-0.1,0,0,0,0.0,0
469,B,Texas A&M,LSU,Jamarion Morrow,Rusher,0,0,0.0,0,0,0,1,1.2,0,0,0,0.0,0
469,B,Texas A&M,LSU,Rueben Owens,Rusher,0,0,0.0,0,0,0,3,-2.6,0,0,0,0.0,0
469,B,Texas A&M,LSU,Terry Bussey,Receiver,0,0,0.0,0,0,0,0,0.0,0,2,3,0.0,0
469,B,Texas A&M,LSU,Mario Craver,Receiver,0,0,0.0,0,0,0,0,0.0,0,3,6,8.2,0
469,B,Texas A&M,LSU,Theo Melin Ohrstrom,Receiver,0,0,0.0,0,0,0,0,0.0,0,2,3,5.8,0
469,B,Texas A&M,LSU,Amari Niblack,Receiver,0,0,0.0,0,0,0,0,0.0,0,3,3,55.1,0
469,B,Texas A&M,LSU,Other WR,Receiver,0,0,0.0,0,0,0,0,0.0,0,4,5,76.6,0
469,B,Texas A&M,LSU,Kevin Concepcion,Receiver,0,0,0.0,0,0,0,0,0.0,0,2,3,13.2,0
469,B,Texas A&M,LSU,Ashton Bethel-Roman,Receiver,0,0,0.0,0,0,0,0,0.0,0,0,1,0.0,0
469,B,LSU,Texas A&M,Garrett Nussmeier,QB,28,18,160.6,2,0,1,0,0.0,0,0,0,0.0,0
469,B,LSU,Texas A&M,Other RB,Rusher,0,0,0.0,0,0,0,6,23.1,0,0,0,0.0,0
469,B,LSU,Texas A&M,Caden Durham,Rusher,0,0,0.0,0,0,0,18,76.2,0,0,0,0.0,0
469,B,LSU,Texas A&M,Ju'Juan Johnson,Rusher,0,0,0.0,0,0,0,5,11.6,0,0,0,0.0,0
469,B,LSU,Texas A&M,Harlem Berry,Rusher,0,0,0.0,0,0,0,3,7.2,0,0,0,0.0,0
469,B,LSU,Texas A&M,Garrett Nussmeier,Rusher,0,0,0.0,0,0,0,3,7.4,0,0,0,0.0,0
469,B,LSU,Texas A&M,Kaleb Jackson,Rusher,0,0,0.0,0,0,0,1,4.2,0,0,0,0.0,0
469,B,LSU,Texas A&M,Aaron Anderson,Receiver,0,0,0.0,0,0,0,0,0.0,0,8,10,61.9,1
469,B,LSU,Texas A&M,Trey'Dez Green,Receiver,0,0,0.0,0,0,0,0,0.0,0,2,3,18.5,0
469,B,LSU,Texas A&M,Zavion Thomas,Receiver,0,0,0.0,0,0,0,0,0.0,0,1,2,12.3,0
469,B,LSU,Texas A&M,Nic Anderson,Receiver,0,0,0.0,0,0,0,0,0.0,0,0,1,0.0,0
469,B,LSU,Texas A&M,Kyle Parker,Receiver,0,0,0.0,0,0,0,0,0.0,0,2,4,14.1,0
469,B,LSU,Texas A&M,Barion Brown,Receiver,0,0,0.0,0,0,0,0,0.0,0,1,2,18.5,1
469,B,LSU,Texas A&M,Other WR,Receiver,0,0,0.0,0,0,0,0,0.0,0,3,4,21.0,0
469,B,LSU,Texas A&M,Bauer Sharp,Receiver,0,0,0.0,0,0,0,0,0.0,0,1,2,14.3,0
470,A,LSU,Texas A&M,Garrett Nussmeier,QB,30,21,180.3,0,0,2,0,0.0,0,0,0,0.0,0
470,A,LSU,Texas A&M,Caden Durham,Rusher,0,0,0.0,0,0,0,11,46.5,1,0,0,0.0,0
470,A,LSU,Texas A&M,Ju'Juan Johnson,Rusher,0,0,0.0,0,0,0,5,18.8,0,0,0,0.0,0
470,A,LSU,Texas A&M,Other RB,Rusher,0,0,0.0,0,0,0,2,3.3,0,0,0,0.0,0
470,A,LSU,Texas A&M,Harlem Berry,Rusher,0,0,0.0,0,0,0,1,4.4,0,0,0,0.0,0
470,A,LSU,Texas A&M,Kaleb Jackson,Rusher,0,0,0.0,0,0,0,3,-3.6,0,0,0,0.0,0
470,A,LSU,Texas A&M,Garrett Nussmeier,Rusher,0,0,0.0,0,0,0,1,-1.4,0,0,0,0.0,0
470,A,LSU,Texas A&M,Barion Brown,Receiver,0,0,0.0,0,0,0,0,0.0,0,4,8,16.3,0
470,A,LSU,Texas A&M,Zavion Thomas,Receiver,0,0,0.0,0,0,0,0,0.0,0,2,2,19.7,0
470,A,LSU,Texas A&M,Trey'Dez Green,Receiver,0,0,0.0,0,0,0,0,0.0,0,1,1,7.8,0
470,A,LSU,Texas A&M,Nic Anderson,Receiver,0,0,0.0,0,0,0,0,0.0,0,2,2,7.2,0
470,A,LSU,Texas A&M,Chris Hilton Jr.,Receiver,0,0,0.0,0,0,0,0,0.0,0,2,3,14.2,0
470,A,LSU,Texas A&M,Kyle Parker,Receiver,0,0,0.0,0,0,0,0,0.0,0,2,2,0.2,0
470,A,LSU,Texas A&M,Aaron Anderson,Receiver,0,0,0.0,0,0,0,0,0.0,0,3,5,37.6,0
470,A,LSU,Texas A&M,Bauer Sharp,Receiver,0,0,0.0,0,0,0,0,0.0,0,4,4,44.1,0
470,A,LSU,Texas A&M,Other WR,Receiver,0,0,0.0,0,0,0,0,0.0,0,1,3,33.2,0
470,A,Texas A&M,LSU,Marcel Reed,QB,25,18,164.5,1,0,4,0,0.0,0,0,0,0.0,0
470,A,Texas A&M,LSU,Rueben Owens,Rusher,0,0,0.0,0,0,0,2,13.1,0,0,0,0.0,0
470,A,Texas A&M,LSU,Le'Veon Moss,Rusher,0,0,0.0,0,0,0,13,55.5,0,0,0,0.0,0
470,A,Texas A&M,LSU,Marcel Reed,Rusher,0,0,0.0,0,0,0,5,1.5,1,0,0,0.0,0
470,A,Texas A&M,LSU,Amari Daniels,Rusher,0,0,0.0,0,0,0,7,9.6,0,0,0,0.0,0
470,A,Texas A&M,LSU,E.J. Smith,Rusher,0,0,0.0,0,0,0,4,18.9,0,0,0,0.0,0
470,A,Texas A&M,LSU,Jamarion Morrow,Rusher,0,0,0.0,0,0,0,3,17.5,0,0,0,0.0,0
470,A,Texas A&M,LSU,Miles O'Neill,Rusher,0,0,0.0,0,0,0,1,16.4,1,0,0,0.0,0
470,A,Texas A&M,LSU,Terry Bussey,Receiver,0,0,0.0,0,0,0,0,0.0,0,2,3,0.0,0
470,A,Texas A&M,LSU,Kevin Concepcion,Receiver,0,0,0.0,0,0,0,0,0.0,0,4,6,45.9,1
470,A,Texas A&M,LSU,Mario Craver,Receiver,0,0,0.0,0,0,0,0,0.0,0,6,8,65.9,0
470,A,Texas A&M,LSU,Ashton Bethel-Roman,Receiver,0,0,0.0,0,0,0,0,0.0,0,2,4,19.9,0
470,A,Texas A&M,LSU,Other WR,Receiver,0,0,0.0,0,0,0,0,0.0,0,3,3,32.8,0
470,A,Texas A&M,LSU,Nate Boerkircher,Receiver,0,0,0.0,0,0,0,0,0.0,0,1,1,0.0,0
471,B,Texas A&M,LSU,Marcel Reed,QB,22,18,194.3,2,0,3,0,0.0,0,0,0,0.0,0
471,B,Texas A&M,LSU,Le'Veon Moss,Rusher,0,0,0.0,0,0,0,19,84.8,2,0,0,0.0,0
471,B,Texas A&M,LSU,Jamarion Morrow,Rusher,0,0,0.0,0,0,0,1,-0.5,0,0,0,0.0,0
471,B,Texas A&M,LSU,Marcel Reed,Rusher,0,0,0.0,0,0,0,11,52.7,0,0,0,0.0,0
471,B,Texas A&M,LSU,E.J. Smith,Rusher,0,0,0.0,0,0,0,4,20.6,0,0,0,0.0,0
471,B,Texas A&M,LSU,Rueben Owens,Rusher,0,0,0.0,0,0,0,4,18.5,1,0,0,0.0,0
471,B,Texas A&M,LSU,Amari Daniels,Rusher,0,0,0.0,0,0,0,5,19.7,0,0,0,0.0,0
471,B,Texas A&M,LSU,Miles O'Neill,Rusher,0,0,0.0,0,0,0,1,-0.4,0,0,0,0.0,0
471,B,Texas A&M,LSU,Mario Craver,Receiver,0,0,0.0,0,0,0,0,0.0,0,1,2,9.3,0
471,B,Texas A&M,LSU,Amari Niblack,Receiver,0,0,0.0,0,0,0,0,0.0,0,1,1,9.4,0
471,B,Texas A&M,LSU,Ashton Bethel-Roman,Receiver,0,0,0.0,0,0,0,0,0.0,0,1,1,16.1,1
471,B,Texas A&M,LSU,Kevin Concepcion,Receiver,0,0,0.0,0,0,0,0,0.0,0,6,8,52.4,0
471,B,Texas A&M,LSU,Other WR,Receiver,0,0,0.0,0,0,0,0,0.0,0,5,5,54.9,0
471,B,Texas A&M,LSU,Terry Bussey,Receiver,0,0,0.0,0,0,0,0,0.0,0,3,3,33.9,0
471,B,Texas A&M,LSU,Theo Melin Ohrstrom,Receiver,0,0,0.0,0,0,0,0,0.0,0,1,2,18.3,1
471,B,LSU,Texas A&M,Garrett Nussmeier,QB,32,20,192.0,1,0,1,0,0.0,0,0,0,0.0,0
471,B,LSU,Texas A&M,Garrett Nussmeier,Rusher,0,0,0.0,0,0,0,4,20.6,0,0,0,0.0,0
471,B,LSU,Texas A&M,Caden Durham,Rusher,0,0,0.0,0,0,0,6,21.1,1,0,0,0.0,0
471,B,LSU,Texas A&M,Ju'Juan Johnson,Rusher,0,0,0.0,0,0,0,6,57.4,1,0,0,0.0,0
471,B,LSU,Texas A&M,Other RB,Rusher,0,0,0.0,0,0,0,4,20.1,0,0,0,0.0,0
471,B,LSU,Texas A&M,Harlem Berry,Rusher,0,0,0.0,0,0,0,1,7.8,0,0,0,0.0,0
471,B,LSU,Texas A&M,Aaron Anderson,Receiver,0,0,0.0,0,0,0,0,0.0,0,5,8,60.4,0
471,B,LSU,Texas A&M,Barion Brown,Receiver,0,0,0.0,0,0,0,0,0.0,0,7,10,62.1,1
471,B,LSU,Texas A&M,Trey'Dez Green,Receiver,0,0,0.0,0,0,0,0,0.0,0,1,4,23.3,0
471,B,LSU,Texas A&M,Nic Anderson,Receiver,0,0,0.0,0,0,0,0,0.0,0,2,2,17.5,0
471,B,LSU,Texas A&M,Bauer Sharp,Receiver,0,0,0.0,0,0,0,0,0.0,0,1,3,9.6,0
471,B,LSU,Texas A&M,Zavion Thomas,Receiver,0,0,0.0,0,0,0,0,0.0,0,1,1,10.2,0
471,B,LSU,Texas A&M,Chris Hilton Jr.,Receiver,0,0,0.0,0,0,0,0,0.0,0,1,2,0.0,0
471,B,LSU,Texas A&M,Kyle Parker,Receiver,0,0,0.0,0,0,0,0,0.0,0,1,1,0.0,0
471,B,LSU,Texas A&M,Other WR,Receiver,0,0,0.0,0,0,0,0,0.0,0,1,1,8.9,0
472,A,LSU,Texas A&M,Garrett Nussmeier,QB,21,14,127.8,1,0,2,0,0.0,0,0,0,0.0,0
472,A,LSU,Texas A&M,Caden Durham,Rusher,0,0,0.0,0,0,0,19,85.6,0,0,0,0.0,0
472,A,LSU,Texas A&M,Other RB,Rusher,0,0,0.0,0,0,0,1,8.5,0,0,0,0.0,0
472,A,LSU,Texas A&M,Harlem Berry,Rusher,0,0,0.0,0,0,0,4,16.5,0,0,0,0.0,0
472,A,LSU,Texas A&M,Garrett Nussmeier,Rusher,0,0,0.0,0,0,0,1,8.9,0,0,0,0.0,0
472,A,LSU,Texas A&M,Ju'Juan Johnson,Rusher,0,0,0.0,0,0,0,12,60.4,2,0,0,0.0,0
472,A,LSU,Texas A&M,Kaleb Jackson,Rusher,0,0,0.0,0,0,0,1,-3.9,0,0,0,0.0,0
472,A,LSU,Texas A&M,Kyle Parker,Receiver,0,0,0.0,0,0,0,0,0.0,0,1,1,9.1,0
472,A,LSU,Texas A&M,Barion Brown,Receiver,0,0,0.0,0,0,0,0,0.0,0,3,3,36.6,0
472,A,LSU,Texas A&M,Nic Anderson,Receiver,0,0,0.0,0,0,0,0,0.0,0,1,1,0.0,0
472,A,LSU,Texas A&M,Aaron Anderson,Receiver,0,0,0.0,0,0,0,0,0.0,0,2,2,29.4,1
472,A,LSU,Texas A&M,Chris Hilton Jr.,Receiver,0,0,0.0,0,0,0,0,0.0,0,4,5,18.6,0
472,A,LSU,Texas A&M,Bauer Sharp,Receiver,0,0,0.0,0,0,0,0,0.0,0,0,3,0.0,0
472,A,LSU,Texas A&M,Trey'Dez Green,Receiver,0,0,0.0,0,0,0,0,0.0,0,2,2,1.8,0
472,A,LSU,Texas A&M,Zavion Thomas,Receiver,0,0,0.0,0,0,0,0,0.0,0,1,3,32.5,0
472,A,LSU,Texas A&M,Other WR,Receiver,0,0,0.0,0,0,0,0,0.0,0,0,1,0.0,0
472,A,Texas A&M,LSU,Marcel Reed,QB,23,18,183.3,2,0,4,0,0.0,0,0,0,0.0,0
472,A,Texas A&M,LSU,Le'Veon Moss,Rusher,0,0,0.0,0,0,0,15,58.5,0,0,0,0.0,0
472,A,Texas A&M,LSU,Amari Daniels,Rusher,0,0,0.0,0,0,0,2,8.7,0,0,0,0.0,0
472,A,Texas A&M,LSU,Marcel Reed,Rusher,0,0,0.0,0,0,0,5,20.0,0,0,0,0.0,0
472,A,Texas A&M,LSU,Rueben Owens,Rusher,0,0,0.0,0,0,0,3,4.1,0,0,0,0.0,0
472,A,Texas A&M,LSU,Miles O'Neill,Rusher,0,0,0.0,0,0,0,1,5.1,0,0,0,0.0,0
472,A,Texas A&M,LSU,Terry Bussey,Receiver,0,0,0.0,0,0,0,0,0.0,0,2,3,17.7,0
472,A,Texas A&M,LSU,Kevin Concepcion,Receiver,0,0,0.0,0,0,0,0,0.0,0,2,5,17.3,0
472,A,Texas A&M,LSU,Mario Craver,Receiver,0,0,0.0,0,0,0,0,0.0,0,4,4,54.9,0
472,A,Texas A&M,LSU,Ashton Bethel-Roman,Receiver,0,0,0.0,0,0,0,0,0.0,0,3,3,20.7,0
472,A,Texas A&M,LSU,Other WR,Receiver,0,0,0.0,0,0,0,0,0.0,0,4,5,37.3,1
472,A,Texas A&M,LSU,Nate Boerkircher,Receiver,0,0,0.0,0,0,0,0,0.0,0,1,1,0.0,0
472,A,Texas A&M,LSU,Theo Melin Ohrstrom,Receiver,0,0,0.0,0,0,0,0,0.0,0,2,2,35.4,1
473,B,Texas A&M,LSU,Marcel Reed,QB,27,17,210.8,1,0,5,0,0.0,0,0,0,0.0,0
473,B,Texas A&M,LSU,Le'Veon Moss,Rusher,0,0,0.0,0,0,0,12,63.0,1,0,0,0.0,0
473,B,Texas A&M,LSU,Rueben Owens,Rusher,0,0,0.0,0,0,0,2,10.7,0,0,0,0.0,0
473,B,Texas A&M,LSU,Marcel Reed,Rusher,0,0,0.0,0,0,0,13,81.3,2,0,0,0.0,0
473,B,Texas A&M,LSU,Amari Daniels,Rusher,0,0,0.0,0,0,0,4,6.6,0,0,0,0.0,0
473,B,Texas A&M,LSU,Jamarion Morrow,Rusher,0,0,0.0,0,0,0,1,1.8,0,0,0,0.0,0
473,B,Texas A&M,LSU,Theo Melin Ohrstrom,Receiver,0,0,0.0,0,0,0,0,0.0,0,1,2,0.0,0
473,B,Texas A&M,LSU,Ashton Bethel-Roman,Receiver,0,0,0.0,0,0,0,0,0.0,0,2,5,50.2,0
473,B,Texas A&M,LSU,Other WR,Receiver,0,0,0.0,0,0,0,0,0.0,0,4,7,46.1,1
473,B,Texas A&M,LSU,Amari Niblack,Receiver,0,0,0.0,0,0,0,0,0.0,0,2,3,46.4,0
473,B,Texas A&M,LSU,Terry Bussey,Receiver,0,0,0.0,0,0,0,0,0.0,0,2,2,3.4,0
473,B,Texas A&M,LSU,Mario Craver,Receiver,0,0,0.0,0,0,0,0,0.0,0,2,4,0.0,0
473,B,Texas A&M,LSU,Kevin Concepcion,Receiver,0,0,0.0,0,0,0,0,0.0,0,4,4,64.7,0
473,B,LSU,Texas A&M,Garrett Nussmeier,QB,25,12,126.0,1,0,5,0,0.0,0,0,0,0.0,0
473,B,LSU,Texas A&M,Other RB,Rusher,0,0,0.0,0,0,0,4,17.9,0,0,0,0.0,0
473,B,LSU,Texas A&M,Harlem Berry,Rusher,0,0,0.0,0,0,0,6,0.6,0,0,0,0.0,0
473,B,LSU,Texas A&M,Ju'Juan Johnson,Rusher,0,0,0.0,0,0,0,4,5.0,0,0,0,0.0,0
473,B,LSU,Texas A&M,Caden Durham,Rusher,0,0,0.0,0,0,0,9,19.7,0,0,0,0.0,0
473,B,LSU,Texas A&M,Garrett Nussmeier,Rusher,0,0,0.0,0,0,0,1,3.1,0,0,0,0.0,0
473,B,LSU,Texas A&M,Nic Anderson,Receiver,0,0,0.0,0,0,0,0,0.0,0,1,2,18.5,0
473,B,LSU,Texas A&M,Aaron Anderson,Receiver,0,0,0.0,0,0,0,0,0.0,0,5,8,54.0,0
473,B,LSU,Texas A&M,Zavion Thomas,Receiver,0,0,0.0,0,0,0,0,0.0,0,1,2,0.0,0
473,B,LSU,Texas A&M,Chris Hilton Jr.,Receiver,0,0,0.0,0,0,0,0,0.0,0,1,2,6.5,0
473,B,LSU,Texas A&M,Barion Brown,Receiver,0,0,0.0,0,0,0,0,0.0,0,1,4,27.7,0
473,B,LSU,Texas A&M,Bauer Sharp,Receiver,0,0,0.0,0,0,0,0,0.0,0,0,2,0.0,0
473,B,LSU,Texas A&M,Kyle Parker,Receiver,0,0,0.0,0,0,0,0,0.0,0,1,3,2.4,0
473,B,LSU,Texas A&M,Other WR,Receiver,0,0,0.0,0,0,0,0,0.0,0,2,2,16.8,1
474,A,LSU,Texas A&M,Garrett Nussmeier,QB,32,16,169.4,1,0,2,0,0.0,0,0,0,0.0,0
474,A,LSU,Texas A&M,Caden Durham,Rusher,0,0,0.0,0,0,0,13,45.5,0,0,0,0.0,0
474,A,LSU,Texas A&M,Garrett Nussmeier,Rusher,0,0,0.0,0,0,0,3,-1.1,0,0,0,0.0,0
474,A,LSU,Texas A&M,Harlem Berry,Rusher,0,0,0.0,0,0,0,3,-1.0,0,0,0,0.0,0
474,A,LSU,Texas A&M,Other RB,Rusher,0,0,0.0,0,0,0,2,-5.9,0,0,0,0.0,0
474,A,LSU,Texas A&M,Ju'Juan Johnson,Rusher,0,0,0.0,0,0,0,5,25.4,0,0,0,0.0,0
474,A,LSU,Texas A&M,Bauer Sharp,Receiver,0,0,0.0,0,0,0,0,0.0,0,2,5,29.2,0
474,A,LSU,Texas A&M,Barion Brown,Receiver,0,0,0.0,0,0,0,0,0.0,0,3,6,20.6,0
474,A,LSU,Texas A&M,Trey'Dez Green,Receiver,0,0,0.0,0,0,0,0,0.0,0,2,5,22.7,0
474,A,LSU,Texas A&M,Nic Anderson,Receiver,0,0,0.0,0,0,0,0,0.0,0,1,3,21.7,1
474,A,LSU,Texas A&M,Kyle Parker,Receiver,0,0,0.0,0,0,0,0,0.0,0,0,2,0.0,0
474,A,LSU,Texas A&M,Zavion Thomas,Receiver,0,0,0.0,0,0,0,0,0.0,0,4,4,24.4,0
474,A,LSU,Texas A&M,Aaron Anderson,Receiver,0,0,0.0,0,0,0,0,0.0,0,3,6,29.9,0
474,A,LSU,Texas A&M,Other WR,Receiver,0,0,0.0,0,0,0,0,0.0,0,1,1,20.9,0
474,A,Texas A&M,LSU,Marcel Reed,QB,22,12,124.2,0,0,6,0,0.0,0,0,0,0.0,0
474,A,Texas A&M,LSU,E.J. Smith,Rusher,0,0,0.0,0,0,0,3,8.1,0,0,0,0.0,0
474,A,Texas A&M,LSU,Marcel Reed,Rusher,0,0,0.0,0,0,0,7,32.8,0,0,0,0.0,0
474,A,Texas A&M,LSU,Le'Veon Moss,Rusher,0,0,0.0,0,0,0,14,48.1,0,0,0,0.0,0
474,A,Texas A&M,LSU,Amari Daniels,Rusher,0,0,0.0,0,0,0,5,6.7,0,0,0,0.0,0
474,A,Texas A&M,LSU,Rueben Owens,Rusher,0,0,0.0,0,0,0,3,0.3,0,0,0,0.0,0
474,A,Texas A&M,LSU,Miles O'Neill,Rusher,0,0,0.0,0,0,0,1,6.1,0,0,0,0.0,0
474,A,Texas A&M,LSU,Jamarion Morrow,Rusher,0,0,0.0,0,0,0,1,2.5,0,0,0,0.0,0
474,A,Texas A&M,LSU,Other WR,Receiver,0,0,0.0,0,0,0,0,0.0,0,2,3,32.6,0
474,A,Texas A&M,LSU,Mario Craver,Receiver,0,0,0.0,0,0,0,0,0.0,0,4,9,41.7,0
474,A,Texas A&M,LSU,Kevin Concepcion,Receiver,0,0,0.0,0,0,0,0,0.0,0,3,4,26.8,0
474,A,Texas A&M,LSU,Ashton Bethel-Roman,Receiver,0,0,0.0,0,0,0,0,0.0,0,1,2,14.3,0
474,A,Texas A&M,LSU,Amari Niblack,Receiver,0,0,0.0,0,0,0,0,0.0,0,1,1,0.0,0
474,A,Texas A&M,LSU,Theo Melin Ohrstrom,Receiver,0,0,0.0,0,0,0,0,0.0,0,0,2,0.0,0
474,A,Texas A&M,LSU,Terry Bussey,Receiver,0,0,0.0,0,0,0,0,0.0,0,1,1,8.7,0
475,B,Texas A&M,LSU,Marcel Reed,QB,17,11,130.6,1,0,3,0,0.0,0,0,0,0.0,0
475,B,Texas A&M,LSU,Amari Daniels,Rusher,0,0,0.0,0,0,0,6,29.9,0,0,0,0.0,0
475,B,Texas A&M,LSU,Le'Veon Moss,Rusher,0,0,0.0,0,0,0,17,87.1,1,0,0,0.0,0
475,B,Texas A&M,LSU,Marcel Reed,Rusher,0,0,0.0,0,0,0,6,21.5,0,0,0,0.0,0
475,B,Texas A&M,LSU,Rueben Owens,Rusher,0,0,0.0,0,0,0,6,32.8,0,0,0,0.0,0
475,B,Texas A&M,LSU,Jamarion Morrow,Rusher,0,0,0.0,0,0,0,1,5.0,1,0,0,0.0,0
475,B,Texas A&M,LSU,E.J. Smith,Rusher,0,0,0.0,0,0,0,3,11.0,0,0,0,0.0,0
475,B,Texas A&M,LSU,Miles O'Neill,Rusher,0,0,0.0,0,0,0,1,-3.6,0,0,0,0.0,0
475,B,Texas A&M,LSU,Mario Craver,Receiver,0,0,0.0,0,0,0,0,0.0,0,2,4,26.1,0
475,B,Texas A&M,LSU,Other WR,Receiver,0,0,0.0,0,0,0,0,0.0,0,1,3,1.7,0
475,B,Texas A&M,LSU,Kevin Concepcion,Receiver,0,0,0.0,0,0,0,0,0.0,0,2,2,24.8,0
475,B,Texas A&M,LSU,Nate Boerkircher,Receiver,0,0,0.0,0,0,0,0,0.0,0,1,3,4.8,0
475,B,Texas A&M,LSU,Theo Melin Ohrstrom,Receiver,0,0,0.0,0,0,0,0,0.0,0,3,3,32.4,0
475,B,Texas A&M,LSU,Terry Bussey,Receiver,0,0,0.0,0,0,0,0,0.0,0,1,1,25.4,0
475,B,Texas A&M,LSU,Amari Niblack,Receiver,0,0,0.0,0,0,0,0,0.0,0,1,1,15.3,1
475,B,LSU,Texas A&M,Garrett Nussmeier,QB,27,12,128.2,1,0,4,0,0.0,0,0,0,0.0,0
475,B,LSU,Texas A&M,Ju'Juan Johnson,Rusher,0,0,0.0,0,0,0,4,15.2,0,0,0,0.0,0
475,B,LSU,Texas A&M,Harlem Berry,Rusher,0,0,0.0,0,0,0,8,22.2,0,0,0,0.0,0
475,B,LSU,Texas A&M,Caden Durham,Rusher,0,0,0.0,0,0,0,13,74.8,1,0,0,0.0,0
475,B,LSU,Texas A&M,Kaleb Jackson,Rusher,0,0,0.0,0,0,0,2,10.8,0,0,0,0.0,0
475,B,LSU,Texas A&M,Other RB,Rusher,0,0,0.0,0,0,0,2,-0.2,0,0,0,0.0,0
475,B,LSU,Texas A&M,Other WR,Receiver,0,0,0.0,0,0,0,0,0.0,0,0,2,0.0,0
475,B,LSU,Texas A&M,Aaron Anderson,Receiver,0,0,0.0,0,0,0,0,0.0,0,1,3,14.5,0
475,B,LSU,Texas A&M,Bauer Sharp,Receiver,0,0,0.0,0,0,0,0,0.0,0,1,2,0.0,0
475,B,LSU,Texas A&M,Zavion Thomas,Receiver,0,0,0.0,0,0,0,0,0.0,0,0,3,0.0,0
475,B,LSU,Texas A&M,Nic Anderson,Receiver,0,0,0.0,0,0,0,0,0.0,0,2,4,22.5,0
475,B,LSU,Texas A&M,Trey'Dez Green,Receiver,0,0,0.0,0,0,0,0,0.0,0,1,2,18.6,0
475,B,LSU,Texas A&M,Barion Brown,Receiver,0,0,0.0,0,0,0,0,0.0,0,5,6,44.4,1
475,B,LSU,Texas A&M,Chris Hilton Jr.,Receiver,0,0,0.0,0,0,0,0,0.0,0,1,3,3.6,0
475,B,LSU,Texas A&M,Kyle Parker,Receiver,0,0,0.0,0,0,0,0,0.0,0,1,2,24.6,0
476,A,LSU,Texas A&M,Garrett Nussmeier,QB,33,18,189.9,0,0,2,0,0.0,0,0,0,0.0,0
476,A,LSU,Texas A&M,Caden Durham,Rusher,0,0,0.0,0,0,0,18,43.4,1,0,0,0.0,0
476,A,LSU,Texas A&M,Kaleb Jackson,Rusher,0,0,0.0,0,0,0,3,17.3,0,0,0,0.0,0
476,A,LSU,Texas A&M,Other RB,Rusher,0,0,0.0,0,0,0,3,11.5,0,0,0,0.0,0
476,A,LSU,Texas A&M,Garrett Nussmeier,Rusher,0,0,0.0,0,0,0,2,10.6,0,0,0,0.0,0
476,A,LSU,Texas A&M,Ju'Juan Johnson,Rusher,0,0,0.0,0,0,0,5,29.1,0,0,0,0.0,0
476,A,LSU,Texas A&M,Harlem Berry,Rusher,0,0,0.0,0,0,0,3,6.5,0,0,0,0.0,0
476,A,LSU,Texas A&M,Aaron Anderson,Receiver,0,0,0.0,0,0,0,0,0.0,0,6,8,58.9,0
476,A,LSU,Texas A&M,Trey'Dez Green,Receiver,0,0,0.0,0,0,0,0,0.0,0,3,5,27.2,0
476,A,LSU,Texas A&M,Kyle Parker,Receiver,0,0,0.0,0,0,0,0,0.0,0,1,3,31.4,0
476,A,LSU,Texas A&M,Zavion Thomas,Receiver,0,0,0.0,0,0,0,0,0.0,0,1,3,9.7,0
476,A,LSU,Texas A&M,Chris Hilton Jr.,Receiver,0,0,0.0,0,0,0,0,0.0,0,0,1,0.0,0
476,A,LSU,Texas A&M,Nic Anderson,Receiver,0,0,0.0,0,0,0,0,0.0,0,2,3,4.9,0
476,A,LSU,Texas A&M,Other WR,Receiver,0,0,0.0,0,0,0,0,0.0,0,1,3,29.7,0
476,A,LSU,Texas A&M,Bauer Sharp,Receiver,0,0,0.0,0,0,0,0,0.0,0,2,3,0.0,0
476,A,LSU,Texas A&M,Barion Brown,Receiver,0,0,0.0,0,0,0,0,0.0,0,2,4,28.0,0
476,A,Texas A&M,LSU,Marcel Reed,QB,15,9,87.2,0,0,5,0,0.0,0,0,0,0.0,0
476,A,Texas A&M,LSU,Amari Daniels,Rusher,0,0,0.0,0,0,0,7,19.0,0,0,0,0.0,0
476,A,Texas A&M,LSU,Le'Veon Moss,Rusher,0,0,0.0,0,0,0,14,60.4,1,0,0,0.0,0
476,A,Texas A&M,LSU,Marcel Reed,Rusher,0,0,0.0,0,0,0,3,-0.8,0,0,0,0.0,0
476,A,Texas A&M,LSU,Rueben Owens,Rusher,0,0,0.0,0,0,0,2,9.7,0,0,0,0.0,0
476,A,Texas A&M,LSU,E.J. Smith,Rusher,0,0,0.0,0,0,0,1,8.0,0,0,0,0.0,0
476,A,Texas A&M,LSU,Kevin Concepcion,Receiver,0,0,0.0,0,0,0,0,0.0,0,5,7,43.0,0
476,A,Texas A&M,LSU,Other WR,Receiver,0,0,0.0,0,0,0,0,0.0,0,0,1,0.0,0
476,A,Texas A&M,LSU,Theo Melin Ohrstrom,Receiver,0,0,0.0,0,0,0,0,0.0,0,1,2,8.4,0
476,A,Texas A&M,LSU,Ashton Bethel-Roman,Receiver,0,0,0.0,0,0,0,0,0.0,0,1,2,23.3,0
476,A,Texas A&M,LSU,Mario Craver,Receiver,0,0,0.0,0,0,0,0,0.0,0,2,3,12.4,0
476,A,Texas A&M,LSU,Terry Bussey,Receiver,0,0,0.0,0,0,0,0,0.0,0,0,0,0.0,0
477,B,Texas A&M,LSU,Marcel Reed,QB,27,20,235.5,1,0,4,0,0.0,0,0,0,0.0,0
477,B,Texas A&M,LSU,Marcel Reed,Rusher,0,0,0.0,0,0,0,14,75.5,1,0,0,0.0,0
477,B,Texas A&M,LSU,Le'Veon Moss,Rusher,0,0,0.0,0,0,0,12,71.8,1,0,0,0.0,0
477,B,Texas A&M,LSU,Amari Daniels,Rusher,0,0,0.0,0,0,0,3,9.5,0,0,0,0.0,0
477,B,Texas A&M,LSU,Rueben Owens,Rusher,0,0,0.0,0,0,0,3,3.5,0,0,0,0.0,0
477,B,Texas A&M,LSU,Miles O'Neill,Rusher,0,0,0.0,0,0,0,1,-4.0,0,0,0,0.0,0
477,B,Texas A&M,LSU,E.J. Smith,Rusher,0,0,0.0,0,0,0,2,19.6,1,0,0,0.0,0
477,B,Texas A&M,LSU,Amari Niblack,Receiver,0,0,0.0,0,0,0,0,0.0,0,1,1,0.0,0
477,B,Texas A&M,LSU,Other WR,Receiver,0,0,0.0,0,0,0,0,0.0,0,5,5,69.8,1
477,B,Texas A&M,LSU,Theo Melin Ohrstrom,Receiver,0,0,0.0,0,0,0,0,0.0,0,2,3,23.4,0
477,B,Texas A&M,LSU,Kevin Concepcion,Receiver,0,0,0.0,0,0,0,0,0.0,0,2,3,4.4,0
477,B,Texas A&M,LSU,Nate Boerkircher,Receiver,0,0,0.0,0,0,0,0,0.0,0,3,4,10.4,0
477,B,Texas A&M,LSU,Terry Bussey,Receiver,0,0,0.0,0,0,0,0,0.0,0,1,2,19.8,0
477,B,Texas A&M,LSU,Ashton Bethel-Roman,Receiver,0,0,0.0,0,0,0,0,0.0,0,2,3,28.1,0
477,B,Texas A&M,LSU,Mario Craver,Receiver,0,0,0.0,0,0,0,0,0.0,0,4,6,79.6,0
477,B,LSU,Texas A&M,Garrett Nussmeier,QB,23,16,253.0,3,0,2,0,0.0,0,0,0,0.0,0
477,B,LSU,Texas A&M,Ju'Juan Johnson,Rusher,0,0,0.0,0,0,0,7,46.8,1,0,0,0.0,0
477,B,LSU,Texas A&M,Caden Durham,Rusher,0,0,0.0,0,0,0,15,44.2,0,0,0,0.0,0
477,B,LSU,Texas A&M,Kaleb Jackson,Rusher,0,0,0.0,0,0,0,2,12.8,0,0,0,0.0,0
477,B,LSU,Texas A&M,Other RB,Rusher,0,0,0.0,0,0,0,1,7.9,0,0,0,0.0,0
477,B,LSU,Texas A&M,Harlem Berry,Rusher,0,0,0.0,0,0,0,3,19.4,0,0,0,0.0,0
477,B,LSU,Texas A&M,Garrett Nussmeier,Rusher,0,0,0.0,0,0,0,2,1.9,0,0,0,0.0,0
477,B,LSU,Texas A&M,Aaron Anderson,Receiver,0,0,0.0,0,0,0,0,0.0,0,5,6,56.0,1
477,B,LSU,Texas A&M,Zavion Thomas,Receiver,0,0,0.0,0,0,0,0,0.0,0,2,3,33.1,0
477,B,LSU,Texas A&M,Barion Brown,Receiver,0,0,0.0,0,0,0,0,0.0,0,2,5,52.0,0
477,B,LSU,Texas A&M,Trey'Dez Green,Receiver,0,0,0.0,0,0,0,0,0.0,0,1,2,6.9,0
477,B,LSU,Texas A&M,Bauer Sharp,Receiver,0,0,0.0,0,0,0,0,0.0,0,2,2,32.0,1
477,B,LSU,Texas A&M,Nic Anderson,Receiver,0,0,0.0,0,0,0,0,0.0,0,1,1,3.1,0
477,B,LSU,Texas A&M,Kyle Parker,Receiver,0,0,0.0,0,0,0,0,0.0,0,1,2,16.7,0
477,B,LSU,Texas A&M,Other WR,Receiver,0,0,0.0,0,0,0,0,0.0,0,2,2,53.2,1
478,A,LSU,Texas A&M,Garrett Nussmeier,QB,32,18,175.3,0,0,4,0,0.0,0,0,0,0.0,0
478,A,LSU,Texas A&M,Harlem Berry,Rusher,0,0,0.0,0,0,0,5,10.2,0,0,0,0.0,0
478,A,LSU,Texas A&M,Kaleb Jackson,Rusher,0,0,0.0,0,0,0,4,24.5,0,0,0,0.0,0
478,A,LSU,Texas A&M,Caden Durham,Rusher,0,0,0.0,0,0,0,13,18.0,0,0,0,0.0,0
478,A,LSU,Texas A&M,Other RB,Rusher,0,0,0.0,0,0,0,2,-0.0,0,0,0,0.0,0
478,A,LSU,Texas A&M,Garrett Nussmeier,Rusher,0,0,0.0,0,0,0,2,14.4,1,0,0,0.0,0
478,A,LSU,Texas A&M,Ju'Juan Johnson,Rusher,0,0,0.0,0,0,0,2,13.5,0,0,0,0.0,0
478,A,LSU,Texas A&M,Aaron Anderson,Receiver,0,0,0.0,0,0,0,0,0.0,0,4,11,29.8,0
478,A,LSU,Texas A&M,Bauer Sharp,Receiver,0,0,0.0,0,0,0,0,0.0,0,5,5,46.0,0
478,A,LSU,Texas A&M,Other WR,Receiver,0,0,0.0,0,0,0,0,0.0,0,0,2,0.0,0
478,A,LSU,Texas A&M,Trey'Dez Green,Receiver,0,0,0.0,0,0,0,0,0.0,0,3,5,30.9,0
478,A,LSU,Texas A&M,Kyle Parker,Receiver,0,0,0.0,0,0,0,0,0.0,0,1,2,0.0,0
478,A,LSU,Texas A&M,Chris Hilton Jr.,Receiver,0,0,0.0,0,0,0,0,0.0,0,1,1,6.8,0
478,A,LSU,Texas A&M,Zavion Thomas,Receiver,0,0,0.0,0,0,0,0,0.0,0,3,4,46.8,0
478,A,LSU,Texas A&M,Barion Brown,Receiver,0,0,0.0,0,0,0,0,0.0,0,1,2,15.0,0
478,A,Texas A&M,LSU,Marcel Reed,QB,23,17,136.9,0,0,2,0,0.0,0,0,0,0.0,0
478,A,Texas A&M,LSU,Le'Veon Moss,Rusher,0,0,0.0,0,0,0,11,26.8,1,0,0,0.0,0
478,A,Texas A&M,LSU,Amari Daniels,Rusher,0,0,0.0,0,0,0,3,0.2,0,0,0,0.0,0
478,A,Texas A&M,LSU,Rueben Owens,Rusher,0,0,0.0,0,0,0,7,8.5,0,0,0,0.0,0
478,A,Texas A&M,LSU,Marcel Reed,Rusher,0,0,0.0,0,0,0,6,31.2,1,0,0,0.0,0
478,A,Texas A&M,LSU,E.J. Smith,Rusher,0,0,0.0,0,0,0,1,-4.0,0,0,0,0.0,0
478,A,Texas A&M,LSU,Theo Melin Ohrstrom,Receiver,0,0,0.0,0,0,0,0,0.0,0,3,6,12.6,0
478,A,Texas A&M,LSU,Kevin Concepcion,Receiver,0,0,0.0,0,0,0,0,0.0,0,4,4,31.7,0
478,A,Texas A&M,LSU,Other WR,Receiver,0,0,0.0,0,0,0,0,0.0,0,4,5,39.0,0
478,A,Texas A&M,LSU,Mario Craver,Receiver,0,0,0.0,0,0,0,0,0.0,0,4,6,36.5,0
478,A,Texas A&M,LSU,Ashton Bethel-Roman,Receiver,0,0,0.0,0,0,0,0,0.0,0,1,1,14.3,0
478,A,Texas A&M,LSU,Nate Boerkircher,Receiver,0,0,0.0,0,0,0,0,0.0,0,1,1,2.7,0
479,B,Texas A&M,LSU,Marcel Reed,QB,23,15,134.4,1,0,9,0,0.0,0,0,0,0.0,0
479,B,Texas A&M,LSU,Le'Veon Moss,Rusher,0,0,0.0,0,0,0,10,27.8,0,0,0,0.0,0
479,B,Texas A&M,LSU,Rueben Owens,Rusher,0,0,0.0,0,0,0,4,16.5,0,0,0,0.0,0
479,B,Texas A&M,LSU,Marcel Reed,Rusher,0,0,0.0,0,0,0,4,9.0,0,0,0,0.0,0
479,B,Texas A&M,LSU,Amari Daniels,Rusher,0,0,0.0,0,0,0,5,10.1,0,0,0,0.0,0
479,B,Texas A&M,LSU,E.J. Smith,Rusher,0,0,0.0,0,0,0,2,9.9,0,0,0,0.0,0
479,B,Texas A&M,LSU,Kevin Concepcion,Receiver,0,0,0.0,0,0,0,0,0.0,0,1,4,0.0,0
479,B,Texas A&M,LSU,Terry Bussey,Receiver,0,0,0.0,0,0,0,0,0.0,0,3,3,24.5,0
479,B,Texas A&M,LSU,Other WR,Receiver,0,0,0.0,0,0,0,0,0.0,0,4,6,71.7,1
479,B,Texas A&M,LSU,Ashton Bethel-Roman,Receiver,0,0,0.0,0,0,0,0,0.0,0,2,2,23.0,0
479,B,Texas A&M,LSU,Mario Craver,Receiver,0,0,0.0,0,0,0,0,0.0,0,5,7,15.2,0
479,B,Texas A&M,LSU,Theo Melin Ohrstrom,Receiver,0,0,0.0,0,0,0,0,0.0,0,0,1,0.0,0
479,B,Texas A&M,LSU,Nate Boerkircher,Receiver,0,0,0.0,0,0,0,0,0.0,0,0,0,0.0,0
479,B,LSU,Texas A&M,Garrett Nussmeier,QB,22,15,192.2,3,0,1,0,0.0,0,0,0,0.0,0
479,B,LSU,Texas A&M,Caden Durham,Rusher,0,0,0.0,0,0,0,22,79.6,2,0,0,0.0,0
479,B,LSU,Texas A&M,Garrett Nussmeier,Rusher,0,0,0.0,0,0,0,2,17.7,0,0,0,0.0,0
479,B,LSU,Texas A&M,Ju'Juan Johnson,Rusher,0,0,0.0,0,0,0,6,22.5,0,0,0,0.0,0
479,B,LSU,Texas A&M,Other RB,Rusher,0,0,0.0,0,0,0,4,33.5,0,0,0,0.0,0
479,B,LSU,Texas A&M,Kaleb Jackson,Rusher,0,0,0.0,0,0,0,2,9.9,0,0,0,0.0,0
479,B,LSU,Texas A&M,Harlem Berry,Rusher,0,0,0.0,0,0,0,1,-1.9,0,0,0,0.0,0
479,B,LSU,Texas A&M,Aaron Anderson,Receiver,0,0,0.0,0,0,0,0,0.0,0,3,5,18.0,0
479,B,LSU,Texas A&M,Bauer Sharp,Receiver,0,0,0.0,0,0,0,0,0.0,0,2,2,47.0,0
479,B,LSU,Texas A&M,Zavion Thomas,Receiver,0,0,0.0,0,0,0,0,0.0,0,3,5,60.8,2
479,B,LSU,Texas A&M,Kyle Parker,Receiver,0,0,0.0,0,0,0,0,0.0,0,1,2,0.0,0
479,B,LSU,Texas A&M,Nic Anderson,Receiver,0,0,0.0,0,0,0,0,0.0,0,1,1,4.5,0
479,B,LSU,Texas A&M,Barion Brown,Receiver,0,0,0.0,0,0,0,0,0.0,0,1,2,-0.2,1
479,B,LSU,Texas A&M,Trey'Dez Green,Receiver,0,0,0.0,0,0,0,0,0.0,0,3,4,46.6,0
479,B,LSU,Texas A&M,Other WR,Receiver,0,0,0.0,0,0,0,0,0.0,0,1,1,15.5,0
480,A,LSU,Texas A&M,Garrett Nussmeier,QB,28,17,192.5,2,0,1,0,0.0,0,0,0,0.0,0
480,A,LSU,Texas A&M,Caden Durham,Rusher,0,0,0.0,0,0,0,13,24.0,0,0,0,0.0,0
480,A,LSU,Texas A&M,Harlem Berry,Rusher,0,0,0.0,0,0,0,2,8.9,0,0,0,0.0,0
480,A,LSU,Texas A&M,Ju'Juan Johnson,Rusher,0,0,0.0,0,0,0,5,38.8,0,0,0,0.0,0
480,A,LSU,Texas A&M,Garrett Nussmeier,Rusher,0,0,0.0,0,0,0,2,1.8,0,0,0,0.0,0
480,A,LSU,Texas A&M,Kaleb Jackson,Rusher,0,0,0.0,0,0,0,1,-3.9,0,0,0,0.0,0
480,A,LSU,Texas A&M,Other RB,Rusher,0,0,0.0,0,0,0,3,18.8,1,0,0,0.0,0
480,A,LSU,Texas A&M,Chris Hilton Jr.,Receiver,0,0,0.0,0,0,0,0,0.0,0,2,3,16.5,0
480,A,LSU,Texas A&M,Trey'Dez Green,Receiver,0,0,0.0,0,0,0,0,0.0,0,2,3,33.2,0
480,A,LSU,Texas A&M,Kyle Parker,Receiver,0,0,0.0,0,0,0,0,0.0,0,2,4,4.3,0
480,A,LSU,Texas A&M,Barion Brown,Receiver,0,0,0.0,0,0,0,0,0.0,0,6,7,80.0,1
480,A,LSU,Texas A&M,Zavion Thomas,Receiver,0,0,0.0,0,0,0,0,0.0,0,3,3,35.1,0
480,A,LSU,Texas A&M,Other WR,Receiver,0,0,0.0,0,0,0,0,0.0,0,0,1,0.0,0
480,A,LSU,Texas A&M,Aaron Anderson,Receiver,0,0,0.0,0,0,0,0,0.0,0,1,5,0.0,0
480,A,LSU,Texas A&M,Bauer Sharp,Receiver,0,0,0.0,0,0,0,0,0.0,0,1,2,23.3,1
480,A,Texas A&M,LSU,Marcel Reed,QB,24,16,214.0,1,0,3,0,0.0,0,0,0,0.0,0
480,A,Texas A&M,LSU,Le'Veon Moss,Rusher,0,0,0.0,0,0,0,13,43.3,1,0,0,0.0,0
480,A,Texas A&M,LSU,E.J. Smith,Rusher,0,0,0.0,0,0,0,3,3.3,0,0,0,0.0,0
480,A,Texas A&M,LSU,Amari Daniels,Rusher,0,0,0.0,0,0,0,9,51.8,0,0,0,0.0,0
480,A,Texas A&M,LSU,Marcel Reed,Rusher,0,0,0.0,0,0,0,6,30.7,1,0,0,0.0,0
480,A,Texas A&M,LSU,Miles O'Neill,Rusher,0,0,0.0,0,0,0,2,14.8,0,0,0,0.0,0
480,A,Texas A&M,LSU,Rueben Owens,Rusher,0,0,0.0,0,0,0,4,12.7,0,0,0,0.0,0
480,A,Texas A&M,LSU,Kevin Concepcion,Receiver,0,0,0.0,0,0,0,0,0.0,0,7,8,49.6,1
480,A,Texas A&M,LSU,Ashton Bethel-Roman,Receiver,0,0,0.0,0,0,0,0,0.0,0,1,3,13.4,0
480,A,Texas A&M,LSU,Other WR,Receiver,0,0,0.0,0,0,0,0,0.0,0,2,4,50.5,0
480,A,Texas A&M,LSU,Mario Craver,Receiver,0,0,0.0,0,0,0,0,0.0,0,5,7,98.0,0
480,A,Texas A&M,LSU,Theo Melin Ohrstrom,Receiver,0,0,0.0,0,0,0,0,0.0,0,0,1,0.0,0
480,A,Texas A&M,LSU,Nate Boerkircher,Receiver,0,0,0.0,0,0,0,0,0.0,0,1,1,2.5,0
481,B,Texas A&M,LSU,Marcel Reed,QB,25,20,220.4,2,0,6,0,0.0,0,0,0,0.0,0
481,B,Texas A&M,LSU,Le'Veon Moss,Rusher,0,0,0.0,0,0,0,10,62.7,0,0,0,0.0,0
481,B,Texas A&M,LSU,Amari Daniels,Rusher,0,0,0.0,0,0,0,4,2.4,0,0,0,0.0,0
481,B,Texas A&M,LSU,Rueben Owens,Rusher,0,0,0.0,0,0,0,4,3.5,0,0,0,0.0,0
481,B,Texas A&M,LSU,Marcel Reed,Rusher,0,0,0.0,0,0,0,10,23.6,0,0,0,0.0,0
481,B,Texas A&M,LSU,Miles O'Neill,Rusher,0,0,0.0,0,0,0,2,2.7,0,0,0,0.0,0
481,B,Texas A&M,LSU,Jamarion Morrow,Rusher,0,0,0.0,0,0,0,1,-1.1,0,0,0,0.0,0
481,B,Texas A&M,LSU,E.J. Smith,Rusher,0,0,0.0,0,0,0,1,8.2,0,0,0,0.0,0
481,B,Texas A&M,LSU,Mario Craver,Receiver,0,0,0.0,0,0,0,0,0.0,0,3,5,31.6,0
481,B,Texas A&M,LSU,Other WR,Receiver,0,0,0.0,0,0,0,0,0.0,0,3,5,41.0,0
481,B,Texas A&M,LSU,Ashton Bethel-Roman,Receiver,0,0,0.0,0,0,0,0,0.0,0,3,3,27.2,0
481,B,Texas A&M,LSU,Terry Bussey,Receiver,0,0,0.0,0,0,0,0,0.0,0,2,2,25.2,0
481,B,Texas A&M,LSU,Kevin Concepcion,Receiver,0,0,0.0,0,0,0,0,0.0,0,7,7,65.3,1
481,B,Texas A&M,LSU,Theo Melin Ohrstrom,Receiver,0,0,0.0,0,0,0,0,0.0,0,1,1,9.5,0
481,B,Texas A&M,LSU,Nate Boerkircher,Receiver,0,0,0.0,0,0,0,0,0.0,0,0,1,0.0,0
481,B,Texas A&M,LSU,Amari Niblack,Receiver,0,0,0.0,0,0,0,0,0.0,0,1,1,20.5,1
481,B,LSU,Texas A&M,Garrett Nussmeier,QB,26,18,209.5,1,0,0,0,0.0,0,0,0,0.0,0
481,B,LSU,Texas A&M,Harlem Berry,Rusher,0,0,0.0,0,0,0,6,37.0,0,0,0,0.0,0
481,B,LSU,Texas A&M,Other RB,Rusher,0,0,0.0,0,0,0,4,31.1,1,0,0,0.0,0
481,B,LSU,Texas A&M,Ju'Juan Johnson,Rusher,0,0,0.0,0,0,0,4,13.0,1,0,0,0.0,0
481,B,LSU,Texas A&M,Caden Durham,Rusher,0,0,0.0,0,0,0,15,102.3,1,0,0,0.0,0
481,B,LSU,Texas A&M,Garrett Nussmeier,Rusher,0,0,0.0,0,0,0,1,2.8,0,0,0,0.0,0
481,B,LSU,Texas A&M,Barion Brown,Receiver,0,0,0.0,0,0,0,0,0.0,0,3,5,32.6,1
481,B,LSU,Texas A&M,Zavion Thomas,Receiver,0,0,0.0,0,0,0,0,0.0,0,5,6,63.8,0
481,B,LSU,Texas A&M,Other WR,Receiver,0,0,0.0,0,0,0,0,0.0,0,3,4,29.5,0
481,B,LSU,Texas A&M,Trey'Dez Green,Receiver,0,0,0.0,0,0,0,0,0.0,0,3,4,23.6,0
481,B,LSU,Texas A&M,Bauer Sharp,Receiver,0,0,0.0,0,0,0,0,0.0,0,1,2,5.8,0
481,B,LSU,Texas A&M,Aaron Anderson,Receiver,0,0,0.0,0,0,0,0,0.0,0,2,4,27.0,0
481,B,LSU,Texas A&M,Kyle Parker,Receiver,0,0,0.0,0,0,0,0,0.0,0,1,1,27.3,0
482,A,LSU,Texas A&M,Garrett Nussmeier,QB,21,13,204.8,1,0,2,0,0.0,0,0,0,0.0,0
482,A,LSU,Texas A&M,Caden Durham,Rusher,0,0,0.0,0,0,0,19,66.2,0,0,0,0.0,0
482,A,LSU,Texas A&M,Ju'Juan Johnson,Rusher,0,0,0.0,0,0,0,2,4.4,0,0,0,0.0,0
482,A,LSU,Texas A&M,Harlem Berry,Rusher,0,0,0.0,0,0,0,6,28.9,1,0,0,0.0,0
482,A,LSU,Texas A&M,Kaleb Jackson,Rusher,0,0,0.0,0,0,0,2,4.6,0,0,0,0.0,0
482,A,LSU,Texas A&M,Other RB,Rusher,0,0,0.0,0,0,0,4,28.2,0,0,0,0.0,0
482,A,LSU,Texas A&M,Garrett Nussmeier,Rusher,0,0,0.0,0,0,0,1,2.4,0,0,0,0.0,0
482,A,LSU,Texas A&M,Zavion Thomas,Receiver,0,0,0.0,0,0,0,0,0.0,0,2,4,17.5,0
482,A,LSU,Texas A&M,Barion Brown,Receiver,0,0,0.0,0,0,0,0,0.0,0,3,6,36.7,0
482,A,LSU,Texas A&M,Bauer Sharp,Receiver,0,0,0.0,0,0,0,0,0.0,0,2,3,39.5,0
482,A,LSU,Texas A&M,Aaron Anderson,Receiver,0,0,0.0,0,0,0,0,0.0,0,3,5,43.1,1
482,A,LSU,Texas A&M,Other WR,Receiver,0,0,0.0,0,0,0,0,0.0,0,1,1,42.5,0
482,A,LSU,Texas A&M,Nic Anderson,Receiver,0,0,0.0,0,0,0,0,0.0,0,2,2,25.6,0
482,A,Texas A&M,LSU,Marcel Reed,QB,32,21,230.9,1,0,6,0,0.0,0,0,0,0.0,0
482,A,Texas A&M,LSU,Le'Veon Moss,Rusher,0,0,0.0,0,0,0,11,27.1,0,0,0,0.0,0
482,A,Texas A&M,LSU,Rueben Owens,Rusher,0,0,0.0,0,0,0,3,21.9,0,0,0,0.0,0
482,A,Texas A&M,LSU,Amari Daniels,Rusher,0,0,0.0,0,0,0,4,18.6,0,0,0,0.0,0
482,A,Texas A&M,LSU,Marcel Reed,Rusher,0,0,0.0,0,0,0,2,8.4,0,0,0,0.0,0
482,A,Texas A&M,LSU,E.J. Smith,Rusher,0,0,0.0,0,0,0,2,8.9,0,0,0,0.0,0
482,A,Texas A&M,LSU,Jamarion Morrow,Rusher,0,0,0.0,0,0,0,3,23.8,0,0,0,0.0,0
482,A,Texas A&M,LSU,Miles O'Neill,Rusher,0,0,0.0,0,0,0,2,7.3,0,0,0,0.0,0
482,A,Texas A&M,LSU,Kevin Concepcion,Receiver,0,0,0.0,0,0,0,0,0.0,0,7,12,48.6,0
482,A,Texas A&M,LSU,Other WR,Receiver,0,0,0.0,0,0,0,0,0.0,0,5,5,64.0,0
482,A,Texas A&M,LSU,Terry Bussey,Receiver,0,0,0.0,0,0,0,0,0.0,0,1,3,14.8,0
482,A,Texas A&M,LSU,Mario Craver,Receiver,0,0,0.0,0,0,0,0,0.0,0,4,6,42.2,0
482,A,Texas A&M,LSU,Theo Melin Ohrstrom,Receiver,0,0,0.0,0,0,0,0,0.0,0,2,2,44.2,1
482,A,Texas A&M,LSU,Nate Boerkircher,Receiver,0,0,0.0,0,0,0,0,0.0,0,1,1,5.8,0
482,A,Texas A&M,LSU,Ashton Bethel-Roman,Receiver,0,0,0.0,0,0,0,0,0.0,0,1,3,11.2,0
483,B,Texas A&M,LSU,Marcel Reed,QB,31,23,316.8,1,0,1,0,0.0,0,0,0,0.0,0
483,B,Texas A&M,LSU,Le'Veon Moss,Rusher,0,0,0.0,0,0,0,16,90.3,2,0,0,0.0,0
483,B,Texas A&M,LSU,Rueben Owens,Rusher,0,0,0.0,0,0,0,5,23.4,0,0,0,0.0,0
483,B,Texas A&M,LSU,Marcel Reed,Rusher,0,0,0.0,0,0,0,8,41.4,1,0,0,0.0,0
483,B,Texas A&M,LSU,E.J. Smith,Rusher,0,0,0.0,0,0,0,2,3.4,0,0,0,0.0,0
483,B,Texas A&M,LSU,Amari Daniels,Rusher,0,0,0.0,0,0,0,5,26.4,1,0,0,0.0,0
483,B,Texas A&M,LSU,Jamarion Morrow,Rusher,0,0,0.0,0,0,0,1,0.0,1,0,0,0.0,0
483,B,Texas A&M,LSU,Miles O'Neill,Rusher,0,0,0.0,0,0,0,1,5.7,0,0,0,0.0,0
483,B,Texas A&M,LSU,Other WR,Receiver,0,0,0.0,0,0,0,0,0.0,0,5,6,68.9,0
483,B,Texas A&M,LSU,Mario Craver,Receiver,0,0,0.0,0,0,0,0,0.0,0,5,10,85.1,0
483,B,Texas A&M,LSU,Nate Boerkircher,Receiver,0,0,0.0,0,0,0,0,0.0,0,1,1,19.4,0
483,B,Texas A&M,LSU,Kevin Concepcion,Receiver,0,0,0.0,0,0,0,0,0.0,0,4,5,60.5,0
483,B,Texas A&M,LSU,Theo Melin Ohrstrom,Receiver,0,0,0.0,0,0,0,0,0.0,0,2,2,31.5,0
483,B,Texas A&M,LSU,Ashton Bethel-Roman,Receiver,0,0,0.0,0,0,0,0,0.0,0,2,2,22.2,0
483,B,Texas A&M,LSU,Amari Niblack,Receiver,0,0,0.0,0,0,0,0,0.0,0,1,1,1.7,0
483,B,Texas A&M,LSU,Terry Bussey,Receiver,0,0,0.0,0,0,0,0,0.0,0,3,4,27.6,1
483,B,LSU,Texas A&M,Garrett Nussmeier,QB,25,13,132.5,1,0,4,0,0.0,0,0,0,0.0,0
483,B,LSU,Texas A&M,Other RB,Rusher,0,0,0.0,0,0,0,1,-0.4,0,0,0,0.0,0
483,B,LSU,Texas A&M,Caden Durham,Rusher,0,0,0.0,0,0,0,14,60.8,0,0,0,0.0,0
483,B,LSU,Texas A&M,Ju'Juan Johnson,Rusher,0,0,0.0,0,0,0,5,13.4,1,0,0,0.0,0
483,B,LSU,Texas A&M,Harlem Berry,Rusher,0,0,0.0,0,0,0,4,9.7,0,0,0,0.0,0
483,B,LSU,Texas A&M,Kaleb Jackson,Rusher,0,0,0.0,0,0,0,2,-2.5,0,0,0,0.0,0
483,B,LSU,Texas A&M,Kyle Parker,Receiver,0,0,0.0,0,0,0,0,0.0,0,2,2,4.8,0
483,B,LSU,Texas A&M,Trey'Dez Green,Receiver,0,0,0.0,0,0,0,0,0.0,0,0,3,0.0,0
483,B,LSU,Texas A&M,Zavion Thomas,Receiver,0,0,0.0,0,0,0,0,0.0,0,3,4,32.0,0
483,B,LSU,Texas A&M,Aaron Anderson,Receiver,0,0,0.0,0,0,0,0,0.0,0,1,5,22.1,0
483,B,LSU,Texas A&M,Other WR,Receiver,0,0,0.0,0,0,0,0,0.0,0,1,2,16.6,0
483,B,LSU,Texas A&M,Bauer Sharp,Receiver,0,0,0.0,0,0,0,0,0.0,0,2,3,18.4,0
483,B,LSU,Texas A&M,Nic Anderson,Receiver,0,0,0.0,0,0,0,0,0.0,0,1,1,11.4,0
483,B,LSU,Texas A&M,Barion Brown,Receiver,0,0,0.0,0,0,0,0,0.0,0,3,5,27.1,1
484,A,LSU,Texas A&M,Garrett Nussmeier,QB,34,19,200.6,1,0,5,0,0.0,0,0,0,0.0,0
484,A,LSU,Texas A&M,Caden Durham,Rusher,0,0,0.0,0,0,0,12,61.1,0,0,0,0.0,0
484,A,LSU,Texas A&M,Ju'Juan Johnson,Rusher,0,0,0.0,0,0,0,5,32.5,0,0,0,0.0,0
484,A,LSU,Texas A&M,Other RB,Rusher,0,0,0.0,0,0,0,4,7.5,0,0,0,0.0,0
484,A,LSU,Texas A&M,Garrett Nussmeier,Rusher,0,0,0.0,0,0,0,1,-3.6,0,0,0,0.0,0
484,A,LSU,Texas A&M,Harlem Berry,Rusher,0,0,0.0,0,0,0,6,-12.0,0,0,0,0.0,0
484,A,LSU,Texas A&M,Kaleb Jackson,Rusher,0,0,0.0,0,0,0,1,-0.5,0,0,0,0.0,0
484,A,LSU,Texas A&M,Zavion Thomas,Receiver,0,0,0.0,0,0,0,0,0.0,0,4,7,47.2,0
484,A,LSU,Texas A&M,Nic Anderson,Receiver,0,0,0.0,0,0,0,0,0.0,0,1,4,3.4,0
484,A,LSU,Texas A&M,Trey'Dez Green,Receiver,0,0,0.0,0,0,0,0,0.0,0,1,2,0.0,0
484,A,LSU,Texas A&M,Other WR,Receiver,0,0,0.0,0,0,0,0,0.0,0,0,1,0.0,0
484,A,LSU,Texas A&M,Kyle Parker,Receiver,0,0,0.0,0,0,0,0,0.0,0,1,2,23.4,0
484,A,LSU,Texas A&M,Barion Brown,Receiver,0,0,0.0,0,0,0,0,0.0,0,4,7,40.1,0
484,A,LSU,Texas A&M,Aaron Anderson,Receiver,0,0,0.0,0,0,0,0,0.0,0,6,7,77.0,1
484,A,LSU,Texas A&M,Bauer Sharp,Receiver,0,0,0.0,0,0,0,0,0.0,0,2,3,9.5,0
484,A,LSU,Texas A&M,Chris Hilton Jr.,Receiver,0,0,0.0,0,0,0,0,0.0,0,0,1,0.0,0
484,A,Texas A&M,LSU,Marcel Reed,QB,21,14,139.2,0,0,4,0,0.0,0,0,0,0.0,0
484,A,Texas A&M,LSU,Amari Daniels,Rusher,0,0,0.0,0,0,0,6,10.9,0,0,0,0.0,0
484,A,Texas A&M,LSU,Le'Veon Moss,Rusher,0,0,0.0,0,0,0,11,73.4,2,0,0,0.0,0
484,A,Texas A&M,LSU,Rueben Owens,Rusher,0,0,0.0,0,0,0,3,2.7,0,0,0,0.0,0
484,A,Texas A&M,LSU,Marcel Reed,Rusher,0,0,0.0,0,0,0,6,9.7,1,0,0,0.0,0
484,A,Texas A&M,LSU,Jamarion Morrow,Rusher,0,0,0.0,0,0,0,2,10.3,0,0,0,0.0,0
484,A,Texas A&M,LSU,E.J. Smith,Rusher,0,0,0.0,0,0,0,2,2.1,0,0,0,0.0,0
484,A,Texas A&M,LSU,Miles O'Neill,Rusher,0,0,0.0,0,0,0,1,11.7,0,0,0,0.0,0
484,A,Texas A&M,LSU,Other RB,Rusher,0,0,0.0,0,0,0,1,7.4,0,0,0,0.0,0
484,A,Texas A&M,LSU,Kevin Concepcion,Receiver,0,0,0.0,0,0,0,0,0.0,0,2,5,13.7,0
484,A,Texas A&M,LSU,Nate Boerkircher,Receiver,0,0,0.0,0,0,0,0,0.0,0,1,1,1.2,0
484,A,Texas A&M,LSU,Mario Craver,Receiver,0,0,0.0,0,0,0,0,0.0,0,6,6,45.1,0
484,A,Texas A&M,LSU,Ashton Bethel-Roman,Receiver,0,0,0.0,0,0,0,0,0.0,0,1,1,12.2,0
484,A,Texas A&M,LSU,Terry Bussey,Receiver,0,0,0.0,0,0,0,0,0.0,0,1,2,29.4,0
484,A,Texas A&M,LSU,Amari Niblack,Receiver,0,0,0.0,0,0,0,0,0.0,0,0,2,0.0,0
484,A,Texas A&M,LSU,Theo Melin Ohrstrom,Receiver,0,0,0.0,0,0,0,0,0.0,0,1,1,14.7,0
484,A,Texas A&M,LSU,Other WR,Receiver,0,0,0.0,0,0,0,0,0.0,0,2,3,22.8,0
485,B,Texas A&M,LSU,Marcel Reed,QB,27,13,158.7,1,0,7,0,0.0,0,0,0,0.0,0
485,B,Texas A&M,LSU,Le'Veon Moss,Rusher,0,0,0.0,0,0,0,10,31.5,0,0,0,0.0,0
485,B,Texas A&M,LSU,Amari Daniels,Rusher,0,0,0.0,0,0,0,3,7.2,0,0,0,0.0,0
485,B,Texas A&M,LSU,Marcel Reed,Rusher,0,0,0.0,0,0,0,10,29.2,0,0,0,0.0,0
485,B,Texas A&M,LSU,Rueben Owens,Rusher,0,0,0.0,0,0,0,8,31.2,0,0,0,0.0,0
485,B,Texas A&M,LSU,E.J. Smith,Rusher,0,0,0.0,0,0,0,1,4.6,0,0,0,0.0,0
485,B,Texas A&M,LSU,Kevin Concepcion,Receiver,0,0,0.0,0,0,0,0,0.0,0,3,8,32.2,1
485,B,Texas A&M,LSU,Mario Craver,Receiver,0,0,0.0,0,0,0,0,0.0,0,5,8,62.7,0
485,B,Texas A&M,LSU,Ashton Bethel-Roman,Receiver,0,0,0.0,0,0,0,0,0.0,0,2,2,30.1,0
485,B,Texas A&M,LSU,Other WR,Receiver,0,0,0.0,0,0,0,0,0.0,0,2,4,30.5,0
485,B,Texas A&M,LSU,Terry Bussey,Receiver,0,0,0.0,0,0,0,0,0.0,0,1,3,3.1,0
485,B,Texas A&M,LSU,Amari Niblack,Receiver,0,0,0.0,0,0,0,0,0.0,0,0,0,0.0,0
485,B,Texas A&M,LSU,Theo Melin Ohrstrom,Receiver,0,0,0.0,0,0,0,0,0.0,0,0,1,0.0,0
485,B,Texas A&M,LSU,Nate Boerkircher,Receiver,0,0,0.0,0,0,0,0,0.0,0,0,1,0.0,0
485,B,LSU,Texas A&M,Garrett Nussmeier,QB,24,15,191.2,1,0,3,0,0.0,0,0,0,0.0,0
485,B,LSU,Texas A&M,Kaleb Jackson,Rusher,0,0,0.0,0,0,0,3,0.8,0,0,0,0.0,0
485,B,LSU,Texas A&M,Caden Durham,Rusher,0,0,0.0,0,0,0,14,47.5,1,0,0,0.0,0
485,B,LSU,Texas A&M,Harlem Berry,Rusher,0,0,0.0,0,0,0,4,17.1,0,0,0,0.0,0
485,B,LSU,Texas A&M,Ju'Juan Johnson,Rusher,0,0,0.0,0,0,0,5,26.1,0,0,0,0.0,0
485,B,LSU,Texas A&M,Garrett Nussmeier,Rusher,0,0,0.0,0,0,0,3,16.0,0,0,0,0.0,0
485,B,LSU,Texas A&M,Other RB,Rusher,0,0,0.0,0,0,0,2,9.2,0,0,0,0.0,0
485,B,LSU,Texas A&M,Bauer Sharp,Receiver,0,0,0.0,0,0,0,0,0.0,0,1,3,21.8,0
485,B,LSU,Texas A&M,Chris Hilton Jr.,Receiver,0,0,0.0,0,0,0,0,0.0,0,2,2,34.8,0
485,B,LSU,Texas A&M,Aaron Anderson,Receiver,0,0,0.0,0,0,0,0,0.0,0,4,6,58.2,1
485,B,LSU,Texas A&M,Trey'Dez Green,Receiver,0,0,0.0,0,0,0,0,0.0,0,3,3,42.2,0
485,B,LSU,Texas A&M,Kyle Parker,Receiver,0,0,0.0,0,0,0,0,0.0,0,1,2,5.0,0
485,B,LSU,Texas A&M,Zavion Thomas,Receiver,0,0,0.0,0,0,0,0,0.0,0,0,0,0.0,0
485,B,LSU,Texas A&M,Barion Brown,Receiver,0,0,0.0,0,0,0,0,0.0,0,1,4,0.0,0
485,B,LSU,Texas A&M,Nic Anderson,Receiver,0,0,0.0,0,0,0,0,0.0,0,3,3,29.2,0
485,B,LSU,Texas A&M,Other WR,Receiver,0,0,0.0,0,0,0,0,0.0,0,0,1,0.0,0
486,A,LSU,Texas A&M,Garrett Nussmeier,QB,29,19,219.2,1,0,2,0,0.0,0,0,0,0.0,0
486,A,LSU,Texas A&M,Caden Durham,Rusher,0,0,0.0,0,0,0,16,64.7,1,0,0,0.0,0
486,A,LSU,Texas A&M,Harlem Berry,Rusher,0,0,0.0,0,0,0,5,22.4,0,0,0,0.0,0
486,A,LSU,Texas A&M,Other RB,Rusher,0,0,0.0,0,0,0,8,39.1,0,0,0,0.0,0
486,A,LSU,Texas A&M,Ju'Juan Johnson,Rusher,0,0,0.0,0,0,0,3,19.7,0,0,0,0.0,0
486,A,LSU,Texas A&M,Garrett Nussmeier,Rusher,0,0,0.0,0,0,0,1,9.6,0,0,0,0.0,0
486,A,LSU,Texas A&M,Kaleb Jackson,Rusher,0,0,0.0,0,0,0,3,8.4,0,0,0,0.0,0
486,A,LSU,Texas A&M,Nic Anderson,Receiver,0,0,0.0,0,0,0,0,0.0,0,3,4,28.7,0
486,A,LSU,Texas A&M,Barion Brown,Receiver,0,0,0.0,0,0,0,0,0.0,0,4,4,31.3,0
486,A,LSU,Texas A&M,Aaron Anderson,Receiver,0,0,0.0,0,0,0,0,0.0,0,5,9,70.0,1
486,A,LSU,Texas A&M,Kyle Parker,Receiver,0,0,0.0,0,0,0,0,0.0,0,2,2,34.7,0
486,A,LSU,Texas A&M,Zavion Thomas,Receiver,0,0,0.0,0,0,0,0,0.0,0,1,5,0.0,0
486,A,LSU,Texas A&M,Chris Hilton Jr.,Receiver,0,0,0.0,0,0,0,0,0.0,0,2,2,34.5,0
486,A,LSU,Texas A&M,Trey'Dez Green,Receiver,0,0,0.0,0,0,0,0,0.0,0,2,2,20.0,0
486,A,LSU,Texas A&M,Other WR,Receiver,0,0,0.0,0,0,0,0,0.0,0,0,1,0.0,0
486,A,Texas A&M,LSU,Marcel Reed,QB,25,19,207.0,1,0,5,0,0.0,0,0,0,0.0,0
486,A,Texas A&M,LSU,Jamarion Morrow,Rusher,0,0,0.0,0,0,0,1,5.9,0,0,0,0.0,0
486,A,Texas A&M,LSU,Miles O'Neill,Rusher,0,0,0.0,0,0,0,1,-3.2,0,0,0,0.0,0
486,A,Texas A&M,LSU,Le'Veon Moss,Rusher,0,0,0.0,0,0,0,9,16.9,0,0,0,0.0,0
486,A,Texas A&M,LSU,Amari Daniels,Rusher,0,0,0.0,0,0,0,5,37.2,1,0,0,0.0,0
486,A,Texas A&M,LSU,Rueben Owens,Rusher,0,0,0.0,0,0,0,3,4.2,0,0,0,0.0,0
486,A,Texas A&M,LSU,Marcel Reed,Rusher,0,0,0.0,0,0,0,2,5.7,0,0,0,0.0,0
486,A,Texas A&M,LSU,Other WR,Receiver,0,0,0.0,0,0,0,0,0.0,0,6,7,44.8,0
486,A,Texas A&M,LSU,Mario Craver,Receiver,0,0,0.0,0,0,0,0,0.0,0,4,5,77.9,1
486,A,Texas A&M,LSU,Ashton Bethel-Roman,Receiver,0,0,0.0,0,0,0,0,0.0,0,2,2,6.3,0
486,A,Texas A&M,LSU,Terry Bussey,Receiver,0,0,0.0,0,0,0,0,0.0,0,1,3,4.5,0
486,A,Texas A&M,LSU,Kevin Concepcion,Receiver,0,0,0.0,0,0,0,0,0.0,0,3,3,26.8,0
486,A,Texas A&M,LSU,Amari Niblack,Receiver,0,0,0.0,0,0,0,0,0.0,0,2,2,37.3,0
486,A,Texas A&M,LSU,Nate Boerkircher,Receiver,0,0,0.0,0,0,0,0,0.0,0,1,2,9.4,0
486,A,Texas A&M,LSU,Theo Melin Ohrstrom,Receiver,0,0,0.0,0,0,0,0,0.0,0,0,1,0.0,0
487,B,Texas A&M,LSU,Marcel Reed,QB,13,8,161.1,0,0,4,0,0.0,0,0,0,0.0,0
487,B,Texas A&M,LSU,Le'Veon Moss,Rusher,0,0,0.0,0,0,0,11,23.1,1,0,0,0.0,0
487,B,Texas A&M,LSU,Rueben Owens,Rusher,0,0,0.0,0,0,0,3,11.3,0,0,0,0.0,0
487,B,Texas A&M,LSU,Miles O'Neill,Rusher,0,0,0.0,0,0,0,2,3.6,0,0,0,0.0,0
487,B,Texas A&M,LSU,Marcel Reed,Rusher,0,0,0.0,0,0,0,2,-4.0,0,0,0,0.0,0
487,B,Texas A&M,LSU,Jamarion Morrow,Rusher,0,0,0.0,0,0,0,1,-0.8,0,0,0,0.0,0
487,B,Texas A&M,LSU,Amari Daniels,Rusher,0,0,0.0,0,0,0,3,18.2,0,0,0,0.0,0
487,B,Texas A&M,LSU,E.J. Smith,Rusher,0,0,0.0,0,0,0,1,4.4,0,0,0,0.0,0
487,B,Texas A&M,LSU,Mario Craver,Receiver,0,0,0.0,0,0,0,0,0.0,0,1,4,31.7,0
487,B,Texas A&M,LSU,Terry Bussey,Receiver,0,0,0.0,0,0,0,0,0.0,0,1,2,17.2,0
487,B,Texas A&M,LSU,Kevin Concepcion,Receiver,0,0,0.0,0,0,0,0,0.0,0,2,2,12.0,0
487,B,Texas A&M,LSU,Other WR,Receiver,0,0,0.0,0,0,0,0,0.0,0,2,2,65.0,0
487,B,Texas A&M,LSU,Ashton Bethel-Roman,Receiver,0,0,0.0,0,0,0,0,0.0,0,1,2,6.3,0
487,B,Texas A&M,LSU,Theo Melin Ohrstrom,Receiver,0,0,0.0,0,0,0,0,0.0,0,1,1,29.0,0
487,B,LSU,Texas A&M,Garrett Nussmeier,QB,34,21,289.8,2,0,2,0,0.0,0,0,0,0.0,0
487,B,LSU,Texas A&M,Caden Durham,Rusher,0,0,0.0,0,0,0,26,114.7,1,0,0,0.0,0
487,B,LSU,Texas A&M,Garrett Nussmeier,Rusher,0,0,0.0,0,0,0,3,19.3,1,0,0,0.0,0
487,B,LSU,Texas A&M,Ju'Juan Johnson,Rusher,0,0,0.0,0,0,0,9,53.2,0,0,0,0.0,0
487,B,LSU,Texas A&M,Harlem Berry,Rusher,0,0,0.0,0,0,0,2,14.7,0,0,0,0.0,0
487,B,LSU,Texas A&M,Other RB,Rusher,0,0,0.0,0,0,0,1,3.8,0,0,0,0.0,0
487,B,LSU,Texas A&M,Chris Hilton Jr.,Receiver,0,0,0.0,0,0,0,0,0.0,0,1,3,2.6,0
487,B,LSU,Texas A&M,Other WR,Receiver,0,0,0.0,0,0,0,0,0.0,0,1,2,20.8,1
487,B,LSU,Texas A&M,Bauer Sharp,Receiver,0,0,0.0,0,0,0,0,0.0,0,2,2,18.4,0
487,B,LSU,Texas A&M,Barion Brown,Receiver,0,0,0.0,0,0,0,0,0.0,0,4,6,51.4,1
487,B,LSU,Texas A&M,Trey'Dez Green,Receiver,0,0,0.0,0,0,0,0,0.0,0,4,6,63.6,0
487,B,LSU,Texas A&M,Nic Anderson,Receiver,0,0,0.0,0,0,0,0,0.0,0,2,2,38.2,0
487,B,LSU,Texas A&M,Aaron Anderson,Receiver,0,0,0.0,0,0,0,0,0.0,0,4,8,63.5,0
487,B,LSU,Texas A&M,Kyle Parker,Receiver,0,0,0.0,0,0,0,0,0.0,0,0,2,0.0,0
487,B,LSU,Texas A&M,Zavion Thomas,Receiver,0,0,0.0,0,0,0,0,0.0,0,3,3,31.4,0
488,A,LSU,Texas A&M,Garrett Nussmeier,QB,30,21,165.8,0,0,1,0,0.0,0,0,0,0.0,0
488,A,LSU,Texas A&M,Ju'Juan Johnson,Rusher,0,0,0.0,0,0,0,4,7.7,0,0,0,0.0,0
488,A,LSU,Texas A&M,Harlem Berry,Rusher,0,0,0.0,0,0,0,2,12.2,0,0,0,0.0,0
488,A,LSU,Texas A&M,Caden Durham,Rusher,0,0,0.0,0,0,0,10,28.6,0,0,0,0.0,0
488,A,LSU,Texas A&M,Kaleb Jackson,Rusher,0,0,0.0,0,0,0,2,21.8,1,0,0,0.0,0
488,A,LSU,Texas A&M,Other RB,Rusher,0,0,0.0,0,0,0,1,5.8,0,0,0,0.0,0
488,A,LSU,Texas A&M,Garrett Nussmeier,Rusher,0,0,0.0,0,0,0,1,2.8,0,0,0,0.0,0
488,A,LSU,Texas A&M,Chris Hilton Jr.,Receiver,0,0,0.0,0,0,0,0,0.0,0,3,4,18.4,0
488,A,LSU,Texas A&M,Aaron Anderson,Receiver,0,0,0.0,0,0,0,0,0.0,0,6,8,24.5,0
488,A,LSU,Texas A&M,Other WR,Receiver,0,0,0.0,0,0,0,0,0.0,0,2,2,18.8,0
488,A,LSU,Texas A&M,Kyle Parker,Receiver,0,0,0.0,0,0,0,0,0.0,0,2,4,15.0,0
488,A,LSU,Texas A&M,Barion Brown,Receiver,0,0,0.0,0,0,0,0,0.0,0,0,2,0.0,0
488,A,LSU,Texas A&M,Nic Anderson,Receiver,0,0,0.0,0,0,0,0,0.0,0,3,4,47.6,0
488,A,LSU,Texas A&M,Bauer Sharp,Receiver,0,0,0.0,0,0,0,0,0.0,0,3,4,30.1,0
488,A,LSU,Texas A&M,Zavion Thomas,Receiver,0,0,0.0,0,0,0,0,0.0,0,2,2,11.5,0
488,A,Texas A&M,LSU,Marcel Reed,QB,22,14,150.7,1,0,7,0,0.0,0,0,0,0.0,0
488,A,Texas A&M,LSU,Le'Veon Moss,Rusher,0,0,0.0,0,0,0,13,47.9,0,0,0,0.0,0
488,A,Texas A&M,LSU,Jamarion Morrow,Rusher,0,0,0.0,0,0,0,3,5.2,0,0,0,0.0,0
488,A,Texas A&M,LSU,Miles O'Neill,Rusher,0,0,0.0,0,0,0,2,10.4,0,0,0,0.0,0
488,A,Texas A&M,LSU,Rueben Owens,Rusher,0,0,0.0,0,0,0,4,43.8,0,0,0,0.0,0
488,A,Texas A&M,LSU,Amari Daniels,Rusher,0,0,0.0,0,0,0,8,26.8,0,0,0,0.0,0
488,A,Texas A&M,LSU,Marcel Reed,Rusher,0,0,0.0,0,0,0,6,64.1,1,0,0,0.0,0
488,A,Texas A&M,LSU,E.J. Smith,Rusher,0,0,0.0,0,0,0,1,-1.0,0,0,0,0.0,0
488,A,Texas A&M,LSU,Other WR,Receiver,0,0,0.0,0,0,0,0,0.0,0,3,5,38.0,0
488,A,Texas A&M,LSU,Mario Craver,Receiver,0,0,0.0,0,0,0,0,0.0,0,6,8,57.9,1
488,A,Texas A&M,LSU,Terry Bussey,Receiver,0,0,0.0,0,0,0,0,0.0,0,2,4,29.2,0
488,A,Texas A&M,LSU,Ashton Bethel-Roman,Receiver,0,0,0.0,0,0,0,0,0.0,0,1,1,4.3,0
488,A,Texas A&M,LSU,Nate Boerkircher,Receiver,0,0,0.0,0,0,0,0,0.0,0,0,0,0.0,0
488,A,Texas A&M,LSU,Kevin Concepcion,Receiver,0,0,0.0,0,0,0,0,0.0,0,2,4,21.3,0
489,B,Texas A&M,LSU,Marcel Reed,QB,23,11,153.2,0,0,7,0,0.0,0,0,0,0.0,0
489,B,Texas A&M,LSU,Le'Veon Moss,Rusher,0,0,0.0,0,0,0,8,39.5,1,0,0,0.0,0
489,B,Texas A&M,LSU,E.J. Smith,Rusher,0,0,0.0,0,0,0,4,9.3,0,0,0,0.0,0
489,B,Texas A&M,LSU,Amari Daniels,Rusher,0,0,0.0,0,0,0,9,16.2,0,0,0,0.0,0
489,B,Texas A&M,LSU,Marcel Reed,Rusher,0,0,0.0,0,0,0,2,18.0,0,0,0,0.0,0
489,B,Texas A&M,LSU,Rueben Owens,Rusher,0,0,0.0,0,0,0,4,12.4,0,0,0,0.0,0
489,B,Texas A&M,LSU,Other WR,Receiver,0,0,0.0,0,0,0,0,0.0,0,4,4,71.5,0
489,B,Texas A&M,LSU,Kevin Concepcion,Receiver,0,0,0.0,0,0,0,0,0.0,0,4,7,39.1,0
489,B,Texas A&M,LSU,Theo Melin Ohrstrom,Receiver,0,0,0.0,0,0,0,0,0.0,0,2,2,27.3,0
489,B,Texas A&M,LSU,Mario Craver,Receiver,0,0,0.0,0,0,0,0,0.0,0,0,4,0.0,0
489,B,Texas A&M,LSU,Terry Bussey,Receiver,0,0,0.0,0,0,0,0,0.0,0,1,3,15.2,0
489,B,Texas A&M,LSU,Amari Niblack,Receiver,0,0,0.0,0,0,0,0,0.0,0,0,1,0.0,0
489,B,Texas A&M,LSU,Ashton Bethel-Roman,Receiver,0,0,0.0,0,0,0,0,0.0,0,0,2,0.0,0
489,B,LSU,Texas A&M,Garrett Nussmeier,QB,27,16,108.0,0,0,3,0,0.0,0,0,0,0.0,0
489,B,LSU,Texas A&M,Caden Durham,Rusher,0,0,0.0,0,0,0,19,61.2,1,0,0,0.0,0
489,B,LSU,Texas A&M,Other RB,Rusher,0,0,0.0,0,0,0,4,20.6,0,0,0,0.0,0
489,B,LSU,Texas A&M,Ju'Juan Johnson,Rusher,0,0,0.0,0,0,0,5,20.2,0,0,0,0.0,0
489,B,LSU,Texas A&M,Kaleb Jackson,Rusher,0,0,0.0,0,0,0,3,16.6,0,0,0,0.0,0
489,B,LSU,Texas A&M,Harlem Berry,Rusher,0,0,0.0,0,0,0,1,-1.0,0,0,0,0.0,0
489,B,LSU,Texas A&M,Trey'Dez Green,Receiver,0,0,0.0,0,0,0,0,0.0,0,1,1,8.1,0
489,B,LSU,Texas A&M,Barion Brown,Receiver,0,0,0.0,0,0,0,0,0.0,0,3,7,10.4,0
489,B,LSU,Texas A&M,Kyle Parker,Receiver,0,0,0.0,0,0,0,0,0.0,0,4,4,47.0,0
489,B,LSU,Texas A&M,Aaron Anderson,Receiver,0,0,0.0,0,0,0,0,0.0,0,4,7,26.6,0
489,B,LSU,Texas A&M,Other WR,Receiver,0,0,0.0,0,0,0,0,0.0,0,2,3,14.4,0
489,B,LSU,Texas A&M,Nic Anderson,Receiver,0,0,0.0,0,0,0,0,0.0,0,1,2,0.6,0
489,B,LSU,Texas A&M,Zavion Thomas,Receiver,0,0,0.0,0,0,0,0,0.0,0,1,3,0.8,0
490,A,LSU,Texas A&M,Garrett Nussmeier,QB,34,20,251.2,0,0,1,0,0.0,0,0,0,0.0,0
490,A,LSU,Texas A&M,Caden Durham,Rusher,0,0,0.0,0,0,0,17,50.5,2,0,0,0.0,0
490,A,LSU,Texas A&M,Kaleb Jackson,Rusher,0,0,0.0,0,0,0,1,9.1,0,0,0,0.0,0
490,A,LSU,Texas A&M,Harlem Berry,Rusher,0,0,0.0,0,0,0,6,46.7,0,0,0,0.0,0
490,A,LSU,Texas A&M,Other RB,Rusher,0,0,0.0,0,0,0,5,48.8,2,0,0,0.0,0
490,A,LSU,Texas A&M,Garrett Nussmeier,Rusher,0,0,0.0,0,0,0,2,5.8,0,0,0,0.0,0
490,A,LSU,Texas A&M,Ju'Juan Johnson,Rusher,0,0,0.0,0,0,0,7,71.7,1,0,0,0.0,0
490,A,LSU,Texas A&M,Barion Brown,Receiver,0,0,0.0,0,0,0,0,0.0,0,3,8,51.8,0
490,A,LSU,Texas A&M,Zavion Thomas,Receiver,0,0,0.0,0,0,0,0,0.0,0,3,4,47.3,0
490,A,LSU,Texas A&M,Chris Hilton Jr.,Receiver,0,0,0.0,0,0,0,0,0.0,0,1,1,20.2,0
490,A,LSU,Texas A&M,Aaron Anderson,Receiver,0,0,0.0,0,0,0,0,0.0,0,5,7,24.9,0
490,A,LSU,Texas A&M,Trey'Dez Green,Receiver,0,0,0.0,0,0,0,0,0.0,0,1,3,0.0,0
490,A,LSU,Texas A&M,Bauer Sharp,Receiver,0,0,0.0,0,0,0,0,0.0,0,4,4,49.6,0
490,A,LSU,Texas A&M,Other WR,Receiver,0,0,0.0,0,0,0,0,0.0,0,3,5,57.4,0
490,A,LSU,Texas A&M,Kyle Parker,Receiver,0,0,0.0,0,0,0,0,0.0,0,0,1,0.0,0
490,A,LSU,Texas A&M,Nic Anderson,Receiver,0,0,0.0,0,0,0,0,0.0,0,0,1,0.0,0
490,A,Texas A&M,LSU,Marcel Reed,QB,28,17,160.3,0,0,6,0,0.0,0,0,0,0.0,0
490,A,Texas A&M,LSU,Rueben Owens,Rusher,0,0,0.0,0,0,0,6,31.6,0,0,0,0.0,0
490,A,Texas A&M,LSU,Le'Veon Moss,Rusher,0,0,0.0,0,0,0,5,25.2,0,0,0,0.0,0
490,A,Texas A&M,LSU,Marcel Reed,Rusher,0,0,0.0,0,0,0,3,7.3,0,0,0,0.0,0
490,A,Texas A&M,LSU,Amari Daniels,Rusher,0,0,0.0,0,0,0,4,4.1,0,0,0,0.0,0
490,A,Texas A&M,LSU,E.J. Smith,Rusher,0,0,0.0,0,0,0,1,2.8,0,0,0,0.0,0
490,A,Texas A&M,LSU,Mario Craver,Receiver,0,0,0.0,0,0,0,0,0.0,0,3,4,25.8,0
490,A,Texas A&M,LSU,Nate Boerkircher,Receiver,0,0,0.0,0,0,0,0,0.0,0,2,4,0.0,0
490,A,Texas A&M,LSU,Other WR,Receiver,0,0,0.0,0,0,0,0,0.0,0,5,7,52.9,0
490,A,Texas A&M,LSU,Terry Bussey,Receiver,0,0,0.0,0,0,0,0,0.0,0,2,3,18.2,0
490,A,Texas A&M,LSU,Theo Melin Ohrstrom,Receiver,0,0,0.0,0,0,0,0,0.0,0,0,2,0.0,0
490,A,Texas A&M,LSU,Kevin Concepcion,Receiver,0,0,0.0,0,0,0,0,0.0,0,4,6,60.0,0
490,A,Texas A&M,LSU,Amari Niblack,Receiver,0,0,0.0,0,0,0,0,0.0,0,1,2,3.4,0
491,B,Texas A&M,LSU,Marcel Reed,QB,25,15,143.5,0,0,3,0,0.0,0,0,0,0.0,0
491,B,Texas A&M,LSU,Marcel Reed,Rusher,0,0,0.0,0,0,0,7,32.3,0,0,0,0.0,0
491,B,Texas A&M,LSU,Rueben Owens,Rusher,0,0,0.0,0,0,0,4,17.7,0,0,0,0.0,0
491,B,Texas A&M,LSU,Le'Veon Moss,Rusher,0,0,0.0,0,0,0,13,37.1,0,0,0,0.0,0
491,B,Texas A&M,LSU,Amari Daniels,Rusher,0,0,0.0,0,0,0,8,36.0,1,0,0,0.0,0
491,B,Texas A&M,LSU,E.J. Smith,Rusher,0,0,0.0,0,0,0,1,10.4,0,0,0,0.0,0
491,B,Texas A&M,LSU,Kevin Concepcion,Receiver,0,0,0.0,0,0,0,0,0.0,0,5,6,53.5,0
491,B,Texas A&M,LSU,Mario Craver,Receiver,0,0,0.0,0,0,0,0,0.0,0,7,10,53.8,0
491,B,Texas A&M,LSU,Terry Bussey,Receiver,0,0,0.0,0,0,0,0,0.0,0,0,1,0.0,0
491,B,Texas A&M,LSU,Theo Melin Ohrstrom,Receiver,0,0,0.0,0,0,0,0,0.0,0,1,3,0.5,0
491,B,Texas A&M,LSU,Other WR,Receiver,0,0,0.0,0,0,0,0,0.0,0,2,4,35.7,0
491,B,Texas A&M,LSU,Ashton Bethel-Roman,Receiver,0,0,0.0,0,0,0,0,0.0,0,0,1,0.0,0
491,B,LSU,Texas A&M,Garrett Nussmeier,QB,27,14,189.5,2,0,2,0,0.0,0,0,0,0.0,0
491,B,LSU,Texas A&M,Caden Durham,Rusher,0,0,0.0,0,0,0,16,12.4,0,0,0,0.0,0
491,B,LSU,Texas A&M,Other RB,Rusher,0,0,0.0,0,0,0,3,7.9,0,0,0,0.0,0
491,B,LSU,Texas A&M,Harlem Berry,Rusher,0,0,0.0,0,0,0,3,20.2,0,0,0,0.0,0
491,B,LSU,Texas A&M,Ju'Juan Johnson,Rusher,0,0,0.0,0,0,0,6,37.3,0,0,0,0.0,0
491,B,LSU,Texas A&M,Garrett Nussmeier,Rusher,0,0,0.0,0,0,0,2,4.5,0,0,0,0.0,0
491,B,LSU,Texas A&M,Kyle Parker,Receiver,0,0,0.0,0,0,0,0,0.0,0,1,4,20.9,1
491,B,LSU,Texas A&M,Other WR,Receiver,0,0,0.0,0,0,0,0,0.0,0,2,2,25.9,0
491,B,LSU,Texas A&M,Bauer Sharp,Receiver,0,0,0.0,0,0,0,0,0.0,0,3,6,44.4,0
491,B,LSU,Texas A&M,Barion Brown,Receiver,0,0,0.0,0,0,0,0,0.0,0,2,4,28.5,0
491,B,LSU,Texas A&M,Chris Hilton Jr.,Receiver,0,0,0.0,0,0,0,0,0.0,0,0,1,0.0,0
491,B,LSU,Texas A&M,Trey'Dez Green,Receiver,0,0,0.0,0,0,0,0,0.0,0,0,2,0.0,0
491,B,LSU,Texas A&M,Aaron Anderson,Receiver,0,0,0.0,0,0,0,0,0.0,0,3,4,32.3,0
491,B,LSU,Texas A&M,Zavion Thomas,Receiver,0,0,0.0,0,0,0,0,0.0,0,2,3,13.4,0
491,B,LSU,Texas A&M,Nic Anderson,Receiver,0,0,0.0,0,0,0,0,0.0,0,1,1,24.1,1
492,A,LSU,Texas A&M,Garrett Nussmeier,QB,22,14,167.0,0,0,1,0,0.0,0,0,0,0.0,0
492,A,LSU,Texas A&M,Garrett Nussmeier,Rusher,0,0,0.0,0,0,0,5,26.5,0,0,0,0.0,0
492,A,LSU,Texas A&M,Caden Durham,Rusher,0,0,0.0,0,0,0,20,70.2,2,0,0,0.0,0
492,A,LSU,Texas A&M,Ju'Juan Johnson,Rusher,0,0,0.0,0,0,0,6,34.1,0,0,0,0.0,0
492,A,LSU,Texas A&M,Harlem Berry,Rusher,0,0,0.0,0,0,0,4,51.9,2,0,0,0.0,0
492,A,LSU,Texas A&M,Other RB,Rusher,0,0,0.0,0,0,0,2,8.8,0,0,0,0.0,0
492,A,LSU,Texas A&M,Kaleb Jackson,Rusher,0,0,0.0,0,0,0,1,17.7,1,0,0,0.0,0
492,A,LSU,Texas A&M,Aaron Anderson,Receiver,0,0,0.0,0,0,0,0,0.0,0,2,4,46.9,0
492,A,LSU,Texas A&M,Kyle Parker,Receiver,0,0,0.0,0,0,0,0,0.0,0,2,2,29.2,0
492,A,LSU,Texas A&M,Other WR,Receiver,0,0,0.0,0,0,0,0,0.0,0,2,3,19.0,0
492,A,LSU,Texas A&M,Barion Brown,Receiver,0,0,0.0,0,0,0,0,0.0,0,3,4,28.3,0
492,A,LSU,Texas A&M,Zavion Thomas,Receiver,0,0,0.0,0,0,0,0,0.0,0,1,2,0.0,0
492,A,LSU,Texas A&M,Bauer Sharp,Receiver,0,0,0.0,0,0,0,0,0.0,0,1,2,5.5,0
492,A,LSU,Texas A&M,Trey'Dez Green,Receiver,0,0,0.0,0,0,0,0,0.0,0,3,3,38.1,0
492,A,LSU,Texas A&M,Nic Anderson,Receiver,0,0,0.0,0,0,0,0,0.0,0,0,1,0.0,0
492,A,LSU,Texas A&M,Chris Hilton Jr.,Receiver,0,0,0.0,0,0,0,0,0.0,0,0,1,0.0,0
492,A,Texas A&M,LSU,Marcel Reed,QB,25,18,163.0,1,0,8,0,0.0,0,0,0,0.0,0
492,A,Texas A&M,LSU,Amari Daniels,Rusher,0,0,0.0,0,0,0,2,16.1,0,0,0,0.0,0
492,A,Texas A&M,LSU,Le'Veon Moss,Rusher,0,0,0.0,0,0,0,12,20.8,0,0,0,0.0,0
492,A,Texas A&M,LSU,Marcel Reed,Rusher,0,0,0.0,0,0,0,7,25.0,1,0,0,0.0,0
492,A,Texas A&M,LSU,Jamarion Morrow,Rusher,0,0,0.0,0,0,0,1,4.4,0,0,0,0.0,0
492,A,Texas A&M,LSU,E.J. Smith,Rusher,0,0,0.0,0,0,0,2,9.6,0,0,0,0.0,0
492,A,Texas A&M,LSU,Kevin Concepcion,Receiver,0,0,0.0,0,0,0,0,0.0,0,6,10,47.4,0
492,A,Texas A&M,LSU,Nate Boerkircher,Receiver,0,0,0.0,0,0,0,0,0.0,0,0,0,0.0,0
492,A,Texas A&M,LSU,Ashton Bethel-Roman,Receiver,0,0,0.0,0,0,0,0,0.0,0,3,4,16.3,0
492,A,Texas A&M,LSU,Mario Craver,Receiver,0,0,0.0,0,0,0,0,0.0,0,4,5,22.8,0
492,A,Texas A&M,LSU,Theo Melin Ohrstrom,Receiver,0,0,0.0,0,0,0,0,0.0,0,4,4,56.0,0
492,A,Texas A&M,LSU,Other WR,Receiver,0,0,0.0,0,0,0,0,0.0,0,0,1,0.0,0
492,A,Texas A&M,LSU,Terry Bussey,Receiver,0,0,0.0,0,0,0,0,0.0,0,0,0,0.0,0
492,A,Texas A&M,LSU,Amari Niblack,Receiver,0,0,0.0,0,0,0,0,0.0,0,1,1,20.4,1
493,B,Texas A&M,LSU,Marcel Reed,QB,31,21,207.1,0,0,3,0,0.0,0,0,0,0.0,0
493,B,Texas A&M,LSU,Marcel Reed,Rusher,0,0,0.0,0,0,0,3,20.4,0,0,0,0.0,0
493,B,Texas A&M,LSU,E.J. Smith,Rusher,0,0,0.0,0,0,0,2,-0.3,0,0,0,0.0,0
493,B,Texas A&M,LSU,Le'Veon Moss,Rusher,0,0,0.0,0,0,0,7,8.0,0,0,0,0.0,0
493,B,Texas A&M,LSU,Rueben Owens,Rusher,0,0,0.0,0,0,0,6,39.6,1,0,0,0.0,0
493,B,Texas A&M,LSU,Amari Daniels,Rusher,0,0,0.0,0,0,0,2,-5.9,0,0,0,0.0,0
493,B,Texas A&M,LSU,Jamarion Morrow,Rusher,0,0,0.0,0,0,0,1,21.2,1,0,0,0.0,0
493,B,Texas A&M,LSU,Mario Craver,Receiver,0,0,0.0,0,0,0,0,0.0,0,7,7,74.6,0
493,B,Texas A&M,LSU,Terry Bussey,Receiver,0,0,0.0,0,0,0,0,0.0,0,2,4,24.2,0
493,B,Texas A&M,LSU,Kevin Concepcion,Receiver,0,0,0.0,0,0,0,0,0.0,0,5,7,61.1,0
493,B,Texas A&M,LSU,Ashton Bethel-Roman,Receiver,0,0,0.0,0,0,0,0,0.0,0,2,2,7.6,0
493,B,Texas A&M,LSU,Theo Melin Ohrstrom,Receiver,0,0,0.0,0,0,0,0,0.0,0,1,1,11.7,0
493,B,Texas A&M,LSU,Other WR,Receiver,0,0,0.0,0,0,0,0,0.0,0,4,10,27.9,0
493,B,LSU,Texas A&M,Garrett Nussmeier,QB,20,16,182.5,1,0,2,0,0.0,0,0,0,0.0,0
493,B,LSU,Texas A&M,Caden Durham,Rusher,0,0,0.0,0,0,0,19,118.7,2,0,0,0.0,0
493,B,LSU,Texas A&M,Garrett Nussmeier,Rusher,0,0,0.0,0,0,0,5,9.5,0,0,0,0.0,0
493,B,LSU,Texas A&M,Harlem Berry,Rusher,0,0,0.0,0,0,0,5,30.3,0,0,0,0.0,0
493,B,LSU,Texas A&M,Ju'Juan Johnson,Rusher,0,0,0.0,0,0,0,4,17.5,0,0,0,0.0,0
493,B,LSU,Texas A&M,Kaleb Jackson,Rusher,0,0,0.0,0,0,0,3,13.8,0,0,0,0.0,0
493,B,LSU,Texas A&M,Other RB,Rusher,0,0,0.0,0,0,0,2,19.5,1,0,0,0.0,0
493,B,LSU,Texas A&M,Trey'Dez Green,Receiver,0,0,0.0,0,0,0,0,0.0,0,1,1,4.4,0
493,B,LSU,Texas A&M,Aaron Anderson,Receiver,0,0,0.0,0,0,0,0,0.0,0,5,6,61.8,1
493,B,LSU,Texas A&M,Barion Brown,Receiver,0,0,0.0,0,0,0,0,0.0,0,3,4,21.8,0
493,B,LSU,Texas A&M,Other WR,Receiver,0,0,0.0,0,0,0,0,0.0,0,2,2,38.2,0
493,B,LSU,Texas A&M,Nic Anderson,Receiver,0,0,0.0,0,0,0,0,0.0,0,2,3,6.7,0
493,B,LSU,Texas A&M,Kyle Parker,Receiver,0,0,0.0,0,0,0,0,0.0,0,1,2,18.8,0
493,B,LSU,Texas A&M,Bauer Sharp,Receiver,0,0,0.0,0,0,0,0,0.0,0,1,1,16.6,0
493,B,LSU,Texas A&M,Chris Hilton Jr.,Receiver,0,0,0.0,0,0,0,0,0.0,0,1,1,14.3,0
494,A,LSU,Texas A&M,Garrett Nussmeier,QB,25,14,141.4,0,0,2,0,0.0,0,0,0,0.0,0
494,A,LSU,Texas A&M,Caden Durham,Rusher,0,0,0.0,0,0,0,17,65.0,1,0,0,0.0,0
494,A,LSU,Texas A&M,Harlem Berry,Rusher,0,0,0.0,0,0,0,3,23.9,0,0,0,0.0,0
494,A,LSU,Texas A&M,Kaleb Jackson,Rusher,0,0,0.0,0,0,0,1,18.3,1,0,0,0.0,0
494,A,LSU,Texas A&M,Ju'Juan Johnson,Rusher,0,0,0.0,0,0,0,7,29.1,1,0,0,0.0,0
494,A,LSU,Texas A&M,Garrett Nussmeier,Rusher,0,0,0.0,0,0,0,1,9.9,0,0,0,0.0,0
494,A,LSU,Texas A&M,Other RB,Rusher,0,0,0.0,0,0,0,1,0.5,0,0,0,0.0,0
494,A,LSU,Texas A&M,Kyle Parker,Receiver,0,0,0.0,0,0,0,0,0.0,0,2,3,2.6,0
494,A,LSU,Texas A&M,Barion Brown,Receiver,0,0,0.0,0,0,0,0,0.0,0,1,4,10.7,0
494,A,LSU,Texas A&M,Aaron Anderson,Receiver,0,0,0.0,0,0,0,0,0.0,0,1,3,0.0,0
494,A,LSU,Texas A&M,Zavion Thomas,Receiver,0,0,0.0,0,0,0,0,0.0,0,2,3,31.4,0
494,A,LSU,Texas A&M,Nic Anderson,Receiver,0,0,0.0,0,0,0,0,0.0,0,2,4,17.3,0
494,A,LSU,Texas A&M,Bauer Sharp,Receiver,0,0,0.0,0,0,0,0,0.0,0,3,3,41.0,0
494,A,LSU,Texas A&M,Trey'Dez Green,Receiver,0,0,0.0,0,0,0,0,0.0,0,2,3,8.5,0
494,A,LSU,Texas A&M,Other WR,Receiver,0,0,0.0,0,0,0,0,0.0,0,1,2,29.9,0
494,A,Texas A&M,LSU,Marcel Reed,QB,30,19,284.9,2,0,4,0,0.0,0,0,0,0.0,0
494,A,Texas A&M,LSU,Le'Veon Moss,Rusher,0,0,0.0,0,0,0,18,62.6,0,0,0,0.0,0
494,A,Texas A&M,LSU,Rueben Owens,Rusher,0,0,0.0,0,0,0,4,19.9,0,0,0,0.0,0
494,A,Texas A&M,LSU,Marcel Reed,Rusher,0,0,0.0,0,0,0,5,15.9,1,0,0,0.0,0
494,A,Texas A&M,LSU,Amari Daniels,Rusher,0,0,0.0,0,0,0,3,15.0,0,0,0,0.0,0
494,A,Texas A&M,LSU,Kevin Concepcion,Receiver,0,0,0.0,0,0,0,0,0.0,0,5,9,41.8,1
494,A,Texas A&M,LSU,Terry Bussey,Receiver,0,0,0.0,0,0,0,0,0.0,0,1,2,13.7,0
494,A,Texas A&M,LSU,Nate Boerkircher,Receiver,0,0,0.0,0,0,0,0,0.0,0,1,2,25.0,0
494,A,Texas A&M,LSU,Mario Craver,Receiver,0,0,0.0,0,0,0,0,0.0,0,4,6,38.7,0
494,A,Texas A&M,LSU,Other WR,Receiver,0,0,0.0,0,0,0,0,0.0,0,4,6,92.6,1
494,A,Texas A&M,LSU,Theo Melin Ohrstrom,Receiver,0,0,0.0,0,0,0,0,0.0,0,1,1,24.7,0
494,A,Texas A&M,LSU,Ashton Bethel-Roman,Receiver,0,0,0.0,0,0,0,0,0.0,0,2,3,33.0,0
494,A,Texas A&M,LSU,Amari Niblack,Receiver,0,0,0.0,0,0,0,0,0.0,0,1,1,15.4,0
495,B,Texas A&M,LSU,Marcel Reed,QB,23,15,214.5,1,0,7,0,0.0,0,0,0,0.0,0
495,B,Texas A&M,LSU,E.J. Smith,Rusher,0,0,0.0,0,0,0,3,10.6,0,0,0,0.0,0
495,B,Texas A&M,LSU,Marcel Reed,Rusher,0,0,0.0,0,0,0,6,39.1,0,0,0,0.0,0
495,B,Texas A&M,LSU,Amari Daniels,Rusher,0,0,0.0,0,0,0,7,22.5,1,0,0,0.0,0
495,B,Texas A&M,LSU,Rueben Owens,Rusher,0,0,0.0,0,0,0,5,21.9,0,0,0,0.0,0
495,B,Texas A&M,LSU,Le'Veon Moss,Rusher,0,0,0.0,0,0,0,6,13.3,0,0,0,0.0,0
495,B,Texas A&M,LSU,Miles O'Neill,Rusher,0,0,0.0,0,0,0,1,9.0,0,0,0,0.0,0
495,B,Texas A&M,LSU,Amari Niblack,Receiver,0,0,0.0,0,0,0,0,0.0,0,2,3,0.0,0
495,B,Texas A&M,LSU,Mario Craver,Receiver,0,0,0.0,0,0,0,0,0.0,0,2,5,48.8,0
495,B,Texas A&M,LSU,Terry Bussey,Receiver,0,0,0.0,0,0,0,0,0.0,0,1,1,18.9,0
495,B,Texas A&M,LSU,Kevin Concepcion,Receiver,0,0,0.0,0,0,0,0,0.0,0,6,8,102.6,1
495,B,Texas A&M,LSU,Other WR,Receiver,0,0,0.0,0,0,0,0,0.0,0,3,3,44.2,0
495,B,Texas A&M,LSU,Ashton Bethel-Roman,Receiver,0,0,0.0,0,0,0,0,0.0,0,1,2,0.0,0
495,B,Texas A&M,LSU,Theo Melin Ohrstrom,Receiver,0,0,0.0,0,0,0,0,0.0,0,0,1,0.0,0
495,B,LSU,Texas A&M,Garrett Nussmeier,QB,29,19,156.2,1,0,1,0,0.0,0,0,0,0.0,0
495,B,LSU,Texas A&M,Caden Durham,Rusher,0,0,0.0,0,0,0,10,79.9,1,0,0,0.0,0
495,B,LSU,Texas A&M,Ju'Juan Johnson,Rusher,0,0,0.0,0,0,0,6,25.9,0,0,0,0.0,0
495,B,LSU,Texas A&M,Garrett Nussmeier,Rusher,0,0,0.0,0,0,0,2,10.6,0,0,0,0.0,0
495,B,LSU,Texas A&M,Kaleb Jackson,Rusher,0,0,0.0,0,0,0,2,12.5,0,0,0,0.0,0
495,B,LSU,Texas A&M,Harlem Berry,Rusher,0,0,0.0,0,0,0,6,6.0,0,0,0,0.0,0
495,B,LSU,Texas A&M,Other RB,Rusher,0,0,0.0,0,0,0,5,24.4,0,0,0,0.0,0
495,B,LSU,Texas A&M,Bauer Sharp,Receiver,0,0,0.0,0,0,0,0,0.0,0,2,4,29.9,1
495,B,LSU,Texas A&M,Barion Brown,Receiver,0,0,0.0,0,0,0,0,0.0,0,3,5,7.8,0
495,B,LSU,Texas A&M,Trey'Dez Green,Receiver,0,0,0.0,0,0,0,0,0.0,0,4,5,35.3,0
495,B,LSU,Texas A&M,Kyle Parker,Receiver,0,0,0.0,0,0,0,0,0.0,0,0,3,0.0,0
495,B,LSU,Texas A&M,Aaron Anderson,Receiver,0,0,0.0,0,0,0,0,0.0,0,7,7,60.6,0
495,B,LSU,Texas A&M,Zavion Thomas,Receiver,0,0,0.0,0,0,0,0,0.0,0,1,2,13.0,0
495,B,LSU,Texas A&M,Chris Hilton Jr.,Receiver,0,0,0.0,0,0,0,0,0.0,0,0,0,0.0,0
495,B,LSU,Texas A&M,Other WR,Receiver,0,0,0.0,0,0,0,0,0.0,0,2,3,9.6,0
